version https://git-lfs.github.com/spec/v1
oid sha256:abec403f8ccf96408c48aa1e757b00ddf2a744704a283ce3d317c81d5f250b56
size 201891
