userId,movieId,predictedRating
4070,260,4.5515814
4070,1247,4.345802
4070,2028,4.2166777
4070,3006,4.052397
4070,1639,3.8661256
4070,1374,3.778315
4070,3571,3.5966744
4070,1722,3.4256248
4070,380,3.4140599
4070,3704,3.017912
4070,377,2.8911152
4070,780,2.7439806
4070,3247,2.6718807
4070,1676,2.1819532
5172,2692,3.9905756
5172,1193,3.9840517
5172,923,3.9769235
5172,1090,3.973955
5172,2973,3.9590988
5172,3359,3.9230266
5172,232,3.9133434
5172,969,3.9081497
5172,1242,3.9017153
5172,2732,3.8696983
5172,778,3.8417168
5172,296,3.8318722
5172,1537,3.8133945
5172,1784,3.8027105
5172,1282,3.7081728
5172,110,3.674785
5172,223,3.663985
5172,2968,3.6610432
5172,1392,3.6366093
5172,1517,3.6148753
5172,2866,3.5699697
5172,3060,3.569499
5172,21,3.560061
5172,509,3.5586338
5172,2599,3.5576625
5172,3831,3.552365
5172,156,3.5429146
5172,3897,3.50051
5172,3176,3.4871454
5172,2239,3.439028
5172,515,3.4273047
5172,1094,3.4251814
5172,1187,3.3896692
5172,708,3.374118
5172,141,3.3139124
5172,2273,3.3108459
5172,3684,3.2112086
5172,2424,3.17707
5172,587,3.1218781
5172,317,2.976595
5172,1552,2.9399304
5172,410,2.8022325
5172,3534,2.5943985
5172,327,2.5395925
5172,305,2.451734
5172,146,2.3460536
3317,1212,4.998706
3317,2571,4.888749
3317,2330,4.750402
3317,1097,4.5035143
3317,1923,4.4413314
3317,1127,4.2486534
3317,1909,4.131711
3317,1377,3.3773208
3317,737,1.8461974
1800,908,4.955309
1800,1256,4.7525625
1800,2396,4.740293
1800,913,4.6495414
1800,246,4.6415887
1800,1294,4.483146
1800,1291,4.4564843
1800,3160,4.270239
1800,441,4.2503176
1800,2087,4.24462
1800,2137,4.231352
1800,1580,4.2096806
1800,1907,4.112007
1800,2081,4.0857
1800,3034,4.0157256
1800,2058,3.9786053
1800,180,3.9644883
1800,507,3.9543877
1800,377,3.945036
1800,3255,3.9443512
1800,333,3.9281783
1800,3535,3.8870354
1800,1385,3.6144965
1800,2334,3.0880764
1800,1479,2.9259262
1800,438,2.6810985
1800,3113,2.6004515
1800,2835,2.5666087
1800,160,1.932611
1956,2761,4.131856
1956,3624,3.505631
1956,362,3.4048758
1956,3827,3.3531027
1956,3040,3.2269268
1956,1688,2.956163
1956,1848,2.6706233
2304,2762,4.4305925
2304,910,4.285783
2304,3035,4.249157
2304,912,4.2301226
2304,3578,4.1845264
2304,3735,4.100243
2304,733,4.0931387
2304,3811,4.0661125
2304,2662,4.0156274
2304,3451,3.9997582
2304,3510,3.9972837
2304,1301,3.987249
2304,11,3.979752
2304,3044,3.9790316
2304,1296,3.9783313
2304,162,3.9641805
2304,3844,3.951222
2304,1305,3.938861
2304,474,3.9253016
2304,1608,3.9114377
2304,1376,3.9088829
2304,1271,3.9009023
2304,2393,3.8940022
2304,104,3.8825624
2304,805,3.8415413
2304,3361,3.839833
2304,2972,3.8323157
2304,2236,3.8279982
2304,1124,3.8160508
2304,1754,3.7665532
2304,2527,3.761545
2304,3658,3.7602472
2304,1912,3.7499516
2304,2085,3.7447295
2304,3060,3.7361372
2304,2539,3.7245362
2304,2247,3.7227254
2304,3249,3.7171648
2304,2476,3.7152274
2304,1480,3.7151258
2304,292,3.7147913
2304,3186,3.7105207
2304,2617,3.7086577
2304,1589,3.707382
2304,2311,3.702787
2304,85,3.6489944
2304,2363,3.6396644
2304,1918,3.6371098
2304,1792,3.6227365
2304,999,3.6139543
2304,2840,3.5927548
2304,1488,3.5919216
2304,2862,3.5870326
2304,2321,3.570383
2304,22,3.565596
2304,2471,3.5650778
2304,2291,3.5601618
2304,151,3.5557196
2304,2378,3.5491407
2304,1003,3.544947
2304,2136,3.5444896
2304,1676,3.543841
2304,1690,3.5274806
2304,95,3.5117803
2304,31,3.5092342
2304,2400,3.5047624
2304,2613,3.5031345
2304,2428,3.4713562
2304,2369,3.4672067
2304,20,3.4521985
2304,1726,3.445324
2304,1388,3.402314
2304,2719,3.3945174
2304,1626,3.3918056
2304,485,3.3757598
2304,1744,3.3742979
2304,849,3.3322663
2304,761,3.2843218
2304,3031,3.2321608
2304,405,3.1953323
2304,2807,3.0161548
2304,3593,2.9089289
3312,50,3.915613
3312,457,3.655406
3312,3006,3.6394339
3312,1036,3.621695
3312,1218,3.590026
3312,1097,3.5891643
3312,1961,3.5571027
3312,1258,3.5168643
3312,1210,3.5104675
3312,356,3.4195976
3312,2721,3.3795037
3312,2966,3.377115
3312,1243,3.347988
3312,3671,3.3343446
3312,3783,3.3240848
3312,2858,3.3227797
3312,2273,3.3005347
3312,2797,3.282837
3312,377,3.2762103
3312,3916,3.2505994
3312,1784,3.2278361
3312,3087,3.216975
3312,2231,3.191439
3312,3255,3.169317
3312,1633,3.166111
3312,648,3.1566448
3312,597,3.1492996
3312,1073,3.14446
3312,3253,3.1406443
3312,3870,3.1264422
3312,3358,3.072012
3312,3812,3.0421798
3312,3328,3.0317526
3312,2137,3.0185237
3312,736,2.9915118
3312,1307,2.980078
3312,1268,2.951528
3312,2140,2.9247534
3312,3745,2.9222689
3312,1479,2.9207642
3312,2064,2.914301
3312,2195,2.9111192
3312,2736,2.887545
3312,1569,2.8779826
3312,1049,2.8761556
3312,465,2.8391304
3312,2106,2.8120399
3312,2683,2.8026223
3312,3264,2.7941093
3312,2672,2.7462249
3312,1866,2.7136035
3312,112,2.6362207
3312,3436,2.5471098
3312,2142,2.5445774
3312,2641,2.543678
3312,435,2.5176742
3312,2245,2.4974947
3312,3535,2.4504445
3312,2712,2.4398925
3312,2657,2.4280157
3312,3243,2.4154985
3312,2598,2.3977375
3312,1503,2.2594001
3312,1971,2.2438884
3312,1373,2.2249796
3312,2558,2.2102892
3312,3273,2.0427809
3312,405,2.0308816
3312,2719,1.9530551
3312,2004,1.9163878
3312,2385,1.8690541
3312,193,1.6826656
3312,762,1.6644506
1764,1304,4.664011
1764,1291,4.6099014
1764,2302,4.52292
1764,589,4.465476
1764,474,4.425272
1764,3552,4.3767996
1764,3082,4.3638163
1764,1356,4.3590283
1764,2193,4.3407483
1764,1641,4.32265
1764,441,4.318295
1764,2881,4.3114524
1764,39,4.3087673
1764,3178,4.2998896
1764,377,4.299532
1764,1912,4.2978067
1764,562,4.2805495
1764,1385,4.2563715
1764,2249,4.2468195
1764,2089,4.227661
1764,3755,4.2084565
1764,3917,4.208357
1764,1476,4.18417
1764,3020,4.1839914
1764,60,4.1747017
1764,996,4.170087
1764,376,4.1511884
1764,1375,4.1479483
1764,1441,4.143234
1764,511,4.1357803
1764,785,4.13097
1764,1644,4.130822
1764,172,4.128359
1764,808,4.1132464
1764,494,4.1107454
1764,204,4.1102366
1764,3247,4.102907
1764,366,4.0926304
1764,1488,4.0806646
1764,2683,4.0693846
1764,1526,4.056651
1764,2587,4.051342
1764,742,4.0418863
1764,2500,4.0325565
1764,1744,4.019245
1764,3614,4.014899
1764,2107,3.9897883
1764,2468,3.9877815
1764,2642,3.9790044
1764,1975,3.977363
1764,415,3.9765239
1764,484,3.968689
1764,1983,3.9650953
1764,3190,3.948992
1764,1869,3.9414804
1764,2448,3.9265177
1764,2296,3.9257147
1764,2748,3.9234662
1764,1911,3.9062665
1764,1091,3.8962092
1764,1431,3.8951218
1764,2525,3.8741894
1764,3802,3.7813063
1764,737,3.7348585
1764,1389,3.561585
885,246,4.4432945
885,150,4.3976655
885,356,4.2695208
885,2268,4.247975
885,1580,4.207736
885,1356,4.089355
885,2140,4.0326414
885,780,4.000326
5924,1214,4.312001
5924,2944,4.297595
5924,1954,4.1507797
5924,480,4.103915
5924,1370,4.0159855
5924,2529,3.9957342
5924,2763,3.852687
5924,2985,3.6447031
5924,3404,3.637912
5924,163,3.6359382
2853,1136,4.4724207
2853,1269,4.1941414
2853,2599,4.0955567
2853,838,3.9503448
2853,1285,3.5437198
2853,39,3.3784065
1241,2762,4.7959437
1241,2791,4.512381
1241,3510,4.496169
1241,1784,4.484
1241,2359,4.4490614
1241,2391,4.4386067
1241,3052,4.375453
1241,2081,4.3601317
1241,2908,4.330179
1241,2700,4.3051286
1241,356,4.2873206
1241,3751,4.2861595
1241,3555,4.267456
1241,2718,4.129415
1241,3744,4.0952983
1241,367,4.056507
1241,3511,3.9544597
1241,2622,3.9132557
1241,2809,3.840042
1241,3454,3.825461
3533,2571,4.1485376
3533,17,3.8384912
3533,2302,3.6809921
3533,1408,3.656659
3533,474,3.6152115
3533,1094,3.5224369
3533,2006,3.3146067
3533,1056,3.1190212
595,2890,4.122356
595,1885,3.980465
595,45,3.7738822
595,648,3.5790114
595,516,3.2343812
1291,260,4.5829287
1291,1193,4.524447
1291,954,4.3719134
1291,1225,4.3178277
1291,1213,4.299203
1291,1288,4.222681
1291,3741,4.213356
1291,356,4.2125797
1291,1096,4.118516
1291,3090,4.1117506
1291,1292,4.0852594
1291,3949,4.0763106
1291,508,4.044941
1291,1394,4.0309134
1291,1080,4.0283766
1291,3019,4.0143523
1291,1721,3.9743757
1291,1635,3.9399028
1291,1095,3.931189
1291,3210,3.8320441
1291,2912,3.6975036
1291,2348,3.6884396
1291,351,3.504601
1291,3176,3.4463944
1291,661,3.4131117
1291,849,2.5040936
3726,260,4.6122537
3726,745,4.4362154
3726,296,4.4113297
3726,1617,4.2690034
3726,1200,4.226101
3726,1291,4.097063
3726,1199,4.09414
3726,2716,3.8754394
3726,3039,3.8526318
3726,1921,3.8402596
3726,357,3.7983432
3726,2000,3.780525
3726,3087,3.7323978
3726,3052,3.698145
3726,671,3.693015
3726,1120,3.644865
3726,733,3.5631964
3726,2706,3.5627365
3726,2628,3.5430775
3726,2985,3.5408401
3726,2470,3.5025797
3726,1376,3.4902835
3726,1597,3.4419332
3726,3070,3.4364514
3726,2232,3.4346163
3726,780,3.4238014
3726,2275,3.2612977
3726,1375,3.2466507
3726,3704,3.2296257
3726,1385,3.1433392
3726,1320,3.127996
3726,89,3.1269674
3726,317,3.0775256
3726,736,3.058026
3726,2402,2.9822195
3726,2699,2.9371805
3726,327,2.908362
3726,653,2.8256629
3726,379,2.6437767
3726,2808,2.6280649
3726,2986,2.599919
3726,1831,2.5917835
3726,153,2.5662093
3652,2571,4.3044767
3652,2858,4.2249613
3652,3481,4.016676
3652,480,3.984367
3652,1210,3.9599936
3652,1301,3.8897738
3652,539,3.872288
3652,3751,3.838524
3652,2353,3.7949839
3652,3512,3.7656074
3652,2108,3.725996
3652,3253,3.6789763
3652,39,3.6651168
3652,1653,3.6272511
3652,2700,3.6010776
3652,2278,3.5817604
3652,45,3.4778838
3652,653,3.425775
3652,1701,3.3876739
3652,3176,3.3502817
3652,1320,3.3211863
3652,1425,3.2472425
3652,70,3.131525
3652,172,3.0586782
3652,3785,2.9720426
3652,2328,2.959867
3652,1379,2.9292138
3652,466,2.8768237
3652,2808,2.6370585
1509,2571,3.9267628
1509,1196,3.8975823
1509,110,3.8185406
1509,2997,3.7603385
1509,356,3.698176
1509,3481,3.6727526
1509,1089,3.6098855
1509,1845,3.6015632
1509,2716,3.6006722
1509,1097,3.5835843
1509,2302,3.563169
1509,2791,3.5252886
1509,3793,3.4845622
1509,1732,3.4702156
1509,2706,3.4635098
1509,1748,3.3777523
1509,2294,3.2489436
1509,198,3.2088096
1509,1673,3.192728
1509,2572,3.1820076
1509,1753,3.1314778
1509,2641,3.123056
1509,2841,2.9961088
1509,1717,2.9369345
1509,24,2.8809044
1509,2561,2.7694004
1509,240,2.5993922
1509,2399,2.5706487
1509,3316,2.555252
1509,1882,2.3266125
1509,332,2.207683
1509,3662,2.1522522
1509,612,2.0139158
1509,2701,1.9795164
1509,3354,1.9636364
1509,2807,1.5082752
4593,1225,3.9247165
4593,1449,3.8822122
4593,1956,3.8507957
4593,2997,3.811338
4593,2313,3.8102188
4593,3507,3.800486
4593,1097,3.784545
4593,1245,3.7835822
4593,1907,3.6538327
4593,590,3.6307287
4593,1663,3.5929766
4593,3668,3.5898662
4593,3822,3.5799966
4593,1305,3.5751052
4593,1094,3.5169315
4593,1684,3.488335
4593,1730,3.4695363
4593,3252,3.4665756
4593,261,3.429254
4593,2690,3.3963616
4593,3111,3.394649
4593,2801,3.2465696
4593,43,3.2056794
4593,2245,3.1845129
4593,1441,3.1832132
4593,230,3.152881
4593,2671,3.0334604
4593,2012,2.8583329
4593,3247,2.717878
4593,3053,2.7026703
752,296,4.168379
752,1196,4.0812235
752,3683,3.9873056
752,1147,3.9826217
752,3462,3.9796338
752,1537,3.9412994
752,593,3.9408953
752,556,3.915835
752,2575,3.892576
752,1,3.8375235
752,1269,3.8042529
752,110,3.7615619
752,1307,3.7423527
752,1060,3.7318735
752,3152,3.722833
752,1214,3.7150922
752,1282,3.714881
752,3859,3.7047215
752,1185,3.6994612
752,16,3.6295712
752,3747,3.6167712
752,1392,3.5771744
752,2076,3.5679474
752,1914,3.5637708
752,2303,3.5398295
752,1921,3.5393164
752,2071,3.5246
752,3100,3.5080943
752,1183,3.4813948
752,3271,3.4597764
752,1357,3.459493
752,2716,3.4137151
752,1057,3.3900514
752,3556,3.3894398
752,2022,3.3551576
752,3681,3.3486526
752,1188,3.3287244
752,3039,3.325477
752,3476,3.3023267
752,2108,3.2968311
752,2596,3.2882376
752,1083,3.287015
752,1298,3.247067
752,2174,3.1597676
752,161,3.1522956
752,3480,3.0980392
752,3893,3.0435758
752,3251,2.9757586
752,3448,2.9622848
752,269,2.9521852
752,1758,2.9075608
752,288,2.8772829
752,3740,2.8440113
752,242,2.80336
752,2766,2.729203
752,2294,2.6893392
752,383,2.6404054
752,1672,2.6375196
752,1405,2.6300766
752,3554,2.5892527
752,1399,2.588468
752,268,2.5710835
752,2470,2.5058997
752,3005,2.4984624
752,597,2.488619
752,3115,2.4665694
752,316,2.4326324
752,2617,2.4261756
752,3753,2.4233766
752,282,2.3385565
752,3,2.3254406
752,852,2.3139648
752,3791,2.2792645
752,2356,2.2563138
752,410,2.1961875
752,2405,2.1863487
752,2792,2.1764536
752,3262,2.1708932
752,1569,2.1680403
752,605,2.1539733
752,2506,2.1387956
752,3264,2.122474
752,2496,2.0307677
752,2262,1.9834273
752,1876,1.9609178
752,2421,1.8530142
752,3254,1.851278
752,2385,1.7743562
752,788,1.7587732
752,1483,1.7553698
752,195,1.752548
752,2806,1.7258343
752,2505,1.6912405
752,3717,1.6548917
752,3355,1.5964959
752,2950,1.5325705
752,3616,1.53023
752,415,1.436746
752,2827,1.425545
752,1003,1.3745084
752,88,1.2955925
752,2120,1.2924668
752,2715,1.2420151
752,1561,1.2377973
655,1233,3.714663
655,1213,3.6146686
655,2571,3.6006324
655,246,3.6005752
655,1394,3.5853803
655,1228,3.5712597
655,1230,3.531794
655,1041,3.4742758
655,1080,3.4473271
655,1704,3.4414406
655,3481,3.3837569
655,2918,3.378991
655,2318,3.309189
655,2973,3.2459402
655,1289,3.239379
655,474,3.1967473
655,2686,3.192873
655,3677,3.1813393
655,1188,3.1703591
655,3271,3.1099472
655,2427,3.1035926
655,509,3.0999417
655,2150,3.0814981
655,1968,3.019919
655,1050,2.999001
655,2437,2.7371953
655,1777,2.6230583
655,222,2.6039948
655,2112,2.393486
655,1511,2.3579807
655,3107,2.2504854
655,2014,2.0443857
655,2420,2.0341146
655,2430,1.9608965
655,1479,1.8260831
655,3489,1.631943
655,444,1.3047051
2424,1270,3.6739001
2424,589,3.6696982
2424,551,3.53481
2424,2137,3.4665222
2424,2161,3.4068723
2424,1127,3.3941486
2424,1653,3.3671126
2424,733,3.3452015
2424,3107,3.2144265
2424,1573,3.1441975
2424,2856,2.7464204
2424,185,2.700183
2424,1591,2.3679156
4308,318,4.377939
4308,1960,3.883504
4308,2947,3.88176
4308,2706,3.7851696
4308,1957,3.6650832
4308,3623,3.135895
4308,2490,3.0955865
4308,2976,3.0458755
4308,3515,3.0215135
4308,3324,2.4189675
4611,912,4.282241
4611,2324,4.070616
4611,58,3.895442
4611,497,3.8855302
4611,47,3.8720047
4611,446,3.852387
4611,1270,3.8312626
4611,1960,3.8117347
4611,1265,3.7718775
4611,2336,3.7700617
4611,308,3.7426596
4611,3079,3.7320008
4611,17,3.7195435
4611,778,3.6942372
4611,223,3.675386
4611,3044,3.640213
4611,150,3.6366577
4611,1641,3.6060545
4611,1962,3.6008618
4611,16,3.5919318
4611,1968,3.5463088
4611,249,3.53356
4611,2916,3.4121842
4611,3386,3.3788052
4611,2700,3.3726535
4611,3176,3.343329
4611,647,3.3127217
4611,45,3.2964363
4611,3261,3.1544216
4611,1645,3.0955055
4611,2424,3.0909321
4611,537,3.010569
4611,3263,2.9801836
4611,2002,2.6968744
4611,1676,2.595358
4611,2803,2.5821102
4611,674,2.476029
4611,1835,2.4413083
4611,2907,1.6798652
2887,50,4.4244127
2887,1197,4.1513987
2887,1449,4.11329
2887,1200,4.042717
2887,1291,3.9970136
2887,1617,3.9841034
2887,2804,3.9803076
2887,1358,3.9369378
2887,1036,3.9064867
2887,3328,3.7606978
2887,1376,3.7532253
2887,3868,3.7499182
2887,34,3.7140503
2887,1625,3.65523
2887,3793,3.6463335
2887,610,3.6452746
2887,2764,3.6230433
2887,216,3.6118922
2887,21,3.6084204
2887,2989,3.601551
2887,1596,3.5928574
2887,3052,3.5919914
2887,2671,3.5880456
2887,3635,3.586062
2887,2021,3.5686307
2887,1370,3.566709
2887,2617,3.5578868
2887,837,3.5448115
2887,1587,3.527599
2887,832,3.5274467
2887,2106,3.4912543
2887,3250,3.4897883
2887,3247,3.476569
2887,86,3.4508715
2887,2712,3.4415054
2887,2405,3.392389
2887,3698,3.3874454
2887,3869,3.3712127
2887,1616,3.3373759
2887,786,3.3353903
2887,1429,3.3269334
2887,3,3.2476628
2887,765,3.1553185
2887,1438,3.0434833
2887,2375,3.0070171
2887,2421,2.952324
2887,1388,2.9015114
2887,191,2.8825762
2887,1969,2.3457177
4854,260,4.402606
4854,1212,4.3131557
4854,3365,4.1233616
4854,1206,4.0669975
4854,3334,4.0245104
4854,914,3.954299
4854,1947,3.946822
4854,1946,3.8799274
4854,3061,3.8422337
4854,594,3.8330476
4854,356,3.8192704
4854,1094,3.7899938
4854,938,3.7040834
4854,2361,3.3954408
4854,1416,3.3592582
4854,3247,3.16927
1891,969,4.1929283
1891,1287,4.0190067
1891,3451,3.9098861
1891,2908,3.8455124
1891,3168,3.7766824
1891,265,3.7304761
1891,2529,3.7070603
1891,1527,3.6876411
1891,223,3.6733663
1891,2333,3.6650171
1891,3494,3.621525
1891,610,3.5622175
1891,2009,3.5601366
1891,431,3.5361452
1891,2407,3.4862232
1891,2985,3.4838355
1891,3020,3.471239
1891,2013,3.4611104
1891,3070,3.4387043
1891,3033,3.4269183
1891,316,3.4239922
1891,198,3.4034257
1891,648,3.402109
1891,2617,3.375814
1891,2598,3.0573764
1891,2,3.0527902
1891,1603,2.5126212
1891,19,2.498658
1891,2827,2.4423268
1891,438,2.3723679
1891,736,2.1580088
1891,3432,1.9556476
1891,2392,1.9228845
4704,1196,3.3921304
4704,955,3.2522657
4704,2018,2.8382432
4704,62,2.8278918
4704,2138,2.8254042
4704,3175,2.824484
4704,2288,2.8192966
4704,1610,2.809584
4704,2115,2.7718134
4704,1356,2.76517
4704,2080,2.7280164
4704,1022,2.6967618
4704,364,2.6899898
4704,2137,2.6235762
4704,2105,2.5727751
4704,1127,2.5626376
4704,2617,2.5457413
4704,507,2.5152807
4704,3591,2.4421191
4704,2078,2.434385
4704,2413,2.431954
4704,2946,2.4239383
4704,3296,2.4180093
4704,2457,2.4038048
4704,1937,2.3956554
4704,338,2.3847554
4704,2527,2.3794298
4704,2048,2.3226857
4704,802,2.2883015
4704,2124,2.247703
4704,277,2.1730285
4704,423,2.1444845
4704,3197,2.0477586
4704,2530,1.9631946
4704,3,1.7487128
4704,3258,1.7196388
4704,3804,1.5932939
4704,793,1.4534386
4704,810,1.2056209
2427,326,4.608327
2427,2959,4.4258013
2427,594,4.1064234
2427,2690,4.089512
2427,3594,3.7403343
2427,3883,3.3931134
2405,1247,4.1164746
2405,3671,4.0919094
2405,1270,3.9774075
2405,1721,3.8465257
2405,1082,3.8224072
2405,1101,3.8099766
2405,3494,3.7057343
2405,2470,3.666191
2405,1378,3.566801
2405,3688,3.0957866
4400,11,4.4806647
4400,2125,4.381481
4400,2291,4.1054378
4400,1777,4.006461
4400,2297,3.7172732
4400,1353,3.671273
4400,270,3.5350196
424,1207,4.762473
424,527,4.7290998
424,750,4.661646
424,541,4.56349
424,916,4.5444717
424,1219,4.5339136
424,951,4.527195
424,3469,4.514807
424,2726,4.506728
424,3462,4.503145
424,1172,4.495384
424,3198,4.493772
424,955,4.4739704
424,928,4.4365234
424,3360,4.4330497
424,2997,4.384061
424,1931,4.3761916
424,1240,4.351121
424,599,4.348413
424,1274,4.3182626
424,915,4.3019133
424,1,4.2761927
424,1246,4.2739325
424,1261,4.273385
424,3498,4.2708216
424,2761,4.2459
424,2848,4.233343
424,902,4.2283087
424,3416,4.20786
424,1923,4.204364
424,628,4.1787577
424,3499,4.174844
424,1955,4.1743937
424,2080,4.15082
424,3104,4.1465917
424,2243,4.136822
424,1610,4.122379
424,3328,4.113632
424,2398,4.1039815
424,892,4.102988
424,493,4.0879946
424,2739,4.084455
424,2096,4.083646
424,2078,4.0695024
424,1345,4.0497756
424,25,4.0291576
424,3052,4.026503
424,3702,4.024031
424,3480,4.019643
424,2140,4.0010667
424,3253,4.000837
424,2099,3.9920754
424,431,3.968902
424,1081,3.9578195
424,2321,3.9565742
424,2178,3.9528065
424,3479,3.9394326
424,2991,3.9208467
424,1653,3.9140172
424,3812,3.8982446
424,647,3.887296
424,3676,3.8846753
424,1014,3.8729568
424,3556,3.8721414
424,3087,3.8485548
424,253,3.8116493
424,3298,3.7826009
424,2155,3.7742763
424,3478,3.7622848
424,22,3.7412894
424,2232,3.7381773
424,3186,3.7358482
424,3809,3.732823
424,2539,3.7160037
424,3081,3.7078416
424,3649,3.7065635
424,1597,3.6996014
424,2409,3.6921153
424,3414,3.690257
424,2134,3.672099
424,780,3.6708472
424,2613,3.6040664
424,2560,3.6020992
424,2124,3.5995815
424,372,3.5689454
424,3300,3.5683784
424,3711,3.551775
424,1573,3.5041733
424,317,3.4989939
424,2054,3.4909666
424,3194,3.4782417
424,1627,3.477734
424,2554,3.4613676
424,2263,3.3941994
424,725,3.3920603
424,2722,3.3614988
424,517,3.3119211
424,1894,3.289854
424,511,3.2359776
424,662,3.21778
424,303,3.21334
424,1327,3.199131
424,2524,3.1551065
424,788,3.1373515
424,2789,3.133567
424,237,3.1237884
424,177,3.0973556
424,3208,3.0966315
424,1342,3.0905387
424,2259,3.0641232
424,466,3.037456
424,2091,3.0346823
424,2792,3.017599
424,3937,3.0175881
424,2411,2.958045
424,2526,2.9461973
424,3715,2.9136186
424,2121,2.8397713
424,2042,2.7442265
424,1779,2.7250123
424,3017,2.6337345
424,1752,2.542787
424,3802,2.5223398
424,3766,2.2937384
424,160,2.2136192
424,3043,1.912343
424,3767,1.9064244
424,3919,1.8542138
424,1336,1.8324308
424,432,1.675997
3562,923,4.209729
3562,2571,4.197834
3562,2329,4.1808295
3562,1066,4.1549644
3562,1136,4.1366806
3562,541,4.1011934
3562,1104,4.0669007
3562,1961,4.011176
3562,1387,3.991162
3562,1270,3.9510121
3562,356,3.9149234
3562,34,3.8928075
3562,2467,3.8891869
3562,1060,3.8761392
3562,265,3.8681388
3562,3148,3.8230872
3562,11,3.8200343
3562,590,3.8141093
3562,1584,3.7660341
3562,2000,3.751624
3562,1641,3.750369
3562,2144,3.7384484
3562,1729,3.7275589
3562,3499,3.7226999
3562,3256,3.7140079
3562,2542,3.6964028
3562,1542,3.6620889
3562,1777,3.6616662
3562,2353,3.6560597
3562,1184,3.6414742
3562,2166,3.619007
3562,3244,3.5818954
3562,2348,3.5706801
3562,2463,3.5581503
3562,18,3.5519438
3562,2167,3.5444899
3562,3145,3.5357203
3562,1573,3.525581
3562,2753,3.5007968
3562,3186,3.499164
3562,3882,3.4498076
3562,1033,3.4400394
3562,2193,3.4351933
3562,802,3.4313462
3562,2261,3.3475423
3562,3450,3.3440604
3562,2263,3.3222342
3562,3308,3.288776
3562,1747,3.2858267
3562,450,3.259428
3562,423,3.2029555
3562,1974,3.1853585
3562,3113,3.145953
3562,2369,3.1317756
3562,2558,3.0948257
3562,1690,3.027978
3562,2471,3.0171947
3562,79,2.9786725
3562,3130,2.7455626
3562,2385,2.658484
3562,2458,2.6479607
3562,2122,2.6289983
3562,3453,2.6015885
3562,2450,2.597989
3562,2982,2.510052
3562,3442,2.4631631
3562,2798,2.4448023
3562,1998,2.374833
3562,1972,2.3118725
3334,2762,4.3617706
3334,2028,4.300471
3334,1358,4.281011
3334,3246,4.005745
3334,474,3.9283404
3334,3060,3.9231768
3334,1061,3.8030925
3334,7,3.731845
3334,431,3.6853495
3334,1517,3.6139278
3334,266,3.5881686
3334,2844,3.4835806
847,1276,4.0199575
847,2997,3.9000401
847,2289,3.741695
847,1073,3.6831303
847,2716,3.5264246
847,2321,3.4747615
847,2081,3.4519556
4510,2762,3.8818483
4510,1207,3.8379848
4510,1221,3.7462246
4510,1213,3.7435932
4510,2501,3.6996748
4510,953,3.6979108
4510,3435,3.6821177
4510,2028,3.6795905
4510,1198,3.6595583
4510,1267,3.5753343
4510,2858,3.5647068
4510,1283,3.5541308
4510,457,3.5348887
4510,3363,3.4913282
4510,1301,3.4838996
4510,1201,3.4780483
4510,2791,3.4749925
4510,2728,3.4661803
4510,3006,3.449429
4510,2194,3.409959
4510,1266,3.380861
4510,3728,3.368799
4510,3198,3.358552
4510,2871,3.3574436
4510,1834,3.3542237
4510,3498,3.3509128
4510,2359,3.3272529
4510,1694,3.2734234
4510,915,3.270657
4510,2599,3.270227
4510,1955,3.2534919
4510,3448,3.252492
4510,2687,3.2460654
4510,2268,3.2324739
4510,1929,3.1833363
4510,17,3.1664953
4510,1017,3.158692
4510,1096,3.145041
4510,941,3.1158752
4510,3788,3.0915766
4510,3379,3.0899515
4510,3093,3.0839982
4510,949,3.0806048
4510,1729,3.050739
4510,329,3.048822
4510,3844,3.048799
4510,2376,3.0468762
4510,2087,3.0435905
4510,3763,3.0300388
4510,2915,3.0286489
4510,3591,3.0206068
4510,2182,3.0136936
4510,3167,3.0130713
4510,2527,3.0129542
4510,3274,2.998923
4510,3736,2.998095
4510,2058,2.9912124
4510,3678,2.9788072
4510,982,2.9729848
4510,2551,2.9658532
4510,2707,2.9324815
4510,674,2.925853
4510,1688,2.9123423
4510,13,2.906085
4510,1019,2.9025216
4510,2657,2.8933225
4510,3199,2.890125
4510,2581,2.8810778
4510,2457,2.870591
4510,2942,2.8683777
4510,1676,2.8605778
4510,2572,2.8386152
4510,2111,2.8168447
4510,3552,2.7991729
4510,1507,2.7984495
4510,1894,2.7740178
4510,3755,2.7690122
4510,3113,2.7457066
4510,1647,2.7453887
4510,3586,2.7401283
4510,3414,2.7220397
4510,2560,2.7168612
4510,2402,2.7143939
4510,1717,2.7125285
4510,748,2.7105165
4510,145,2.703928
4510,2033,2.7038095
4510,2091,2.703685
4510,1690,2.7016757
4510,2672,2.6974344
4510,89,2.6874826
4510,2717,2.6614137
4510,2475,2.6573799
4510,107,2.63867
4510,1791,2.6176293
4510,2724,2.6036372
4510,2095,2.58298
4510,2059,2.5542579
4510,2405,2.548616
4510,2802,2.52119
4510,366,2.5096123
4510,2561,2.4693158
4510,1779,2.4643204
4510,2032,2.4536614
4510,2471,2.441501
4510,2121,2.4163792
4510,2713,2.4089844
4510,2524,2.3992407
4510,303,2.397347
4510,2279,2.3864422
4510,3708,2.3585265
4510,1513,2.3457224
4510,2379,2.330432
4510,2241,2.3289213
4510,2119,2.3068936
4510,436,2.2331517
4510,711,2.1888568
4510,836,2.1716838
4510,415,2.170666
4510,420,2.0951602
4510,888,2.0798867
4510,1862,2.009766
4510,485,1.9997852
4510,2950,1.9970818
4510,1972,1.987141
4510,885,1.9853466
4510,79,1.9422607
4510,87,1.9179497
4510,2410,1.8732729
4510,2868,1.8055941
4510,2450,1.7726208
4510,2477,1.7662902
2032,3927,3.777092
2032,1372,3.7621727
2032,2533,3.6907556
2032,2367,3.527947
4387,318,4.1775136
4387,903,3.78868
4387,1198,3.7542126
4387,1237,3.713634
4387,905,3.695933
4387,969,3.6896052
4387,1235,3.653771
4387,1247,3.6470485
4387,1961,3.5909152
4387,1208,3.5906422
4387,1079,3.588335
4387,3037,3.5656664
4387,2612,3.5424335
4387,1940,3.5143068
4387,262,3.5071123
4387,1271,3.5057395
4387,1682,3.466061
4387,1370,3.4584475
4387,1954,3.4374695
4387,440,3.436314
4387,2728,3.4278364
4387,1387,3.4229922
4387,110,3.4186177
4387,3675,3.4163532
4387,2085,3.4108753
4387,1396,3.4053261
4387,1446,3.4019036
4387,2268,3.3899148
4387,635,3.3843384
4387,1094,3.3799908
4387,1230,3.3651023
4387,62,3.3648224
4387,2690,3.3605926
4387,2553,3.356949
4387,531,3.3428407
4387,3028,3.3378646
4387,2137,3.3373559
4387,2820,3.3298113
4387,3072,3.3086987
4387,2077,3.2746468
4387,2100,3.2630224
4387,1441,3.2521734
4387,971,3.24717
4387,1035,3.24654
4387,3699,3.2457163
4387,2431,3.2344627
4387,3466,3.2106147
4387,2640,3.2054782
4387,252,3.187515
4387,421,3.161213
4387,1033,3.1598587
4387,2469,3.1445346
4387,3040,3.1030278
4387,2496,3.0990002
4387,2107,3.098892
4387,434,3.0920906
4387,351,3.087534
4387,3477,3.0760643
4387,2641,3.069065
4387,1888,3.0672035
4387,3809,3.0625205
4387,2699,3.0586877
4387,364,3.054426
4387,3725,3.0192707
4387,2145,3.0102925
4387,2634,3.0034587
4387,3264,2.9669209
4387,2378,2.957181
4387,217,2.7470822
4387,2710,2.7056355
4387,879,2.58204
4387,2142,2.5689104
4387,1021,2.5575883
4387,2162,2.373857
4387,1373,2.334257
4387,2720,2.020984
4387,258,2.008643
4387,1595,1.6855471
4261,1221,4.2053547
4261,1287,3.9979148
4261,1210,3.9309597
4261,588,3.6877446
4261,2366,3.6412547
4261,2529,3.586613
4261,507,3.5613294
4261,1587,3.5445776
4261,2989,3.5237741
4261,349,3.5029387
4261,2001,3.471467
4261,2013,3.3697584
4261,1129,3.334218
4261,2405,3.27386
4261,1918,3.1891832
4261,552,3.1652362
4261,2421,2.8834448
4261,2170,2.8326802
4261,2642,2.674839
4261,172,2.6667736
4261,379,2.6205812
4261,420,2.5307996
4261,673,2.2654667
4261,1499,2.1563926
4261,1882,2.1210346
4261,2643,2.0547574
3391,922,5.101113
3391,858,5.1008554
3391,904,5.0866528
3391,2762,4.898312
3391,1221,4.8928933
3391,1234,4.854171
3391,1219,4.789715
3391,1036,4.701278
3391,2918,4.659666
3391,590,4.6471705
3391,29,4.6353292
3391,1674,4.6175637
3391,2917,4.597925
3391,581,4.586603
3391,971,4.581358
3391,2959,4.579924
3391,1946,4.561215
3391,2352,4.5247774
3391,1077,4.5238085
3391,1097,4.523302
3391,176,4.50821
3391,1302,4.4857073
3391,1282,4.4715834
3391,373,4.423192
3391,1050,4.41844
3391,2795,4.393842
3391,2580,4.3925667
3391,1732,4.3738437
3391,3527,4.350748
3391,1641,4.3499813
3391,1639,4.347913
3391,2391,4.3463683
3391,448,4.334061
3391,180,4.328696
3391,25,4.3276577
3391,538,4.3248196
3391,1188,4.3226953
3391,3266,4.3207045
3391,1845,4.2935114
3391,1321,4.278193
3391,2662,4.2677507
3391,3396,4.25192
3391,1921,4.2440414
3391,280,4.2379947
3391,1034,4.2368784
3391,3793,4.212252
3391,1376,4.2057285
3391,3613,4.205044
3391,2321,4.1900682
3391,161,4.187018
3391,2065,4.176076
3391,26,4.1721163
3391,1580,4.111971
3391,2518,4.097425
3391,205,4.08739
3391,104,4.0631313
3391,1554,4.051835
3391,2463,4.04615
3391,3261,4.0419073
3391,3948,4.0344486
3391,2407,4.019617
3391,1747,4.0135045
3391,2141,3.9980047
3391,2474,3.9973516
3391,2867,3.9855657
3391,2245,3.9780755
3391,2433,3.956153
3391,764,3.9354002
3391,2476,3.9233146
3391,1711,3.9150763
3391,3699,3.9111638
3391,1454,3.9076076
3391,1351,3.9027388
3391,1614,3.8521764
3391,648,3.8453186
3391,1895,3.8400156
3391,2889,3.839605
3391,316,3.8368354
3391,3882,3.8356628
3391,3107,3.8326116
3391,358,3.82122
3391,224,3.803732
3391,2002,3.785158
3391,1620,3.7826917
3391,3863,3.759484
3391,3036,3.7438312
3391,2262,3.7316473
3391,586,3.6596131
3391,3619,3.6449645
3391,3701,3.5635338
3391,605,3.5504246
3391,24,3.5000505
3391,1191,3.4934072
3391,1016,3.4920573
3391,31,3.4849186
3391,3444,3.4739068
3391,370,3.452676
3391,3761,3.4328308
3391,1371,3.4085665
3391,1355,3.4038725
3391,3518,3.389327
3391,3500,3.3787525
3391,1409,3.334495
3391,1391,3.3147635
3391,3672,3.2912357
3391,2367,3.283619
3391,2400,3.2247033
3391,3258,3.2142465
3391,550,3.102682
3391,1373,3.1017375
3391,3497,3.0865939
3391,2253,3.0736012
3391,1687,2.9945335
3391,259,2.9926572
3391,1043,2.9894195
3391,3909,2.9772422
3391,2615,2.9412398
3391,275,2.9333472
3391,459,2.8732157
3391,2091,2.8445761
3391,2044,2.8024235
3391,312,2.8020976
3391,564,2.7580736
3391,1526,2.5635338
3391,3063,2.4592621
3391,71,2.3593233
3391,694,2.2835865
3391,1562,2.176948
3391,3646,2.1247132
3391,2868,2.0733495
3391,3391,2.0594673
3391,505,2.04077
3391,815,1.8138831
3391,1862,1.7991884
3391,3031,1.7784206
3391,374,1.7497222
3391,2449,1.5423667
3391,2382,1.539827
3391,2799,1.2445216
2986,1299,4.184591
2986,1197,4.173655
2986,2360,4.1408625
2986,1358,4.105791
2986,3683,4.077979
2986,1036,4.0260463
2986,3006,4.0024056
2986,296,3.9068484
2986,1307,3.8887448
2986,2575,3.877564
2986,2739,3.8467035
2986,1238,3.827484
2986,1571,3.7611928
2986,1302,3.73604
2986,373,3.7180233
2986,3067,3.7169554
2986,2150,3.7019458
2986,2302,3.692133
2986,2130,3.688027
2986,247,3.68608
2986,1885,3.678922
2986,3920,3.6729932
2986,3613,3.664024
2986,1678,3.6635823
2986,1694,3.658668
2986,2442,3.643437
2986,1732,3.6431851
2986,2391,3.6336212
2986,194,3.6301417
2986,483,3.6278558
2986,2750,3.6272295
2986,3536,3.603782
2986,171,3.6015682
2986,1699,3.5727286
2986,342,3.5344563
2986,1794,3.4852295
2986,348,3.481558
2986,235,3.4561114
2986,2985,3.4408588
2986,3250,3.4223137
2986,507,3.4194734
2986,2539,3.4170544
2986,1339,3.4145594
2986,3270,3.403107
2986,2065,3.4015336
2986,225,3.3834326
2986,2583,3.3833573
2986,352,3.333792
2986,1480,3.324765
2986,3712,3.3067539
2986,288,3.2919135
2986,2417,3.291719
2986,168,3.285831
2986,567,3.257691
2986,3422,3.2479076
2986,1483,3.2430902
2986,3649,3.1276104
2986,2735,3.113416
2986,2432,3.1019301
2986,1841,3.0428424
2986,1409,3.0228868
2986,2829,2.9716618
2986,3325,2.863976
2986,2712,2.8077562
2986,1894,2.776917
2986,2379,2.6048162
4258,1196,4.531945
4258,1225,4.4563017
4258,1283,4.4326067
4258,3114,4.346039
4258,2692,4.305325
4258,457,4.280455
4258,1944,4.2311788
4258,1080,4.217161
4258,2948,4.1001177
4258,2359,4.0979996
4258,2081,4.0411663
4258,3751,4.008081
4258,1210,3.9996006
4258,440,3.9718041
4258,2302,3.9560945
4258,3397,3.9420085
4258,474,3.8824294
4258,2423,3.7853708
4258,1580,3.77682
4258,539,3.7550097
4258,2108,3.7371018
4258,1042,3.644583
4258,708,3.6228912
4258,785,3.6122322
4258,57,3.6121562
4258,597,3.554053
4258,3618,3.4893723
4258,2245,3.484131
4258,1385,3.4304333
4258,2759,3.3748248
4258,2718,3.3617678
4258,2416,3.3441331
4258,1689,3.3419929
4258,517,3.288889
4258,2641,3.1576548
4258,344,3.0915864
4258,3301,3.0547576
4258,48,2.8185976
4258,2095,2.7140615
4258,2410,2.4877427
4258,1373,2.3409278
4258,3841,2.147479
5598,1036,4.345772
5598,1961,4.2783413
5598,3911,4.1648955
5598,2797,4.1648717
5598,364,4.043256
5598,1994,3.986959
5598,1580,3.9779804
5598,39,3.8296502
5598,2700,3.7915816
5598,708,3.7057452
5598,3701,3.5538142
5598,1779,3.535544
5598,3697,3.4453676
2792,318,3.8577745
2792,2115,3.32184
2792,2987,3.2755399
2792,1608,3.2121508
2792,474,3.208749
2792,1968,3.1518803
2792,647,3.1258326
2792,3450,3.0462708
2792,2541,3.0023782
2792,1753,2.9170804
2792,1954,2.9113848
2792,3917,2.9015489
2792,481,2.862382
2792,1183,2.8567288
2792,333,2.8546166
2792,1552,2.795378
2792,252,2.6798964
2792,2012,2.6182265
2792,1488,2.558177
2792,1969,1.7629092
4445,3000,3.4337924
4445,2966,3.3612552
4445,2791,3.320623
4445,3044,3.2665434
4445,3429,3.2540016
4445,1354,3.0875463
4445,2746,3.0153775
4445,361,2.7766268
4445,3744,2.7107906
4445,3556,2.5394535
4445,3846,2.5173774
4445,736,2.3817976
4445,3864,2.3744137
4445,3826,2.2533972
4445,3709,1.4689872
4053,858,4.407839
4053,1193,4.329869
4053,1234,4.210048
4053,1358,4.137289
4053,1617,4.10926
4053,111,4.0978327
4053,1090,4.064736
4053,1247,4.036001
4053,1387,4.017
4053,1294,4.0140038
4053,1956,3.9761176
4053,1275,3.9670255
4053,3471,3.9591372
4053,32,3.952175
4053,1230,3.9391816
4053,1161,3.9144328
4053,3654,3.8718429
4053,16,3.8641763
4053,6,3.8558397
4053,3505,3.8230765
4053,1732,3.8135881
4053,2922,3.7995315
4053,2138,3.7703547
4053,1350,3.7678542
4053,2000,3.7130306
4053,1295,3.69939
4053,1527,3.6849208
4053,2288,3.6283927
4053,3703,3.6069837
4053,3639,3.605362
4053,851,3.5471807
4053,99,3.5377843
4053,1173,3.5103226
4053,1580,3.5089188
4053,2929,3.505633
4053,2403,3.4976015
4053,733,3.4553216
4053,2540,3.4137602
4053,1031,3.38778
4053,2414,3.381457
4053,1135,3.3580084
4053,1334,3.3558612
4053,2002,3.2769663
4053,3791,3.1934724
4053,1024,3.1884384
4053,3725,3.0948768
4053,1779,2.9925969
4053,1999,2.9104652
4053,533,2.7678409
4053,1009,2.6550348
4053,1382,2.5055385
4053,2411,2.5053391
4053,2421,2.4449825
4053,1744,2.3069756
3192,2858,4.6528864
3192,47,4.6148715
3192,1704,4.5933704
3192,356,4.4781456
3192,589,4.439782
3192,1060,4.3737764
3192,1527,4.324848
3192,1584,4.312235
3192,1396,4.3120613
3192,62,4.273304
3192,1517,4.244134
3192,592,4.167349
3192,785,4.0194025
3192,2335,3.9174047
3192,2105,3.9040942
3192,2616,3.1904626
3192,3616,3.0834827
5954,1233,4.713446
5954,1272,4.6510444
5954,1252,4.632487
5954,926,4.610579
5954,2804,4.569856
5954,1198,4.5204177
5954,1084,4.5120583
5954,1248,4.48812
5954,2329,4.471675
5954,3359,4.468553
5954,1089,4.4234805
5954,1358,4.355817
5954,1209,4.317214
5954,924,4.292968
5954,3462,4.2870617
5954,541,4.283581
5954,800,4.269451
5954,3360,4.258651
5954,1246,4.257906
5954,3334,4.2328777
5954,3039,4.2172413
5954,1294,4.2146473
5954,943,4.177043
5954,3545,4.164194
5954,1090,4.160672
5954,1150,4.1423416
5954,2565,4.1279716
5954,300,4.0737867
5954,233,4.0673704
5954,3210,4.0519834
5954,2109,4.0258512
5954,1663,4.0151396
5954,3606,3.9972303
5954,1994,3.958155
5954,2750,3.9200213
5954,373,3.8855622
5954,2968,3.8382583
5954,3418,3.7871866
5954,353,3.7689633
5954,893,3.7273102
5954,3476,3.7146873
5954,2301,3.7128732
5954,2985,3.6927829
5954,2528,3.6616545
5954,3527,3.6475377
5954,2406,3.6459527
5954,2661,3.644177
5954,1396,3.5890682
5954,2736,3.5799224
5954,1082,3.565963
5954,2989,3.5659254
5954,1378,3.4920158
5954,1584,3.4537098
5954,597,3.4330943
5954,1216,3.4159276
5954,592,3.3806157
5954,2240,3.3791952
5954,1339,3.3628888
5954,1027,3.3223438
5954,2013,3.2874928
5954,1441,3.2522037
5954,2699,3.1806498
5954,2079,3.1739032
5954,3141,3.0761945
5954,468,3.056529
5954,2362,3.0360107
5954,3040,3.0267198
5954,780,2.9000251
5954,1597,2.8987422
5954,1391,2.8469052
5954,1009,2.7803695
5954,2554,2.600499
5954,2377,2.5599546
5954,2369,2.5361142
5954,2297,2.5328796
5954,2519,2.5181026
5954,3445,2.511229
5954,1390,2.4803653
5954,3103,2.4752772
5954,1676,2.3902245
5954,485,2.2549613
5954,3388,2.2517312
5954,3438,2.1875334
5954,2106,2.1798263
5954,3489,2.153207
5954,2038,2.0415707
5954,2328,2.0071115
5954,2808,1.8269014
5954,3130,1.7516414
5954,2460,1.6039401
5954,1979,1.5305303
5954,2903,1.5069494
5954,546,1.4884124
5954,1969,1.4767646
5954,2643,1.44034
5954,255,1.3202561
5954,2515,1.2534919
3975,1291,4.0906568
3975,2804,4.0778117
3975,1304,4.0500574
3975,2918,4.0082827
3975,1240,3.8993812
3975,1625,3.8696666
3975,2716,3.7890725
3975,902,3.7888494
3975,553,3.7606847
3975,3552,3.6355414
3975,3526,3.5067537
3975,1079,3.3185499
3975,358,3.1714423
3975,3785,3.1170192
2950,1036,3.7548056
2950,17,3.695212
2950,838,3.6163428
2950,1680,3.4013867
2950,1408,3.3609316
2950,1777,3.0477383
2950,2046,2.883673
2950,2846,2.818716
2950,88,2.805273
2950,3786,2.680345
2950,1894,2.5436926
2950,2558,2.5297844
4946,912,4.395757
4946,1204,4.3737364
4946,1212,4.320334
4946,1252,4.23361
4946,3196,4.1998305
4946,111,4.109707
4946,2973,4.081399
4946,1258,4.033469
4946,457,3.9940524
4946,914,3.993841
4946,1947,3.9588442
4946,17,3.9408507
4946,2599,3.9408426
4946,1097,3.8766844
4946,2467,3.8244846
4946,1188,3.8183107
4946,2138,3.681044
4946,1032,3.6086953
4946,1669,3.5161545
4946,1711,3.5158525
4946,1441,3.4461255
5837,50,4.7639875
5837,3468,4.6331177
5837,1196,4.6103745
5837,1136,4.5441456
5837,3198,4.52098
5837,110,4.474227
5837,1387,4.451455
5837,3510,4.422326
5837,1247,4.395812
5837,1307,4.3838043
5837,293,4.360858
5837,2467,4.358451
5837,36,4.301725
5837,1625,4.2736855
5837,3552,4.2080975
5837,364,4.1895227
5837,3094,4.167556
5837,3408,4.166768
5837,1580,4.112646
5837,3203,4.100299
5837,2993,4.0833926
5837,3219,4.0712366
5837,3252,4.0336
5837,431,4.027709
5837,2527,4.006422
5837,1517,3.9944391
5837,3450,3.977245
5837,1047,3.9507627
5837,2991,3.9381914
5837,1129,3.9365487
5837,3476,3.9245996
5837,1020,3.8226714
5837,786,3.815445
5837,2676,3.8143072
5837,145,3.809928
5837,257,3.7700257
5837,2146,3.748351
5837,852,3.7418165
5837,237,3.7253587
5837,1003,3.7147388
5837,95,3.6915534
5837,88,3.6756058
5837,1382,3.5512202
5837,3173,3.5290701
5837,1752,3.470545
5837,315,3.4364834
5837,1779,3.3575213
5837,2404,3.1524243
5837,1556,2.3125052
5837,2153,2.3066728
3193,2997,3.9288287
3193,6,3.7584658
3193,866,3.721926
3193,1912,3.6666355
3193,1527,3.6003785
3193,2952,3.5683863
3193,2231,3.5251396
3193,3555,3.473143
3193,1645,3.4031658
3193,2280,3.363356
3193,2393,3.2878973
3193,259,3.0113778
3193,2710,2.9446254
3193,3326,2.9307358
3193,1320,2.8839068
3193,1783,2.750042
3193,2188,2.737739
3193,1544,2.721397
3193,1601,2.5124643
3193,1590,2.4966106
3193,849,2.1598403
3193,762,2.0232408
3193,1862,1.9038358
3193,3593,1.4679316
476,2924,4.266425
476,2302,4.2603774
476,589,4.2473555
476,3061,4.239826
476,1344,4.192082
476,34,4.1762714
476,2000,4.1710887
476,1220,4.1495333
476,1641,4.0851326
476,592,4.047121
476,2167,3.9890547
476,2109,3.9752605
476,2087,3.9733331
476,1917,3.9528189
476,368,3.949627
476,3033,3.949083
476,2987,3.9477983
476,2366,3.9399467
476,3928,3.9308186
476,2116,3.9288518
476,317,3.8546991
476,2628,3.8134463
476,3712,3.7969594
476,2145,3.757278
476,2091,3.7210276
476,2245,3.6913357
476,3699,3.670666
476,2098,3.6605768
476,63,3.6540313
476,2375,3.6413488
476,2615,3.6125207
476,1009,3.5973701
476,3697,3.5965817
476,237,3.5697098
476,44,3.5637648
476,3,3.559494
476,719,3.5552988
476,1377,3.5116656
476,2471,3.4913394
476,1606,3.4477735
476,1646,3.3734424
476,174,3.3721752
476,3439,3.3041697
476,2450,3.2916512
476,2053,3.2691581
5677,527,4.2932205
5677,1104,3.9611914
5677,296,3.942104
5677,457,3.9314332
5677,1226,3.8960757
5677,1291,3.8749638
5677,3350,3.8380172
5677,1231,3.8238842
5677,1721,3.8024797
5677,924,3.793527
5677,1090,3.7912595
5677,529,3.78115
5677,1101,3.680268
5677,2949,3.6379776
5677,2406,3.627493
5677,1672,3.5827289
5677,3101,3.4509234
5677,2391,3.4188924
5677,2407,3.3245416
5677,2433,3.2827332
5677,1694,3.133533
5677,2683,3.0947626
5677,3249,3.0027215
5677,2822,2.7982152
4487,474,4.038528
4487,1754,3.7305708
4487,494,3.6192908
4487,2856,3.143007
4487,3299,2.7863119
2517,1784,3.7913475
2517,3624,3.4699655
2517,1694,3.323822
2517,3179,3.277411
2517,2539,3.2674346
2517,3565,3.0921476
2517,2521,2.8665304
2517,3286,2.8475113
795,920,3.8136153
795,1259,3.803714
795,1682,3.7739205
795,2336,3.7420437
795,838,3.691602
795,3408,3.658401
795,515,3.5997643
795,1295,3.5389037
795,34,3.4249988
795,1485,3.3549469
795,3831,3.2963178
795,1542,3.293919
795,7,3.2567465
795,2166,3.1918616
795,2712,2.6596432
1635,858,5.0733767
1635,1207,4.9684362
1635,3435,4.8897514
1635,1203,4.861188
1635,950,4.84857
1635,1267,4.8102913
1635,919,4.7478347
1635,1147,4.7047644
1635,800,4.621403
1635,1201,4.616761
1635,1172,4.5984745
1635,1259,4.5901756
1635,1270,4.589182
1635,1307,4.5852814
1635,2648,4.5346885
1635,1245,4.506172
1635,162,4.4877067
1635,1947,4.484561
1635,2183,4.4483027
1635,508,4.403329
1635,1265,4.3481174
1635,2366,4.340521
1635,3552,4.3396206
1635,3396,4.3310847
1635,1215,4.3272176
1635,2204,4.320014
1635,1032,4.309451
1635,3386,4.3012457
1635,1845,4.279369
1635,2949,4.270885
1635,2076,4.268441
1635,2968,4.2353196
1635,1022,4.221346
1635,3682,4.1747255
1635,2355,4.1601057
1635,2654,4.1519203
1635,1297,4.0940657
1635,2278,4.078567
1635,1025,4.069521
1635,2009,4.0104175
1635,1580,4.0062833
1635,3608,4.0033903
1635,514,3.9841855
1635,2539,3.9590178
1635,1407,3.9499776
1635,663,3.8967736
1635,3081,3.8728392
1635,2105,3.8536007
1635,647,3.7923388
1635,500,3.6290436
1635,1722,3.6283245
1635,3863,3.6171947
1635,2710,3.6167965
1635,3479,3.558872
1635,2424,3.4942572
1635,3301,3.4330297
1635,1457,3.330762
1635,1769,3.3140874
1635,1792,3.306617
1635,1616,3.0756917
1635,2826,2.9871182
1635,2126,2.770392
1635,3764,2.6010172
1635,405,2.0434725
1635,2368,1.6224611
1635,3439,1.5284159
1381,1198,4.2708216
1381,1221,4.260694
1381,1223,4.150383
1381,3095,3.951056
1381,235,3.53194
1381,34,3.5195525
1381,1916,3.3663647
1381,2420,3.1953444
1381,3565,3.0642452
1381,3509,3.033936
3190,1198,4.517855
3190,1407,3.754161
3190,104,3.7459579
3190,1517,3.6729834
3190,3452,3.4810777
4310,1228,4.360833
4310,1610,4.1928678
4310,2997,4.1510077
4310,553,4.138739
4310,1259,4.128122
4310,628,4.106989
4310,1265,4.1009483
4310,2020,4.048187
4310,562,4.0057974
4310,3751,3.991648
4310,10,3.9560337
4310,3793,3.951219
4310,3527,3.9099832
4310,2916,3.897477
4310,2502,3.8571901
4310,39,3.8496208
4310,3082,3.7782607
4310,3298,3.7550023
4310,292,3.7109404
4310,3005,3.675284
4310,18,3.6477277
4310,3786,3.492339
4310,1589,3.491199
4310,3355,3.4562345
4310,100,3.4228244
4310,70,3.2958212
4310,3316,3.2586267
3249,2762,4.4187346
3249,2858,4.33779
3249,1225,4.33202
3249,910,4.2588234
3249,3095,4.228602
3249,3098,3.9353743
3249,934,3.7678838
3249,1415,3.5590267
1331,2028,4.264497
1331,2501,4.05752
1331,1096,4.046774
1331,1942,4.022888
1331,17,4.0146275
1331,2268,3.8575244
1331,1078,3.7814825
1331,1484,3.7456024
1331,2171,3.7417204
1331,21,3.5947368
1331,2443,3.5399704
1331,43,3.413063
1331,2805,2.7462466
970,50,4.315223
970,1250,4.1385903
970,593,4.0499525
970,47,3.8852806
970,3510,3.8274071
970,2918,3.8068445
970,2243,3.7264538
970,2396,3.7048812
970,2791,3.6880534
970,2355,3.6809216
970,1680,3.5729425
970,3552,3.5690117
970,39,3.5398254
970,3408,3.53788
970,1645,3.5015454
970,1089,3.498173
970,351,3.4883962
970,380,3.4708185
970,2407,3.458544
970,1378,3.443991
970,597,3.4310608
970,3534,3.3987572
970,3203,3.3829932
970,2739,3.3786297
970,1895,3.311068
970,3072,3.2560353
970,2915,3.254023
970,3005,3.2498498
970,648,3.2333655
970,2395,3.2263246
970,2617,3.2214227
970,342,3.2086654
970,2990,3.2046328
970,164,3.1699138
970,1343,3.1692853
970,2369,3.1564128
970,2420,3.136996
970,2976,3.1094117
970,1186,3.0640407
970,3441,3.026979
970,189,2.9985726
970,785,2.9959364
970,490,2.9856822
970,3081,2.978666
970,886,2.964794
970,1831,2.9349527
970,1616,2.9177144
970,1894,2.9042552
970,434,2.8523521
970,3827,2.8283203
970,387,2.826657
970,270,2.8110938
970,3063,2.7351243
970,782,2.7061136
970,2986,2.6206276
970,2404,2.4668443
970,2338,2.3253295
970,1389,2.1989222
970,3238,1.8171501
970,1325,1.7835526
2312,1196,4.432314
2312,3527,3.9295483
2312,1376,3.856347
2312,2643,2.222465
3853,1198,4.9845953
3853,111,4.8668733
3853,1291,4.8242607
3853,1201,4.7991657
3853,1258,4.7328787
3853,1089,4.6432524
3853,2289,4.6028056
3853,3210,4.5530806
3853,1265,4.526211
3853,1580,4.4894257
3853,2355,4.441345
3853,2395,4.421987
3853,3104,4.4132404
3853,2005,4.352245
3853,3476,4.3396015
3853,3555,4.3382463
3853,3703,4.3077126
3853,2002,4.1314545
3853,736,4.0894537
3853,3704,4.0456305
3853,3430,4.0297527
3853,1918,3.9352443
3853,2143,3.8527415
3853,382,3.5664124
3853,1320,3.5363126
3853,1327,3.2827888
4356,527,4.49393
4356,904,4.370283
4356,1193,4.3379846
4356,296,4.2598267
4356,110,4.0797877
4356,1704,4.0633054
4356,1266,4.0547037
4356,3897,4.0375385
4356,1307,3.979612
4356,2067,3.9215074
4356,3671,3.901684
4356,3735,3.7895837
4356,2745,3.7856216
4356,1095,3.763881
4356,1964,3.726624
4356,2288,3.6680386
4356,2108,3.6282578
4356,553,3.3588347
4356,2427,3.357758
4356,3040,3.0143363
4356,185,2.7017026
2919,858,4.711514
2919,1197,4.3731103
2919,2005,3.8793232
2919,8,3.6690245
2919,1009,3.5895946
2919,1377,3.5178158
2919,1676,3.3882835
2919,2402,3.2886639
2919,208,3.1786582
2919,173,2.6727998
4815,1204,5.0012007
4815,50,4.919976
4815,913,4.880419
4815,2324,4.772508
4815,3148,4.5697527
4815,3911,4.5140724
4815,3317,4.426873
4815,3471,4.4266334
4815,900,4.4148874
4815,515,4.3827477
4815,2012,4.2603607
4815,2140,4.2379827
4815,2529,4.220934
4815,3893,4.1884394
4815,2407,4.1871057
4815,3358,4.156668
4815,560,3.9917445
4815,2094,3.6911142
4815,2153,2.7298126
354,3753,3.8110757
354,3175,3.6293921
354,2987,3.6163325
354,2826,3.505744
354,2605,3.3756995
354,2710,2.9425037
5457,1206,4.26927
5457,1036,4.1028185
5457,235,4.056403
5457,3060,4.0001836
5457,3471,3.975035
5457,1625,3.8990297
5457,2700,3.8345988
5457,2529,3.8260276
5457,3578,3.7568552
5457,2108,3.7561789
5457,3108,3.738588
5457,1747,3.7109203
5457,3699,3.1440835
5457,2657,2.8967834
5457,367,2.8881044
5457,2706,2.868457
5457,2641,2.8158617
5457,1917,2.506714
5457,1205,2.449654
5457,3863,2.3071747
5457,1690,2.102664
5457,3354,1.5658712
3964,1221,4.338091
3964,1304,4.3246164
3964,1952,4.071493
3964,909,4.0388846
3964,1370,3.8061376
3964,349,3.7263668
3964,2376,3.5693014
2457,955,3.944299
2457,110,3.8868213
2457,1201,3.8042364
2457,1,3.790521
2457,3481,3.7208424
2457,1784,3.707909
2457,589,3.6848116
2457,356,3.6676807
2457,2194,3.6647396
2457,3836,3.584054
2457,2288,3.577962
2457,2108,3.57272
2457,3527,3.5462282
2457,364,3.5290294
2457,1029,3.5085878
2457,2779,3.490267
2457,2137,3.4850616
2457,1912,3.4662316
2457,1171,3.4524543
2457,1722,3.4425068
2457,3576,3.4023938
2457,780,3.3551946
2457,1392,3.3473778
2457,2990,3.3149703
2457,2001,3.3128552
2457,3727,3.152422
2457,3157,3.097611
2457,1974,3.0954885
2457,1320,3.0654607
2457,1334,3.060022
2457,3700,3.048737
2457,3040,3.0108914
2457,3174,2.990069
2457,2354,2.9130135
2457,2004,2.74914
2457,1692,2.7397702
2457,2641,2.7071972
2457,2107,2.6346498
2457,2279,2.5329404
2457,3697,2.4916377
2457,2808,2.4571404
2457,619,2.3876257
2457,1591,2.3730114
2457,3840,2.1320693
2457,519,1.7239063
4906,913,4.5458407
4906,2324,4.444412
4906,1299,4.3578176
4906,1278,4.3170404
4906,1235,4.247582
4906,111,4.226023
4906,2067,4.2201805
4906,1287,4.1995087
4906,1449,4.1978927
4906,3421,4.1794424
4906,1947,4.164313
4906,1953,4.146701
4906,1230,4.0871515
4906,32,4.082467
4906,1220,4.0280952
4906,1277,3.9937284
4906,1948,3.9574761
4906,1411,3.9520473
4906,3101,3.9402158
4906,2391,3.8500173
4906,2987,3.8070717
4906,1396,3.8022685
4906,1059,3.5888345
4906,494,3.5783274
4906,3698,3.4348898
5504,1193,5.015224
5504,1250,4.9798493
5504,1256,4.9353075
5504,912,4.9115887
5504,1939,4.7879124
5504,1080,4.737731
5504,1927,4.7363825
5504,3097,4.709758
5504,1238,4.686764
5504,921,4.619563
5504,3654,4.6191125
5504,1073,4.573758
5504,539,4.5706797
5504,1923,4.542239
5504,3342,4.516321
5504,2872,4.5124974
5504,3405,4.473899
5504,3086,4.4588
5504,314,4.449917
5504,1180,4.415877
5504,1542,4.2998667
5504,266,4.26886
5504,3524,4.261963
5504,2987,4.2602544
5504,610,4.2277565
5504,2015,4.183607
5504,2105,4.1562853
5504,3506,4.1131916
5504,3701,4.0743136
5504,2613,4.039862
5504,1014,4.029389
5504,2657,4.0054903
5504,2709,3.9938493
5504,2021,3.910541
5504,204,3.8499298
5504,996,3.8448734
5504,748,3.7137938
5504,1591,3.6305914
5504,3257,3.5944443
5504,1388,3.5896897
5504,3287,3.5830996
5504,2411,3.531865
5504,3130,3.5249987
5504,2413,3.459257
5504,429,3.4374957
5504,849,3.2799215
5504,2153,3.065938
5504,1882,3.0006185
5504,332,2.9992049
5504,673,2.951426
5795,922,5.082451
5795,1193,4.9248266
5795,1254,4.9031124
5795,2324,4.836095
5795,2571,4.8240857
5795,930,4.8141766
5795,3365,4.781357
5795,1288,4.758515
5795,1258,4.756177
5795,1263,4.707779
5795,1294,4.690185
5795,1303,4.6651273
5795,1296,4.6634717
5795,2070,4.595429
5795,1961,4.551093
5795,17,4.544053
5795,3006,4.518906
5795,3507,4.5172176
5795,2071,4.4859667
5795,2686,4.4636297
5795,2890,4.45003
5795,1784,4.4326344
5795,2391,4.431691
5795,2791,4.409804
5795,457,4.402394
5795,2944,4.3981075
5795,348,4.395862
5795,1265,4.362844
5795,2949,4.3609486
5795,2109,4.3515296
5795,2700,4.3508906
5795,509,4.349307
5795,2355,4.340103
5795,3246,4.3203053
5795,1748,4.2957716
5795,281,4.2924976
5795,3097,4.2779503
5795,3260,4.2746754
5795,342,4.230882
5795,2118,4.229174
5795,1210,4.224002
5795,596,4.192239
5795,1120,4.1460476
5795,3100,4.1203437
5795,147,4.098237
5795,2857,4.0709343
5795,1187,4.061658
5795,94,4.052156
5795,1466,3.9642003
5795,661,3.937004
5795,3256,3.8535666
5795,2245,3.7933998
5795,3524,3.7772193
5795,2112,3.7332115
5795,2640,3.6878207
5795,1527,3.687282
5795,537,3.6790342
5795,3527,3.658463
5795,3501,3.599094
5795,3466,3.5280137
5795,2273,3.5042295
5795,252,3.4679003
5795,10,3.4556575
5795,2376,3.4333172
5795,1619,3.420313
5795,2090,3.3510644
5795,1127,3.3202674
5795,2683,3.316507
5795,62,3.2946353
5795,2141,3.251349
5795,203,3.197877
5795,329,3.1663175
5795,2476,3.1142347
5795,2405,3.0406764
5795,587,2.9879827
5795,1350,2.981547
5795,2419,2.954001
5795,1030,2.9347372
5795,1027,2.865638
5795,1573,2.861308
5795,2133,2.756066
5795,1009,2.7538295
5795,695,2.6454165
5795,3525,2.6239011
5795,2722,2.5814166
5795,3264,2.5529687
5795,303,2.5474157
5795,1769,2.517579
5795,2402,2.502828
5795,3444,2.4355621
5795,3157,2.3832567
5795,254,2.37575
5795,1806,2.3667114
5795,2517,2.3429217
5795,2581,2.3216774
5795,2354,2.2925665
5795,170,2.2000375
5795,3208,2.1470551
5795,1665,2.1358202
5795,386,2.08394
5795,1588,2.0028164
5795,2322,1.9624686
5795,542,1.8660382
5795,1590,1.8093216
5795,533,1.8009151
5795,2827,1.7521619
5795,3113,1.7259974
5795,798,1.6050236
5795,2126,1.5940579
5795,1970,1.5727931
5795,765,1.4798348
5795,355,1.3209854
5795,1750,1.2428706
5795,1977,1.2362995
5795,2950,1.204641
5795,1752,1.197315
5795,1497,1.1265094
5795,1562,1.0936224
5795,3390,1.0121027
4165,2858,4.4454703
4165,223,4.039111
4165,180,3.4825833
2419,318,4.4467297
2419,50,4.4428377
2419,296,4.261051
2419,1147,4.0562277
2419,1090,4.0463476
2419,1263,4.0441036
2419,3006,3.9601216
2419,3007,3.955521
2419,3360,3.9395726
2419,3510,3.926613
2419,3363,3.9081235
2419,1923,3.9060595
2419,3019,3.8470051
2419,2268,3.8307815
2419,3747,3.8194942
2419,1784,3.788826
2419,474,3.7557418
2419,3100,3.7047126
2419,2108,3.694625
2419,2763,3.6778636
2419,3753,3.6642432
2419,2671,3.6584737
2419,2700,3.6429477
2419,1343,3.6418128
2419,1061,3.6344671
2419,1051,3.5742826
2419,144,3.548862
2419,339,3.5476
2419,1476,3.5397034
2419,802,3.509387
2419,3893,3.4955258
2419,2271,3.4691238
2419,3250,3.4561284
2419,3033,3.4453447
2419,3525,3.4120407
2419,468,3.3803418
2419,2433,3.3724809
2419,2712,3.371136
2419,1405,3.3697653
2419,2976,3.3571532
2419,358,3.350692
2419,3087,3.3417501
2419,2641,3.332654
2419,2340,3.321087
2419,1821,3.3131309
2419,2059,3.2636206
2419,2060,3.207211
2419,852,3.1833053
2419,3773,3.1734686
2419,2409,3.1578057
2419,2572,3.1530092
2419,3,3.0424724
2419,2375,3.0350661
2419,3717,3.0283856
2419,1911,3.0057669
2419,2881,2.9651794
2419,2468,2.9420066
2419,499,2.8100543
2419,585,2.788444
2419,3285,2.7676866
2419,3385,2.6898344
2419,1100,2.641585
2419,2497,2.6217372
2419,2755,2.440764
2419,3113,2.2122693
2419,518,2.1794531
2419,3743,2.1467738
2419,3826,2.144936
2419,255,1.9089539
2419,2404,1.905666
2419,3690,1.841768
2419,65,1.805522
2419,3797,1.7377896
2419,829,1.7172394
1101,1203,4.158596
1101,903,4.1339087
1101,2788,4.06609
1101,1208,4.056206
1101,3000,4.017994
1101,1287,3.9752464
1101,1956,3.966972
1101,924,3.947961
1101,3037,3.9234421
1101,1,3.910923
1101,475,3.8581293
1101,2160,3.822422
1101,2706,3.786677
1101,32,3.758948
1101,1292,3.7518353
1101,1333,3.730523
1101,296,3.7212725
1101,1125,3.7173486
1101,2644,3.7041059
1101,2333,3.7026613
1101,2959,3.700008
1101,2366,3.6176028
1101,1954,3.602166
1101,2140,3.5720813
1101,648,3.4903617
1101,3253,3.4390974
1101,266,3.3632336
1101,3740,3.346835
1101,1721,3.3245375
1101,316,3.2840273
1101,3409,3.2573252
1101,1339,3.252407
1101,1916,3.2362077
1101,3262,3.08211
1101,1320,3.0185347
1101,3254,2.956188
1101,48,2.9178581
1101,2054,2.7731628
1101,3355,2.7408733
1101,2123,2.7389655
1101,673,2.6875699
1101,1590,2.1637905
1101,1998,1.2032969
5111,3089,4.262261
5111,668,4.1256623
5111,1258,4.054848
5111,2302,3.9886913
5111,1196,3.970127
5111,3134,3.9433458
5111,2488,3.9412065
5111,1222,3.9406033
5111,2728,3.9336832
5111,1028,3.920705
5111,440,3.9204395
5111,1200,3.9160914
5111,2398,3.9153275
5111,2920,3.9143238
5111,1084,3.9128594
5111,2289,3.8815408
5111,2176,3.8555527
5111,508,3.8494873
5111,1252,3.848169
5111,1964,3.8432066
5111,1235,3.835522
5111,2612,3.829715
5111,1103,3.8267365
5111,3244,3.809569
5111,446,3.80631
5111,2070,3.7908778
5111,562,3.7777026
5111,3105,3.77335
5111,2078,3.7717884
5111,1344,3.7681003
5111,3253,3.762193
5111,1124,3.7583613
5111,3201,3.7580123
5111,3039,3.7326255
5111,3713,3.7276537
5111,154,3.7180967
5111,2144,3.7029653
5111,3788,3.7006474
5111,3494,3.6955862
5111,594,3.6937258
5111,1401,3.6544318
5111,2987,3.6477609
5111,3418,3.6475055
5111,367,3.6352875
5111,3020,3.6328535
5111,568,3.6275034
5111,3112,3.624693
5111,1186,3.6232853
5111,481,3.623013
5111,1695,3.6102662
5111,218,3.5892324
5111,388,3.5790327
5111,785,3.5763178
5111,2406,3.574935
5111,3524,3.5749102
5111,2707,3.5716872
5111,2291,3.5700493
5111,2015,3.5684977
5111,2371,3.5417733
5111,2877,3.5299535
5111,3145,3.519219
5111,83,3.504456
5111,253,3.4990757
5111,2455,3.4947581
5111,2108,3.4916024
5111,3099,3.471759
5111,1733,3.4541645
5111,331,3.380422
5111,469,3.3441446
5111,84,3.322884
5111,1454,3.2803895
5111,2120,3.2326183
5111,2095,3.1954958
5111,1113,3.1053112
5111,197,3.0543106
5111,1566,3.0430927
5111,2293,3.0209174
5111,1624,2.9861362
5111,2699,2.8677483
5111,2960,2.8498712
971,260,4.349131
971,904,4.2574883
971,1240,3.957435
971,2406,3.7088442
971,1097,3.659237
971,2797,3.5513895
971,2005,3.4453857
971,2617,3.3946536
971,2393,3.3923767
971,1049,3.3709798
971,1573,3.2872772
971,2046,3.278909
971,10,3.2789063
971,3917,3.132513
971,1920,3.0311522
971,2710,2.9299664
971,1377,2.8537607
4520,1252,4.6388063
4520,457,4.4295387
4520,1225,4.4288745
4520,608,4.418457
4520,1214,4.362234
4520,2858,4.356007
4520,3147,4.3129263
4520,1358,4.284285
4520,2959,4.2272973
4520,2599,4.2243032
4520,1674,4.2227783
4520,1610,4.173237
4520,247,4.1156855
4520,2580,4.1148868
4520,1261,4.0895967
4520,223,4.0422697
4520,2502,4.0096846
4520,1356,3.9015276
4520,2366,3.893644
4520,3203,3.8833401
4520,2333,3.8527582
4520,3107,3.807752
4520,353,3.7565274
4520,1049,3.7492602
4520,3476,3.6620588
4520,1093,3.660336
4520,145,3.6197264
4520,2598,3.5861127
4520,2717,3.5329137
4520,2334,3.5031981
4520,1627,3.3708236
4520,998,3.3502495
4520,1970,3.018491
4520,2026,2.904997
4520,2827,2.8048763
4520,2107,2.7987976
4520,1644,2.5517163
5047,1252,4.7539268
5047,2973,4.4179926
5047,34,4.382142
5047,29,4.30708
5047,2391,4.152755
5047,2750,4.1476884
5047,3543,4.1107697
5047,356,4.0988173
5047,562,4.085272
5047,3476,4.02503
5047,1081,3.9463725
5047,3044,3.8666482
5047,3729,3.6706562
5047,1466,3.6102917
5047,1518,3.604232
5047,521,3.6005068
5047,628,3.5752754
5047,11,3.5142393
5047,1584,3.484437
5047,2100,3.4417639
5047,1480,3.3989475
5047,588,3.3390596
5047,39,3.3354383
5047,2463,3.2760587
5047,481,3.2309802
5047,748,3.1801465
5047,1909,3.1223412
5047,597,3.0845091
5047,2003,3.066064
5047,1391,3.060382
5047,832,3.0431685
5047,724,3.0240128
5047,371,3.00594
5047,1377,2.576868
5047,1049,2.5750067
5047,2252,2.4877589
5047,1690,2.482432
5047,303,2.3012838
5047,1603,2.1086442
5047,3782,1.8311889
5047,2053,1.7408558
5047,2701,1.5798916
4083,2019,4.283974
4083,1212,4.249009
4083,593,3.9858954
4083,2300,3.9598222
4083,3365,3.947709
4083,1288,3.9446554
4083,3683,3.9138007
4083,3462,3.9017196
4083,3035,3.884207
4083,1953,3.8698328
4083,1089,3.867962
4083,1291,3.8320136
4083,1222,3.8040073
4083,1281,3.7919595
4083,3471,3.7899723
4083,3062,3.7829776
4083,3508,3.773466
4083,1086,3.7699292
4083,590,3.7121062
4083,2565,3.6975985
4083,3545,3.688686
4083,2352,3.6808538
4083,2303,3.6484966
4083,6,3.6289907
4083,2243,3.5926151
4083,3244,3.5672395
4083,1732,3.5596113
4083,16,3.550441
4083,3632,3.5147564
4083,1029,3.4592986
4083,3516,3.4009743
4083,224,3.2378285
4083,3706,3.2316616
4083,2115,3.20676
4083,3643,3.1825168
4083,2463,3.1230297
4083,2182,3.1085129
4083,2665,3.101636
4083,1722,3.0630245
4083,2518,3.0022705
4083,2469,2.9575431
4083,7,2.9047103
4083,3809,2.8688412
4083,3701,2.8604732
4083,1014,2.8484588
4083,3101,2.8012705
4083,2470,2.7995653
4083,2475,2.774445
4083,3619,2.7647347
4083,3375,2.682071
4083,3614,2.630143
4083,288,2.5865548
4083,1088,2.5861912
4083,2376,2.585603
4083,2023,2.581625
4083,303,2.5796523
4083,3704,2.5580547
4083,653,2.5575712
4083,807,2.550299
4083,3082,2.5484824
4083,1049,2.5413
4083,1805,2.418427
4083,237,2.3955452
4083,586,2.392681
4083,2262,2.3535995
4083,218,2.348824
4083,2409,2.277214
4083,1918,2.2645621
4083,2431,2.2409544
4083,1385,2.1947775
4083,423,2.1888964
4083,2505,2.1675808
4083,2002,2.0307467
4083,2491,1.9056385
4083,3610,1.8811437
4083,1752,1.8709129
4083,2530,1.8206195
4083,2471,1.7625338
4083,20,1.6908989
4083,173,1.4586939
4083,2851,1.4533253
4083,1005,1.4441078
4083,3048,1.3924235
4083,2315,1.2981548
4083,3393,1.2671249
4716,1193,4.7605557
4716,2324,4.730807
4716,1961,4.5413523
4716,2352,4.3141313
4716,1913,4.246567
4716,3456,4.231562
4716,2696,3.9765375
4716,1190,3.9720848
4716,567,3.8332703
4535,110,4.5415792
4535,1,4.487022
4535,1240,4.4266386
4535,180,4.398574
4535,733,4.383052
4535,2542,4.375762
4535,2080,4.2809763
4535,3526,4.2280517
4535,1396,4.2261853
4535,2006,4.109457
4535,2011,4.101544
4535,3175,4.0821424
4535,2413,4.0602436
4535,316,4.0526547
4535,3639,4.0207253
4535,1372,4.0174475
4535,468,4.010276
4535,2145,3.887321
4535,2416,3.8112755
4535,2786,3.810029
4535,1888,3.8096273
4535,2735,3.778193
4535,2472,3.7707143
4535,3764,3.7298243
4535,2733,3.6706803
4535,2072,3.5575488
4535,355,3.5192785
4535,2265,2.9381726
3240,1148,4.427448
3240,858,4.4226837
3240,1223,4.250841
3240,2959,4.048172
3240,2575,3.9511847
3240,357,3.738441
3240,125,3.7301052
3240,2321,3.6485844
3240,1580,3.6040404
3240,441,3.5222275
3240,785,3.4439297
3240,3176,3.4127574
3240,3255,3.325491
3240,2770,3.2585635
3240,1542,3.2569041
3240,543,3.2219353
3240,231,2.9816988
3240,2060,2.747913
3240,2004,1.9535043
4543,1247,4.4741964
4543,1224,4.465279
4543,608,4.4292784
4543,541,4.4168024
4543,2571,4.4092436
4543,1230,4.3189635
4543,1189,4.3184924
4543,2313,4.269405
4543,1200,4.2630606
4543,1358,4.244823
4543,1240,4.2195606
4543,1259,4.200468
4543,3671,4.1956463
4543,1041,4.187395
4543,17,4.169758
4543,110,4.1450768
4543,223,4.11273
4543,36,4.107733
4543,1265,4.058234
4543,1834,4.0424924
4543,3552,4.030057
4543,1036,4.0275774
4543,2890,3.999471
4543,1333,3.994564
4543,1955,3.9791026
4543,3160,3.9492373
4543,1261,3.93466
4543,150,3.925498
4543,3104,3.914147
4543,1392,3.8567748
4543,2442,3.8445265
4543,3948,3.8345323
4543,3244,3.8321924
4543,3163,3.816365
4543,1298,3.7925358
4543,2022,3.7821467
4543,1994,3.7676463
4543,2150,3.7623858
4543,1297,3.7436628
4543,2114,3.6971498
4543,280,3.6673207
4543,348,3.663581
4543,2073,3.6525111
4543,3253,3.6484828
4543,3018,3.6346507
4543,2301,3.6244411
4543,3702,3.6162152
4543,2065,3.6112046
4543,431,3.6090348
4543,3422,3.580294
4543,1711,3.5660486
4543,3101,3.56427
4543,482,3.546307
4543,161,3.542984
4543,3174,3.5255225
4543,3169,3.492334
4543,1347,3.4759767
4543,2005,3.444888
4543,3550,3.3947124
4543,2237,3.3814993
4543,1701,3.3691814
4543,1059,3.3666806
4543,2463,3.2998486
4543,2111,3.2788475
4543,2409,3.2666154
4543,454,3.261747
4543,2110,3.2596464
4543,2134,3.2321572
4543,1093,3.2294173
4543,2433,3.2094738
4543,3686,3.192772
4543,1194,3.12422
4543,1835,3.1047854
4543,2240,3.0647025
4543,2829,3.0498075
4543,288,3.0243762
4543,2455,3.0144608
4543,2718,2.947083
4543,377,2.9000874
4543,517,2.8971279
4543,1573,2.8777077
4543,3752,2.8698516
4543,736,2.8579216
4543,2402,2.8144178
4543,2250,2.8071115
4543,3765,2.798983
4543,3254,2.7832596
4543,450,2.7621036
4543,3423,2.6832798
4543,2325,2.6733947
4543,2605,2.665105
4543,2249,2.5801857
4543,466,2.5265007
4543,24,2.5259876
4543,2148,2.5157094
4543,2862,2.5053153
4543,3525,2.4784985
4543,3045,2.4570591
4543,1483,2.4033184
4543,2259,2.2953377
4543,2900,2.2847185
4543,196,2.2568233
4543,366,2.250123
4543,725,2.2149346
4543,2471,2.214476
4543,2694,2.1861336
4543,818,2.1811044
4543,2253,2.14872
4543,2410,2.1365998
4543,1971,1.9828694
4543,355,1.9812872
4543,540,1.9529917
4543,3861,1.8989961
4543,3802,1.8603634
4543,2122,1.8043327
4543,2827,1.7982671
4543,2338,1.6815228
4543,2950,1.6234064
4543,1562,1.6128538
4543,1389,1.5606811
4543,1975,1.549175
1608,2395,3.3116775
1608,2390,2.9239862
1608,3174,2.6007524
1608,3203,2.548892
1608,3159,2.5059004
1608,2572,2.0061162
1608,2759,1.974205
1608,2600,1.9367476
1608,3623,1.6384591
1608,3717,1.3576293
1608,2694,1.2834221
1608,2995,1.198153
1608,698,1.1332608
1608,3564,1.1304047
1608,3004,1.0546396
5553,260,4.256378
5553,3435,4.215247
5553,3683,4.0720906
5553,1136,4.0711
5553,1952,3.9512124
5553,1222,3.9474692
5553,1090,3.8668156
5553,2944,3.8569934
5553,3363,3.8016503
5553,1097,3.7868738
5553,2268,3.720599
5553,2401,3.667401
5553,154,3.5850422
5553,3102,3.581058
5553,3101,3.580582
5553,780,3.557404
5553,1183,3.5417647
5553,802,3.449175
5553,2145,3.3948085
5553,3524,3.387466
5553,423,3.2054071
5553,2605,3.1954768
5553,1804,3.1933668
198,296,4.509781
198,1272,4.4140143
198,2949,4.234436
198,2791,4.172799
198,2662,4.1320047
198,3039,4.1307673
198,1079,4.1166487
198,1271,4.102419
198,2706,4.0781517
198,1967,4.058428
198,1073,4.027222
198,3386,4.0189614
198,1013,3.9829364
198,2527,3.9444466
198,1017,3.93316
198,1639,3.8697157
198,2011,3.8379328
198,2174,3.8210976
198,3398,3.7887776
198,2874,3.7839108
198,3250,3.7690988
198,3763,3.762238
198,292,3.7210126
198,2249,3.7138665
198,2124,3.6342
198,1876,3.597099
198,2694,3.2274218
198,208,2.9057286
198,173,2.6119475
198,2053,2.3990862
198,546,2.150161
198,1882,2.0115948
5910,1784,4.093791
5910,3526,3.9528508
5910,1094,3.8779194
5910,1124,3.8699331
5910,1680,3.6515398
5910,2987,3.6384048
5910,1393,3.6277764
5910,43,3.541683
5910,3555,3.417898
5910,3570,3.0748613
5910,1650,3.0132008
408,904,4.783449
408,2351,4.6234074
408,3114,4.558313
408,2935,4.5546684
408,246,4.530337
408,2692,4.5151467
408,1230,4.418054
408,1214,4.3789186
408,714,4.3389997
408,2599,4.3137064
408,3871,4.259371
408,522,4.0014143
408,1450,3.909243
408,3203,3.8661747
408,112,3.7646656
408,1371,3.6414673
2063,296,3.8849013
2063,1276,3.8682926
2063,608,3.8514397
2063,1228,3.7977784
2063,1278,3.7773206
2063,3000,3.7434535
2063,3508,3.6663878
2063,590,3.6134555
2063,3019,3.6045806
2063,1954,3.6029062
2063,3671,3.586532
2063,628,3.574308
2063,1246,3.571726
2063,2312,3.5360274
2063,3175,3.5296645
2063,337,3.4708157
2063,2125,3.4643567
2063,3471,3.455813
2063,3576,3.4077747
2063,2890,3.4062066
2063,1271,3.4009223
2063,2401,3.3945284
2063,2872,3.3876152
2063,3681,3.38066
2063,1408,3.3799148
2063,3159,3.3385165
2063,11,3.3371837
2063,454,3.3362522
2063,1641,3.3273063
2063,1580,3.2989347
2063,2987,3.287759
2063,3706,3.283668
2063,2137,3.278914
2063,458,3.2738457
2063,671,3.2704206
2063,1374,3.2641788
2063,3181,3.2521687
2063,2058,3.245017
2063,1049,3.2325165
2063,1673,3.2253032
2063,3270,3.2238562
2063,861,3.22301
2063,2478,3.2171826
2063,491,3.2160878
2063,1024,3.2106214
2063,376,3.190856
2063,799,3.1858416
2063,1754,3.1738958
2063,3412,3.1737294
2063,2311,3.1587758
2063,147,3.1542568
2063,2136,3.1378274
2063,509,3.1209137
2063,2792,3.1198804
2063,2294,3.1111455
2063,289,3.106713
2063,3684,3.1048715
2063,2409,3.1039116
2063,2403,3.1011906
2063,257,3.0939894
2063,3259,3.0904524
2063,1770,3.0871124
2063,2034,3.0720134
2063,140,3.0621252
2063,112,3.0567498
2063,3544,3.044294
2063,3258,3.035519
2063,2901,3.0265622
2063,1457,3.008956
2063,1883,3.0064445
2063,95,3.0007024
2063,835,3.000518
2063,2,2.9945066
2063,1371,2.9927669
2063,2089,2.985434
2063,3764,2.984291
2063,2476,2.9831204
2063,3409,2.9723067
2063,3565,2.9696991
2063,2628,2.9683528
2063,3483,2.9681327
2063,3752,2.9677474
2063,2133,2.9671555
2063,2459,2.9559863
2063,408,2.951497
2063,592,2.945942
2063,3608,2.93656
2063,2095,2.925174
2063,1440,2.9021382
2063,2100,2.8904567
2063,303,2.884169
2063,3174,2.8825948
2063,516,2.872815
2063,3459,2.8674889
2063,2322,2.860217
2063,445,2.836091
2063,1422,2.811311
2063,3257,2.7739806
2063,2384,2.773581
2063,1665,2.7672262
2063,196,2.7608318
2063,3173,2.750867
2063,1762,2.7464359
2063,1894,2.7428074
2063,2369,2.734838
2063,2279,2.7264194
2063,765,2.688859
2063,3324,2.6888084
2063,3715,2.6782424
2063,2497,2.6491904
2063,1544,2.6403646
2063,2713,2.6347556
2063,166,2.6343002
2063,424,2.630767
2063,3063,2.5954132
2063,3225,2.5917153
2063,833,2.5809388
2063,256,2.574802
2063,315,2.5640705
2063,3130,2.562767
2063,1644,2.5533972
2063,886,2.5519352
2063,415,2.5381486
2063,1831,2.511165
2063,174,2.4834
2063,1863,2.474148
2063,71,2.4410017
2063,276,2.4166505
2063,3908,2.393844
2063,1979,2.3224509
2063,3064,2.3146563
2063,2574,2.283997
2063,126,2.2668097
2063,1980,2.252828
2063,2887,2.2251213
2063,1592,2.2233381
2063,1623,2.2100544
2063,374,2.2001214
2063,305,2.159917
2063,2381,2.1227279
2063,2383,1.867709
238,1250,4.2223077
238,1208,4.169537
238,1945,4.145282
238,593,4.098838
238,110,4.046239
238,1358,4.0117664
238,1213,3.968329
238,2732,3.9341748
238,1246,3.8870244
238,1946,3.858408
238,2071,3.8133671
238,3222,3.7846909
238,3870,3.7670987
238,3071,3.762803
238,2852,3.7387805
238,2972,3.730211
238,247,3.728897
238,3713,3.7086694
238,3379,3.689962
238,1682,3.6860824
238,1012,3.6674178
238,25,3.6288218
238,2022,3.6251535
238,2764,3.5674224
238,2621,3.542522
238,844,3.2995334
4250,2028,4.675282
4250,1201,4.427331
4250,2194,4.3635077
4250,2948,4.2664537
4250,349,4.1248693
4250,3527,4.1210365
4250,281,4.1025066
4250,2058,4.0629473
4250,2001,4.054846
4250,73,4.0406137
4250,3252,4.035589
4250,780,4.0303426
4250,3555,4.0181932
4250,2991,4.01058
4250,2496,3.9994242
4250,1401,3.998228
4250,2334,3.7851858
4250,3791,3.748982
4250,1687,3.6662958
4250,2805,3.6018343
4250,2365,3.555923
4250,688,3.2078006
4901,1204,4.370386
4901,1221,4.3010783
4901,1200,4.1920786
4901,3365,4.142664
4901,1199,4.0090866
4901,1997,3.9760613
4901,1028,3.9421375
4901,1261,3.9041765
4901,1376,3.8746042
4901,1302,3.8682916
4901,2763,3.7641182
4901,2081,3.7414248
4901,2353,3.739025
4901,2011,3.7007923
4901,2118,3.6817906
4901,2278,3.6329575
4901,292,3.5337768
4901,1129,3.532352
4901,2003,3.5092838
4901,3699,3.4484196
4901,3744,3.350324
3058,260,4.2127714
3058,3429,4.173147
3058,1276,3.9640427
3058,1258,3.9455655
3058,1206,3.9231136
3058,733,3.8828616
3058,1270,3.6900754
3058,2797,3.614921
3058,333,3.540005
3058,3418,3.5305133
3058,2083,3.477754
3058,2916,3.4193535
3058,3087,3.329073
3058,3535,2.7488585
1323,2186,4.241518
1323,2858,4.207458
1323,898,4.2058334
1323,1172,4.16372
1323,2313,3.9594479
1323,1947,3.9231157
1323,1150,3.803162
1323,1965,3.7383637
1323,1035,3.7066917
1323,471,3.6461902
1323,1171,3.5919356
1323,3524,3.0858836
1323,1286,2.9870143
1323,498,2.196852
5896,3317,3.5560396
5896,1500,3.4753652
5896,2359,3.4386024
5896,539,3.1157546
5896,3261,3.0509298
5896,2502,2.9772778
5896,1701,2.8188844
5896,339,2.8127248
5896,324,2.789114
5896,2999,2.6776628
5896,799,2.6498446
5896,3409,2.4756029
5896,367,2.47255
5896,317,2.3711052
5896,586,2.3336978
5896,3254,2.3212824
5896,3,2.2762845
5896,813,2.0862458
5896,413,1.8338364
5896,485,1.7350707
5896,3248,1.5493885
5896,1604,1.4497557
4979,908,4.3119564
4979,953,4.1628613
4979,1223,4.1373625
4979,3468,4.122073
4979,3000,4.114841
4979,911,4.0707684
4979,2648,3.951624
4979,1206,3.8908134
4979,1080,3.8476114
4979,741,3.8358366
4979,1220,3.834227
4979,920,3.824949
4979,589,3.806781
4979,3498,3.786366
4979,2565,3.7318115
4979,1078,3.722012
4979,2890,3.691263
4979,1171,3.670583
4979,3793,3.6562304
4979,2488,3.6478496
4979,1073,3.6437697
4979,2150,3.643326
4979,322,3.635182
4979,3682,3.6335287
4979,3505,3.6052613
4979,357,3.563544
4979,2371,3.562628
4979,901,3.4760318
4979,25,3.466699
4979,3256,3.4575665
4979,934,3.4311001
4979,3142,3.3510513
4979,2280,3.3103652
4979,2174,3.297256
4979,1337,3.2534912
4979,2100,3.231717
4979,1648,3.2057805
4979,3676,3.1894197
4979,1376,3.1572351
4979,1380,3.1526852
4979,3618,3.1486366
4979,3769,3.1453996
4979,2294,3.1390445
4979,1031,3.1344588
4979,372,3.1010785
4979,2539,3.024819
4979,163,2.989556
4979,2759,2.965943
4979,2247,2.9309072
4979,2528,2.9083285
4979,1334,2.8169448
4979,2829,2.7591364
4979,852,2.7494519
4979,1047,2.673108
4979,2136,2.6260085
4979,3254,2.5197473
4979,2094,2.4586606
4979,2641,2.4211829
4979,2699,2.3641253
4979,3,2.3586268
4979,2717,2.3283768
4979,1918,2.2518172
4979,305,2.2310271
4979,3285,2.212699
4979,379,2.0668035
4979,2656,1.9517752
4979,2373,1.9270327
4979,2147,1.895367
4979,2253,1.8804193
4979,217,1.8435788
4979,3344,1.7921553
4979,2016,1.7657688
4979,2279,1.7598679
4979,743,1.7589773
4979,420,1.715415
4979,1772,1.7126088
4979,1381,1.6263369
4979,2473,1.576642
4979,445,1.5591675
4979,93,1.5554355
4979,1439,1.5340984
4979,611,1.4722576
4979,3877,1.4720979
4979,1988,1.4051888
4979,1606,1.3914927
4979,2422,1.3356496
4979,3438,1.3129545
4979,3432,1.3008769
4979,3774,1.2717049
4979,1495,1.2304046
4979,181,1.158086
1392,919,3.9108086
1392,1304,3.8488889
1392,2944,3.7451282
1392,3363,3.7207062
1392,1537,3.7066293
1392,3671,3.5927753
1392,1982,3.5494263
1392,2819,3.5492516
1392,2791,3.5395718
1392,3255,3.4844012
1392,3068,3.424859
1392,1206,3.3877149
1392,2985,3.295621
1392,592,3.226143
1392,3175,3.2019358
1392,2021,3.1545308
1392,1094,3.0985684
1392,2023,3.0457911
1392,317,3.0326874
1392,465,3.0243554
1392,1391,2.4435341
3228,3196,4.58467
3228,1304,4.5732317
3228,919,4.5406065
3228,1387,4.4802094
3228,1089,4.4088364
3228,1997,4.324602
3228,2565,4.300454
3228,480,4.2505093
3228,2951,4.2486477
3228,2394,3.9042783
3228,2476,3.8216412
3228,112,3.8182414
3228,465,3.7585387
3228,1129,3.75309
3228,2881,3.6558857
3228,1702,2.4183505
1591,111,4.8700266
1591,1953,4.86389
1591,1172,4.862172
1591,1299,4.852734
1591,110,4.758829
1591,3039,4.689699
1591,3098,4.587856
1591,3424,4.5809717
1591,3545,4.5744133
1591,1955,4.550663
1591,265,4.528451
1591,3094,4.511033
1591,1210,4.501053
1591,1994,4.495845
1591,2333,4.4892626
1591,2288,4.475363
1591,3072,4.470877
1591,2797,4.462886
1591,3101,4.447837
1591,2076,4.4424906
1591,3111,4.4080057
1591,1408,4.396367
1591,1082,4.3764615
1591,2065,4.3351054
1591,3591,4.3269277
1591,1376,4.3110476
1591,2455,4.168072
1591,2100,4.1618648
1591,2247,3.9467392
1591,3014,3.9213157
1591,2110,3.8710926
1591,1676,3.6463423
1591,2369,3.5892549
1591,2524,3.549118
1591,3525,3.4887385
1591,3688,3.2608027
1252,2028,4.4743447
1252,1254,4.420384
1252,1208,4.3756495
1252,1225,4.291853
1252,3629,4.2155414
1252,2858,4.203916
1252,2730,3.9100642
1252,3128,3.6538408
1252,3185,3.6179938
1252,1567,3.4209254
1252,3534,3.3773856
1252,3513,3.3217373
1252,3912,2.6097116
3313,1207,4.256996
3313,1208,4.185037
3313,1304,4.0499907
3313,1196,4.046953
3313,1225,4.0256557
3313,1249,4.0203986
3313,1242,3.9946048
3313,1217,3.9384546
3313,1185,3.9382007
3313,1263,3.9205165
3313,2761,3.8897831
3313,1222,3.8722537
3313,3265,3.8633204
3313,2819,3.8291998
3313,1231,3.8088465
3313,1188,3.797133
3313,590,3.7953768
3313,2662,3.792118
3313,778,3.7913656
3313,1387,3.787929
3313,1127,3.7806568
3313,3088,3.780608
3313,1500,3.765542
3313,2194,3.7354655
3313,2624,3.7345195
3313,2872,3.7284489
3313,2398,3.7238195
3313,2648,3.71213
3313,3702,3.7026916
3313,3098,3.6882446
3313,3479,3.6593351
3313,2915,3.6539216
3313,1179,3.6463337
3313,555,3.6260872
3313,3753,3.6198177
3313,1029,3.5894382
3313,2890,3.580855
3313,2009,3.5758545
3313,2529,3.5587037
3313,3751,3.5552664
3313,592,3.5259242
3313,3770,3.5087595
3313,2005,3.5076559
3313,1047,3.4838142
3313,1286,3.4736812
3313,2011,3.4731627
3313,3300,3.4632225
3313,2232,3.4615664
3313,3018,3.4592323
3313,2780,3.43076
3313,3706,3.3972206
3313,2393,3.3642135
3313,288,3.3268995
3313,10,3.278746
3313,3615,3.2536328
3313,1918,3.2185612
3313,2735,3.2141147
3313,2363,3.2100887
3313,15,2.8940332
5986,1945,4.7945633
5986,1132,4.7892184
5986,2858,4.747506
5986,3467,4.576831
5986,232,4.5499372
5986,1947,4.4945436
5986,1265,4.4651294
5986,902,4.399976
5986,36,4.3709908
5986,1103,4.3663692
5986,3424,4.3508115
5986,1357,4.340372
5986,3163,4.2733345
5986,1417,3.3587017
1759,260,4.4046097
1759,539,4.2105207
1759,3753,4.1878176
1759,1748,4.075186
1759,2302,4.0559835
1759,2395,4.0445943
1759,2706,4.029781
1759,587,4.0170164
1759,2671,3.9856188
1759,3175,3.9404635
1759,2011,3.9401376
1759,3948,3.9047856
1759,2407,3.7968657
1759,3623,3.7805443
1759,2683,3.7701917
1759,3264,3.7145853
1759,3004,3.6987019
1759,2567,3.6544602
1759,2124,3.650879
1759,2772,3.6268313
1759,344,3.6159744
1759,1887,3.610566
1759,1883,3.6010785
1759,327,3.5516891
1759,3744,3.4567766
1759,788,3.4190764
1759,174,3.3963938
1759,2498,3.39297
1759,1468,3.3894844
1759,196,3.3838725
1759,1603,3.346136
1759,435,3.2940817
1759,2296,3.2898698
1759,3773,3.2884073
1759,3190,3.2420988
3602,1250,4.41996
3602,1276,4.2384605
3602,1214,4.08838
3602,1732,3.7798963
3602,2683,3.5639844
3602,429,2.510503
2212,3114,4.029001
2212,110,3.9389234
2212,356,3.9078434
2212,2959,3.4944668
2212,2433,3.3375633
2212,2485,3.2972012
2212,1673,3.0843453
2212,2428,3.0779753
2212,2710,3.0423753
2212,785,2.9110098
2212,2720,2.2682931
4566,2186,4.403413
4566,2791,4.0404673
4566,1396,3.911242
4566,3386,3.8765507
4566,648,3.7589083
4566,1688,3.6336281
4566,1367,3.433709
4566,1588,3.4095285
4566,3054,2.4104083
1051,2858,4.688321
1051,903,4.635192
1051,1036,4.6062207
1051,3114,4.5828805
1051,1617,4.5789385
1051,1394,4.578937
1051,978,4.4993296
1051,2071,4.452173
1051,1242,4.440566
1051,3543,4.4049397
1051,1947,4.4017124
1051,356,4.3383517
1051,2336,4.3321667
1051,778,4.3296585
1051,1333,4.326297
1051,1302,4.3236337
1051,2671,4.3209248
1051,1923,4.313969
1051,2268,4.3133087
1051,1721,4.307234
1051,3548,4.2980585
1051,337,4.2728376
1051,3552,4.2532034
1051,2087,4.2276173
1051,165,4.186842
1051,1034,4.1731043
1051,2115,4.1613955
1051,2193,4.1323466
1051,3252,4.063131
1051,1584,4.0371323
1051,280,4.0332155
1051,1290,4.024433
1051,1729,4.0186033
1051,3578,3.9912295
1051,2085,3.9792972
1051,3081,3.9788632
1051,2985,3.963739
1051,514,3.9305825
1051,1047,3.9251604
1051,2165,3.9090097
1051,2746,3.893382
1051,241,3.8516788
1051,266,3.842638
1051,2470,3.8421493
1051,2734,3.8067393
1051,2046,3.804339
1051,3827,3.7991946
1051,375,3.7878165
1051,2657,3.7741888
1051,3698,3.7599502
1051,3101,3.7574809
1051,2105,3.7554233
1051,3865,3.7533767
1051,1061,3.7384448
1051,22,3.7051218
1051,3186,3.7002275
1051,1569,3.6943097
1051,799,3.6743894
1051,783,3.659431
1051,3301,3.632013
1051,3745,3.6112566
1051,2469,3.6110468
1051,3510,3.5775094
1051,736,3.5233493
1051,3615,3.520918
1051,3466,3.4933543
1051,2146,3.4650111
1051,2572,3.4020312
1051,2453,3.3054402
1051,344,3.290955
1051,3744,3.2765093
1051,1391,3.1840956
1051,103,3.1708539
1051,5,3.1576033
1051,3489,3.147159
1051,2710,3.1464398
1051,3553,3.037366
1051,882,3.033123
1051,1665,2.9815257
1051,2327,2.8350601
1051,3752,2.6067407
1051,3388,2.5787294
1051,2421,2.5652237
1051,1970,2.5444636
1051,3717,2.5085397
1051,2429,2.4964192
1051,153,2.4237165
1051,3835,2.3502932
1051,3438,2.346013
1051,3225,2.3065493
1051,818,2.2914968
1051,3156,2.2405527
1051,842,2.1765695
1051,489,2.0832274
1051,3901,2.0751116
1051,3113,1.9867668
1051,2044,1.9848526
1051,1987,1.8773258
1051,2473,1.6829829
1051,502,1.3261093
3513,260,4.5936785
3513,1247,4.4710746
3513,1704,4.295709
3513,2761,4.193056
3513,2248,4.128112
3513,946,4.0782647
3513,1060,4.0613575
3513,1097,3.9961145
3513,1257,3.9643564
3513,322,3.823152
3513,1610,3.815711
3513,3255,3.769726
3513,3536,3.6381032
3513,3868,3.630509
3513,3253,3.5800803
3513,3398,3.524683
3513,3608,3.5034256
3513,2006,3.2763462
3513,2770,3.2730443
3513,2433,3.213213
3513,2236,3.1531897
3513,3698,2.9881423
3513,3441,2.9791446
3513,2723,2.931075
3513,780,2.8670764
3513,736,2.2948368
3513,1552,2.1263065
3513,2404,1.7347977
3513,3438,1.6530204
516,1172,3.6863737
516,1269,3.6652887
516,1199,3.65488
516,3035,3.6092777
516,1253,3.5523472
516,1265,3.530565
516,1237,3.4644578
516,3408,3.2690642
516,920,3.2580094
516,2108,3.2350488
516,2117,3.202293
516,2423,3.198897
516,2795,3.1584795
516,3827,3.1127172
516,2734,3.0979128
516,2985,3.0592492
516,3543,3.0486302
516,3005,3.042207
516,3617,2.9345741
516,1883,2.9331741
516,1241,2.9290996
516,2011,2.8614686
516,1917,2.8458858
516,2613,2.776021
516,2779,2.7474093
516,3846,2.722692
516,2881,2.7203724
516,3704,2.6626935
516,2701,2.1082368
118,1304,4.1903467
118,457,4.1901402
118,3897,4.161399
118,1222,4.0785036
118,1961,4.0620775
118,3062,4.0161185
118,1210,3.9877677
118,2917,3.981424
118,733,3.869619
118,2599,3.7597842
118,377,3.7475538
118,165,3.738419
118,1917,3.732623
118,3624,3.6789348
118,1639,3.6558654
118,1394,3.6407366
118,2628,3.541164
118,2105,3.528515
118,2405,3.4204242
118,2640,3.3915164
118,2094,3.0600014
118,2978,2.8546402
2907,908,3.7074852
2907,3578,3.6957705
2907,110,3.6831574
2907,2936,3.6539917
2907,2804,3.611794
2907,480,3.5971055
2907,1214,3.5773726
2907,377,3.5588408
2907,2692,3.5584712
2907,1294,3.546157
2907,1271,3.5343177
2907,933,3.525926
2907,805,3.4827867
2907,3510,3.4698088
2907,150,3.469497
2907,3928,3.4434023
2907,2683,3.4310563
2907,2006,3.4260097
2907,3033,3.4149122
2907,832,3.412269
2907,708,3.4084463
2907,1954,3.3865428
2907,1769,3.3840802
2907,231,3.3818886
2907,1416,3.3711991
2907,2212,3.3694973
2907,2278,3.3660483
2907,2120,3.3570175
2907,2617,3.352035
2907,875,3.3454838
2907,3497,3.3418145
2907,2605,3.3416357
2907,2409,3.341528
2907,2082,3.338549
2907,2881,3.328744
2907,1799,3.3254414
2907,317,3.3192697
2907,2795,3.3133216
2907,1363,3.3111901
2907,1953,3.3109412
2907,3565,3.3098722
2907,2328,3.3000615
2907,1974,3.2982764
2907,585,3.2967212
2907,434,3.296039
2907,1371,3.2957513
2907,1393,3.2901897
2907,1029,3.2901504
2907,2633,3.2879624
2907,378,3.287952
2907,3927,3.2865543
2907,1503,3.2855923
2907,1014,3.273242
2907,3616,3.26867
2907,3254,3.2677226
2907,2723,3.2592883
2907,1240,3.257489
2907,1644,3.2550683
2907,1359,3.251753
2907,785,3.250635
2907,3299,3.25045
2907,1987,3.2347894
2907,348,3.2331321
2907,1629,3.2327063
2907,160,3.2321856
2907,2709,3.2186642
2907,12,3.2179039
2907,1427,3.2159572
2907,1970,3.2137055
2907,3751,3.2093496
2907,2581,3.2037675
2907,3020,3.1886034
2907,577,3.1806622
2907,3042,3.1731176
2907,2552,3.1715045
2907,2644,3.160632
2907,442,3.1603339
2907,102,3.1569889
2907,870,3.1490076
2907,1747,3.1418378
2907,3439,3.1297898
2907,1713,3.1208549
2907,1996,3.1193376
2907,3785,3.1134496
2907,3409,3.1017966
2907,1073,3.0829415
2907,920,3.081178
2907,1128,3.0759044
2907,2371,3.0258658
2907,2664,2.941835
2907,1230,2.9026587
2907,2291,2.8061461
2907,2968,2.7955742
1748,527,4.224053
1748,1204,4.1613197
1748,3435,4.0923405
1748,1250,4.086157
1748,912,4.0816665
1748,913,3.9599962
1748,1242,3.943753
1748,2973,3.9229887
1748,1147,3.9229202
1748,1952,3.9209921
1748,2064,3.9050317
1748,1200,3.902668
1748,1219,3.8656332
1748,933,3.8515897
1748,1258,3.782341
1748,2863,3.7793674
1748,2947,3.7745647
1748,1041,3.7743645
1748,1610,3.770553
1748,3811,3.7647705
1748,2917,3.758258
1748,2951,3.754983
1748,2966,3.745632
1748,946,3.7409506
1748,3654,3.7138774
1748,1788,3.6915429
1748,2130,3.6376204
1748,3230,3.6167295
1748,1307,3.598177
1748,3736,3.57548
1748,3068,3.5653133
1748,3093,3.5597253
1748,2763,3.556358
1748,480,3.5472422
1748,635,3.542221
1748,3111,3.5344117
1748,2993,3.5163035
1748,733,3.5135043
1748,3241,3.5084786
1748,3101,3.4988644
1748,1777,3.4921293
1748,1805,3.4918518
1748,3635,3.4882245
1748,3927,3.423299
1748,151,3.41861
1748,425,3.4069479
1748,3066,3.3972995
1748,1047,3.3683577
1748,3670,3.36217
1748,3145,3.3535223
1748,563,3.3385756
1748,3769,3.324288
1748,1485,3.3076696
1748,1589,3.3051825
1748,3049,3.2693596
1748,2803,3.1728764
1748,2628,3.1633823
1748,2094,3.1455657
1748,1355,3.0658174
1748,1769,3.0179088
1748,1690,2.8885705
1748,694,2.832548
1748,836,2.7932272
1748,2031,2.789616
1748,2375,2.7330098
1748,2530,2.6384928
1748,548,2.6115434
1748,2412,1.9469777
2456,318,4.173395
2456,2997,3.858542
2456,1240,3.7902088
2456,3147,3.7797065
2456,1079,3.7014928
2456,529,3.672841
2456,3361,3.633872
2456,2268,3.6016467
2456,555,3.5880978
2456,892,3.5833569
2456,538,3.5742776
2456,1290,3.4626234
2456,1965,3.4600804
2456,3868,3.4178662
2456,2687,3.4010627
2456,2173,3.335957
2456,2065,3.3203363
2456,1994,3.294587
2456,1676,2.7742739
2456,2416,2.765685
2456,2476,2.7261438
2456,2012,2.5709867
2456,3033,2.5028322
2456,2628,2.4947596
2456,1917,2.4025126
2456,761,2.2632828
2456,3438,2.1843734
2456,2616,2.141626
2456,2808,1.7549521
2456,416,1.5990845
1543,2571,4.0828776
1543,1674,3.935946
1543,1240,3.8417232
1543,2355,3.7397797
1543,373,3.731265
1543,3363,3.676785
1543,1257,3.6704752
1543,2288,3.660296
1543,471,3.504898
1543,280,3.478074
1543,2700,3.4663658
1543,1688,3.4586673
1543,10,3.4457107
1543,1917,3.4452214
1543,507,3.433545
1543,1573,3.4333973
1543,1965,3.3711045
1543,292,3.326497
1543,172,3.1136718
1543,1876,3.02526
1543,2710,3.0038972
4508,50,4.4810963
4508,1208,4.4160705
4508,903,4.3124475
4508,2186,4.270191
4508,1260,4.238444
4508,720,4.2122874
4508,923,4.1921034
4508,2132,4.1607294
4508,2064,4.143283
4508,1199,4.111621
4508,1997,4.078358
4508,2010,4.036707
4508,2973,4.0174475
4508,3551,3.975971
4508,1060,3.9686604
4508,3671,3.9475343
4508,714,3.9434485
4508,1259,3.9401374
4508,2318,3.9398198
4508,3416,3.9230967
4508,3019,3.920433
4508,1889,3.9190736
4508,3508,3.9075143
4508,1227,3.8841672
4508,1097,3.8759367
4508,1265,3.8711305
4508,1411,3.867059
4508,2949,3.851389
4508,1050,3.8457398
4508,32,3.837844
4508,2848,3.837789
4508,3060,3.8242133
4508,235,3.816968
4508,471,3.7693357
4508,3526,3.7403553
4508,1674,3.730858
4508,2739,3.72201
4508,364,3.7118454
4508,2144,3.7011495
4508,492,3.6937485
4508,1729,3.6652746
4508,1965,3.660811
4508,968,3.655701
4508,1994,3.6425908
4508,1748,3.627847
4508,2140,3.6196434
4508,1910,3.609437
4508,2081,3.5540953
4508,482,3.5362267
4508,3576,3.52406
4508,2245,3.522594
4508,45,3.4705617
4508,507,3.4169095
4508,970,3.39487
4508,2916,3.3766587
4508,661,3.3419602
4508,1025,3.3203866
4508,2403,3.283125
4508,480,3.2760196
4508,2899,3.1271205
4508,2459,3.0954084
4508,1380,3.0918934
4508,3535,3.0804262
4508,1597,3.0748448
4508,3786,3.038116
4508,3844,3.0134747
4508,1907,3.0024152
4508,3770,2.8773732
4508,371,2.8675594
4508,2021,2.8388023
4508,735,2.8076205
4508,1777,2.7652235
4508,500,2.7573826
4508,2249,2.7442691
4508,1352,2.72414
4508,3693,2.6591928
4508,2625,2.6400673
4508,1409,2.5971847
4508,2767,2.5952718
4508,2789,2.5685713
4508,1342,2.567974
4508,282,2.5571628
4508,1769,2.5536273
4508,410,2.5517192
4508,1569,2.5483942
4508,830,2.529865
4508,295,2.443379
4508,1030,2.4027183
4508,542,2.3422532
4508,2668,2.2835743
4508,586,2.2038574
4508,736,2.1975965
4508,2713,2.160358
4508,3436,2.158922
4508,1544,2.1587405
4508,485,2.1082196
4508,3696,2.065825
4508,1353,2.0067291
4508,3248,2.0041702
4508,879,1.8003832
4508,1969,1.7879682
4508,2460,1.7860423
4508,765,1.7759874
4508,3692,1.7597942
4508,1606,1.7264144
4508,2411,1.5955305
4508,1975,1.5954003
4508,1599,1.1522261
3590,2858,4.7894626
3590,1214,4.6276684
3590,1291,4.6255
3590,3578,4.504436
3590,1259,4.4911594
3590,1449,4.4843516
3590,3408,4.4248147
3590,2352,4.4088435
3590,2359,4.3902006
3590,16,4.374472
3590,2791,4.364465
3590,2890,4.3618774
3590,3751,4.3602266
3590,1921,4.3250694
3590,2406,4.315887
3590,2109,4.2753835
3590,2700,4.272703
3590,2687,4.2626605
3590,3255,4.247325
3590,2391,4.240405
3590,2640,4.2358875
3590,3087,4.2310696
3590,1183,4.2259235
3590,21,4.20291
3590,1580,4.140305
3590,3253,4.119339
3590,3174,4.062723
3590,3426,3.9379902
3590,488,3.9374518
3590,1464,3.8787868
3590,1027,3.8147078
3590,3247,3.794472
3590,2375,3.6502361
3590,434,3.5348167
3590,3901,3.514039
3590,168,3.4991612
3590,1391,3.4270756
3590,2787,3.4077845
3590,1717,3.3701196
3590,575,3.357689
3590,2269,3.0782137
3590,2004,3.019556
3590,606,2.45785
1347,527,4.762329
1347,2571,4.642891
1347,296,4.6013846
1347,2329,4.522935
1347,3578,4.4288626
1347,150,4.2909193
1347,2395,4.112196
1347,2700,4.0538692
1347,2890,4.0397587
1347,3793,4.001997
1347,587,3.8509874
1347,3831,3.8501108
1347,3790,3.828209
1347,2291,3.826287
1347,1573,3.746744
1347,1658,3.640452
1347,1733,3.5477753
1347,3562,3.5159783
1347,3744,3.4198227
1347,1544,3.174849
1347,3534,3.0994
1347,3596,2.600155
1347,3325,2.2874079
2485,2329,4.262907
2485,1213,4.1459537
2485,110,4.1310563
2485,265,3.9337122
2485,1968,3.8862667
2485,3408,3.855575
2485,1096,3.844113
2485,1060,3.8296897
2485,94,3.8152993
2485,2686,3.7680573
2485,357,3.69994
2485,1035,3.697173
2485,2109,3.6800833
2485,412,3.6516376
2485,543,3.585133
2485,39,3.5795882
2485,1268,3.5435216
2485,2490,3.4617884
2485,3798,3.4142408
2485,2605,3.3959503
2485,3441,3.389346
2485,2546,3.2542248
2485,2188,3.2050881
2485,1701,3.180667
2485,3176,3.11706
2485,804,3.0565717
4021,858,4.918441
4021,1148,4.836529
4021,3429,4.7213736
4021,2028,4.676975
4021,1953,4.5904074
4021,1248,4.5887113
4021,2726,4.559293
4021,919,4.5301337
4021,1209,4.5250216
4021,3114,4.5217166
4021,2935,4.5108314
4021,3334,4.48968
4021,1264,4.4526787
4021,1079,4.437
4021,1220,4.424201
4021,1394,4.4095583
4021,1069,4.402551
4021,3061,4.3985233
4021,3341,4.395993
4021,1028,4.393753
4021,1265,4.368638
4021,32,4.341427
4021,480,4.34017
4021,553,4.3371315
4021,595,4.3340044
4021,1019,4.310972
4021,1923,4.3099804
4021,1078,4.2968717
4021,440,4.290222
4021,1301,4.2800593
4021,2716,4.259036
4021,3405,4.23418
4021,2150,4.1639795
4021,2080,4.1400166
4021,3685,4.131646
4021,3034,4.0822573
4021,3397,4.066719
4021,2174,4.051535
4021,952,4.049327
4021,2344,4.0455465
4021,597,4.023012
4021,21,4.0006237
4021,2005,3.9965267
4021,616,3.952895
4021,2311,3.9486847
4021,2628,3.9073572
4021,252,3.8850741
4021,3122,3.8703566
4021,2287,3.8499436
4021,2874,3.848462
4021,2469,3.8440173
4021,3633,3.8164508
4021,1573,3.7552931
4021,2867,3.7265072
4021,3846,3.7062645
4021,3759,3.7027006
4021,2,3.684063
4021,1049,3.6806617
4021,1552,3.677044
4021,3611,3.6679509
4021,3807,3.6401887
4021,2532,3.6373339
4021,2746,3.630886
4021,3704,3.6232796
4021,1690,3.5450368
4021,135,3.4833517
4021,2796,3.4825978
4021,830,3.360131
4021,1544,3.3139381
4021,516,3.3061416
4021,464,3.2764688
4021,2399,3.260394
4021,2038,3.2585058
4021,2471,3.174488
4021,2373,3.1250432
4021,3024,3.0929155
4021,2525,3.074658
4021,3432,3.0231338
4021,1440,2.8648858
4021,1590,2.8478968
4021,2668,2.7725918
4021,1591,2.7418492
4021,234,2.4189136
4021,160,2.3532155
4021,3593,2.0407038
4021,2817,1.9788799
1803,1,4.0230885
1803,2268,3.8696551
1803,780,3.7928548
1803,587,3.7348273
1803,235,3.719926
1803,1673,3.6995692
1803,141,3.6644611
1803,7,3.653708
1803,2424,3.6499395
1803,3020,3.639865
1803,3928,3.5948014
1803,648,3.5851908
1803,3476,3.5536287
1803,1918,3.541093
1803,1339,3.5107617
1803,1676,3.4625485
1803,2617,3.4299922
1803,1785,3.3893433
1803,748,3.3881397
1803,1690,3.3793738
1803,1327,3.2941985
1803,3937,3.1922643
1803,153,3.1681805
1803,172,3.1364293
1803,44,3.123065
1803,533,3.0773153
1803,1831,2.9292307
1803,479,2.9231641
1803,485,2.9131823
1803,3919,2.8701878
1803,1977,2.7773442
1803,2710,2.7123327
1803,502,2.6210508
1803,2965,2.456485
1803,3268,2.238052
1449,2019,4.296541
1449,912,4.2296925
1449,50,4.2143707
1449,2858,4.127776
1449,1267,4.06695
1449,1252,4.0580673
1449,905,4.025603
1449,3629,3.9522474
1449,3435,3.9353576
1449,1237,3.9177532
1449,3424,3.8712444
1449,1080,3.8578324
1449,2959,3.8404543
1449,778,3.8058739
1449,3090,3.788899
1449,1,3.7887459
1449,1206,3.7823505
1449,2648,3.7464745
1449,1649,3.715418
1449,3671,3.7083507
1449,2202,3.69592
1449,3551,3.6651053
1449,1103,3.6373777
1449,3200,3.627569
1449,1291,3.6259253
1449,3006,3.616212
1449,162,3.6161084
1449,300,3.5965018
1449,2427,3.5788531
1449,1639,3.5674713
1449,97,3.5650766
1449,555,3.563508
1449,1078,3.5575366
1449,918,3.5484328
1449,3246,3.5075088
1449,3819,3.494769
1449,356,3.4779594
1449,3108,3.424572
1449,3681,3.414927
1449,1186,3.375413
1449,322,3.3714457
1449,3418,3.3633842
1449,2114,3.353995
1449,3039,3.3382046
1449,2621,3.3311028
1449,3915,3.316514
1449,3566,3.2294352
1449,2193,3.1470354
1449,299,3.14353
1449,3020,3.1297786
1449,2736,3.0350685
1449,2344,3.0319371
1449,524,2.8970394
1449,3525,2.8805113
1449,3896,2.8766375
1449,3479,2.876031
1449,3702,2.8673968
1449,112,2.8468053
1449,329,2.8248167
1449,3701,2.8113012
1449,2657,2.7885184
1449,2273,2.7787263
1449,1464,2.736927
1449,3676,2.7351153
1449,3263,2.7052734
1449,962,2.6870134
1449,2145,2.6859646
1449,2475,2.6822524
1449,3235,2.6401355
1449,333,2.6010814
1449,708,2.5967813
1449,517,2.5913856
1449,1645,2.5388794
1449,1713,2.5371761
1449,3594,2.5359979
1449,1010,2.532616
1449,450,2.51497
1449,805,2.457917
1449,2802,2.433228
1449,2476,2.4314117
1449,2860,2.3955038
1449,3157,2.3873608
1449,2188,2.360509
1449,2269,2.3420596
1449,2884,2.3264308
1449,1783,2.2449613
1449,3247,2.1130857
1449,1586,2.0728152
1449,24,2.0632813
1449,2945,2.0597062
1449,2582,2.0286114
1449,79,1.9862595
1449,1440,1.9696169
1449,1552,1.9548701
1449,2411,1.9096525
1449,2286,1.8555932
1449,1779,1.8508909
1449,2456,1.8240591
1449,2072,1.7626777
1449,2458,1.7605919
1449,413,1.5899595
1449,3691,1.557839
1449,185,1.553374
1449,3946,1.5099467
1449,420,1.4904206
1449,3710,1.4399892
1449,1373,1.3120949
1449,2373,1.3077565
1449,2903,1.2175658
1449,1869,1.2147043
1449,1170,1.1734241
1449,1445,1.1713232
1449,2380,1.1646291
1449,1993,1.1549587
1449,3042,1.1285975
1449,2514,1.1218917
2616,1276,3.8995788
2616,1244,3.5427494
1889,1193,4.095684
1889,296,4.015553
1889,1203,3.9691775
1889,1172,3.9028413
1889,1228,3.8918567
1889,608,3.8767002
1889,541,3.8363142
1889,1361,3.8298335
1889,1242,3.809931
1889,457,3.7299037
1889,1246,3.6916354
1889,1230,3.6885328
1889,1080,3.6787374
1889,475,3.6776009
1889,1275,3.6602147
1889,924,3.6478932
1889,1285,3.5803614
1889,2890,3.569453
1889,1220,3.5657287
1889,265,3.5654273
1889,3098,3.5170789
1889,1265,3.5169013
1889,1960,3.5160217
1889,778,3.5147977
1889,364,3.4401746
1889,1185,3.4057288
1889,3105,3.4037175
1889,1732,3.402824
1889,1909,3.3771465
1889,2891,3.3608909
1889,1017,3.334379
1889,3526,3.3312998
1889,3267,3.3229797
1889,3169,3.3067193
1889,2916,3.3026118
1889,2243,3.2869272
1889,159,3.284689
1889,1124,3.277934
1889,2707,3.2741032
1889,2001,3.2723439
1889,592,3.241796
1889,2114,3.2416813
1889,1870,3.1703463
1889,3219,3.129919
1889,352,3.099945
1889,252,3.0682063
1889,1375,3.0595505
1889,3476,2.9519343
1889,2712,2.940705
1889,3698,2.9388938
1889,2879,2.9262571
1889,2587,2.9182978
1889,3115,2.855073
1889,3699,2.848284
1889,3515,2.8256474
1889,2369,2.726818
1889,3249,2.7143583
1889,3638,2.6886199
1889,1601,2.6522744
1889,3355,2.6433852
1889,122,2.4802628
1889,459,2.3958006
1889,208,2.1041954
1889,3354,2.0550966
1889,518,1.9615924
1889,519,1.760946
3640,1247,4.6488695
3640,3147,4.5772467
3640,3510,4.320587
3640,2174,3.955991
3640,3639,3.907096
3640,2753,3.889686
3640,3308,3.6838632
3640,2746,3.648639
3640,3660,3.1843777
4980,260,4.407596
4980,899,4.1859074
4980,919,4.1234403
4980,914,4.078715
4980,1291,3.995318
4980,47,3.9607718
4980,3198,3.9585202
4980,58,3.947239
4980,1206,3.932164
4980,497,3.919232
4980,1674,3.8728616
4980,2194,3.7960598
4980,1292,3.7940378
4980,1270,3.7659993
4980,2359,3.7274961
4980,2268,3.726287
4980,3079,3.721903
4980,1734,3.6829479
4980,2797,3.671071
4980,508,3.61314
4980,3101,3.5730531
4980,2022,3.5260346
4980,597,3.4303102
4980,380,3.252335
4980,339,3.188555
4980,3770,3.167709
4980,3686,2.6702445
4539,318,2.5835106
4539,3067,2.1099489
4539,265,1.9633857
4539,17,1.9613454
4539,954,1.8963853
4539,1201,1.83657
4539,2312,1.7338368
4539,312,1.5227714
4539,3689,1.4880978
4539,2533,1.4262552
4539,2531,1.3688074
3696,1136,4.354492
3696,910,4.3472695
3696,110,4.260894
3696,1617,4.2095594
3696,1266,4.194786
3696,2300,4.184532
3696,1288,4.1813707
3696,3507,4.060693
3696,3508,4.056391
3696,1245,4.00532
3696,1265,3.9600484
3696,3543,3.9586232
3696,2355,3.8973954
3696,3873,3.8872566
3696,3361,3.8497024
3696,3424,3.8451385
3696,104,3.751913
3696,3844,3.4198065
3696,3869,3.216597
3696,3834,3.1969924
3696,2429,3.1509511
3696,3841,2.7120874
2062,1196,4.668259
2062,1272,4.6221266
2062,293,4.4671326
2062,1200,4.459704
2062,2944,4.3535824
2062,1089,4.3429565
2062,3178,4.2331038
2062,780,4.0016184
2062,2952,3.965507
2062,1646,3.4078844
4344,318,4.7877235
4344,1256,4.5715013
4344,1212,4.55348
4344,3730,4.5305243
4344,1234,4.483309
4344,1258,4.442673
4344,913,4.42811
4344,1131,4.4069996
4344,1196,4.360154
4344,2571,4.3355823
4344,1249,4.328221
4344,1097,4.3240557
4344,608,4.292028
4344,1172,4.290442
4344,2692,4.264194
4344,1997,4.2611074
4344,1304,4.259225
4344,1084,4.2571225
4344,1240,4.2562885
4344,1340,4.2031074
4344,1222,4.1933637
4344,3521,4.165063
4344,1077,4.1403365
4344,3135,4.133857
4344,3543,4.1205044
4344,1231,4.117036
4344,1215,4.0786915
4344,921,4.0293717
4344,2395,4.0170484
4344,2947,4.0147676
4344,1968,4.013164
4344,562,4.002642
4344,3396,3.9470644
4344,535,3.9379742
4344,1238,3.9318461
4344,2108,3.9097633
4344,1125,3.8784547
4344,2288,3.8619552
4344,2495,3.8409212
4344,1261,3.8020928
4344,141,3.7810848
4344,2231,3.7758007
4344,2013,3.7742648
4344,3655,3.7103684
4344,171,3.6996808
4344,229,3.5689268
4344,1173,3.5548885
4344,2915,3.5544205
4344,21,3.547801
4344,3706,3.531395
4344,2710,3.4725144
4344,2527,3.4147213
4344,700,3.3554916
4344,1370,3.3537402
4344,2023,3.345656
4344,627,3.3274825
4344,3701,3.3257723
4344,1241,3.325611
4344,2403,3.3191118
4344,1127,3.2944822
4344,3251,3.2907195
4344,2001,3.290112
4344,1376,3.2737784
4344,1805,3.2031603
4344,1454,3.1882539
4344,3479,3.1715496
4344,3428,3.1674662
4344,3771,3.134624
4344,371,3.133801
4344,3732,3.0837617
4344,3725,3.0686917
4344,2416,3.0122747
4344,733,3.0021582
4344,2641,2.9846754
4344,422,2.9660656
4344,1350,2.944138
4344,1320,2.8941557
4344,2530,2.8254905
4344,2362,2.8114133
4344,1332,2.7823248
4344,780,2.7665281
4344,786,2.729795
4344,1088,2.7146835
4344,2252,2.6479208
4344,1286,2.6232448
4344,2378,2.6072116
4344,3704,2.6034405
4344,2990,2.5823002
4344,3254,2.5686567
4344,2520,2.525102
4344,2369,2.51858
4344,512,2.5001323
4344,3697,2.4855714
4344,2451,2.46636
4344,1341,2.4518938
4344,2787,2.4342933
4344,2789,2.3917315
4344,2263,2.3704655
4344,464,2.245951
4344,2992,2.110714
4344,2402,2.0993598
4344,3837,2.0482874
4344,2513,1.9711543
4344,2328,1.9545155
4344,2790,1.9187224
4344,3024,1.8108609
4344,1987,1.7337067
4344,2862,1.6687131
4344,2655,1.5945956
4344,2986,1.5464411
4344,93,1.3794671
4344,2382,1.2030716
4579,904,4.4638286
4579,912,4.3719006
4579,745,4.363512
4579,1197,4.24234
4579,1131,4.2294235
4579,1269,4.2274494
4579,3897,4.2222643
4579,2208,4.164356
4579,2804,4.145896
4579,3578,4.116585
4579,965,4.108881
4579,2726,4.102001
4579,947,4.0255156
4579,1226,4.0133796
4579,2761,4.0084963
4579,1209,3.9951658
4579,3341,3.9809558
4579,1938,3.970108
4579,1296,3.9680939
4579,356,3.9396334
4579,3507,3.9395611
4579,2176,3.9153333
4579,2664,3.8792014
4579,1103,3.8721166
4579,2488,3.8643186
4579,3061,3.8564517
4579,3783,3.8413854
4579,2797,3.8283627
4579,3306,3.820787
4579,2511,3.8143556
4579,1929,3.8101819
4579,3751,3.802991
4579,262,3.7704804
4579,1913,3.7617383
4579,357,3.7604141
4579,594,3.7584453
4579,3675,3.7388587
4579,1912,3.7336087
4579,3256,3.7169957
4579,2150,3.7073607
4579,2941,3.6831603
4579,1067,3.6606183
4579,3461,3.6598866
4579,2763,3.6487794
4579,3512,3.6363797
4579,2174,3.6280024
4579,2529,3.627586
4579,3604,3.6227748
4579,2687,3.6047702
4579,349,3.5789802
4579,1380,3.5631456
4579,2184,3.5483878
4579,937,3.5403996
4579,2870,3.536315
4579,2353,3.5227315
4579,253,3.508174
4579,3179,3.4703317
4579,3893,3.4521832
4579,647,3.4175794
4579,2683,3.3775942
4579,2640,3.3763742
4579,3155,3.2534146
4579,1892,3.2247202
4579,3744,3.1965854
4579,3638,3.0644598
4579,3414,3.0431714
4579,3785,2.9922974
4579,1616,2.9772642
4579,1805,2.966661
4579,2581,2.9543295
4579,1027,2.9309468
4579,2485,2.9009163
4579,3225,2.1378527
4579,3315,1.5316592
526,1196,4.305846
526,2028,4.262423
526,2288,3.789293
526,474,3.7740324
3834,1036,4.944274
3834,1358,4.771972
3834,150,4.644971
3834,1248,4.6000257
3834,3510,4.5955853
3834,733,4.552323
3834,364,4.534634
3834,356,4.509706
3834,440,4.5017667
3834,349,4.4900866
3834,2096,4.456932
3834,104,4.456116
3834,2167,4.3933764
3834,2193,4.382824
3834,2496,4.3633385
3834,377,4.358856
3834,1805,4.33899
3834,1777,4.307331
3834,1597,4.2888756
3834,317,4.270775
3834,1441,4.269476
3834,724,4.251993
3834,3615,4.233781
3834,2985,4.224066
3834,3156,4.2078633
3834,1438,4.2053127
3834,1135,4.204129
3834,1824,4.187469
3834,2717,4.1593494
3834,1031,4.153388
3834,2800,4.1504064
3834,3107,4.1436033
3834,70,4.1421824
3834,1429,4.1286426
3834,2103,4.127911
3834,2429,4.107355
3834,276,4.1022735
3834,1055,4.0415955
3834,2269,4.0316544
3834,1461,4.027894
3834,788,4.002906
3834,3243,3.9295363
3834,2354,3.90801
3834,193,3.9039903
3834,3608,3.8654406
3834,1499,3.8400257
3834,3268,3.7930117
2888,919,4.2049503
2888,2324,4.1505413
2888,457,4.0580134
2888,1258,4.0364017
2888,1090,3.9618123
2888,293,3.900779
2888,480,3.8451056
2888,3448,3.7992735
2888,1249,3.7930121
2888,1028,3.7700253
2888,1721,3.7447293
2888,866,3.7352793
2888,16,3.7196271
2888,3702,3.6907175
2888,2664,3.6157672
2888,161,3.591201
2888,2700,3.571572
2888,441,3.5518403
2888,3020,3.5501053
2888,2455,3.5320277
2888,832,3.5263848
2888,1676,3.4663615
2888,3729,3.4465036
2888,3525,3.441287
2888,292,3.4311671
2888,10,3.4266472
2888,1544,3.4073334
2888,1033,3.3733134
2888,1769,3.3356605
2888,3264,3.2930827
2888,2143,3.2898989
2888,1367,3.2864969
2888,2770,3.2440572
2888,3452,3.231833
2888,1876,3.2249901
2888,3016,3.1687582
2888,3,2.8939824
2888,2699,2.8203545
2888,1591,2.7962387
2888,2808,2.770842
2888,63,2.627393
2888,2126,2.4803996
2888,1499,2.3455937
2858,1,4.5210357
2858,3114,4.504775
2858,2194,4.4359083
2858,1393,4.240607
2858,2080,4.22396
2858,2096,4.211253
2858,2340,3.9436522
2858,881,3.712193
4305,2571,4.7095227
4305,913,4.489077
4305,933,4.4771285
4305,110,4.381447
4305,1219,4.3806286
4305,1240,4.2643433
4305,3753,4.2255526
4305,1028,4.2212734
4305,1968,4.2058043
4305,3201,4.1821733
4305,1340,4.1810975
4305,589,4.16698
4305,2968,4.1445036
4305,1127,4.1102633
4305,1527,4.104547
4305,2150,4.097682
4305,1206,4.0927553
4305,337,4.073722
4305,1693,4.0636716
4305,2393,4.0318785
4305,2881,3.9762177
4305,1552,3.9749715
4305,848,3.9716575
4305,3070,3.9555712
4305,3249,3.9005537
4305,1884,3.8993287
4305,2844,3.8904884
4305,3005,3.8778243
4305,329,3.8691716
4305,36,3.866652
4305,2683,3.8628182
4305,2440,3.8437734
4305,3264,3.8370485
4305,1810,3.819957
4305,2097,3.8185034
4305,1690,3.7864642
4305,2459,3.767244
4305,3698,3.757151
4305,3704,3.7506294
4305,513,3.7233138
4305,3752,3.6988504
4305,370,3.6723623
4305,317,3.6629097
4305,2519,3.6536484
4305,2517,3.6516593
4305,1917,3.6456034
4305,2586,3.5905783
4305,1544,3.568179
4305,1422,3.5486999
4305,3285,3.5342438
4305,1999,3.5089846
4305,2327,3.5021183
4305,70,3.424208
4305,836,3.3596275
4305,2719,3.3356342
4305,3439,2.9473605
4305,891,2.7521398
4305,3661,2.7452533
4305,1986,2.726815
4305,1499,2.6640856
4305,3564,2.5745344
4305,2720,2.5413942
4305,1980,2.4937205
4305,747,2.4029522
4305,2974,2.312529
3988,1265,4.281649
3988,1249,4.246767
3988,2194,4.1414285
3988,2502,4.1237855
3988,2700,3.9452736
3988,1414,3.923686
3988,2321,3.8860767
3988,2572,3.8155332
3988,2539,3.8020878
3988,3186,3.7471666
3988,236,3.7232876
3988,2416,3.7111485
3988,2155,3.7100854
3988,1895,3.6944265
3988,2240,3.6763973
3988,2146,3.6691594
3988,1454,3.667984
3988,252,3.6639323
3988,1353,3.514616
3988,3331,3.0971065
3988,2500,3.0965824
3988,639,3.0650017
3988,3690,2.02191
4162,296,4.654426
4162,1247,4.650199
4162,1196,4.6460204
4162,2501,4.581197
4162,110,4.4777207
4162,17,4.3497305
4162,2671,4.241003
4162,2268,4.2221212
4162,62,4.2180433
4162,3260,4.047394
4162,780,4.033019
4162,25,4.025267
4162,647,3.9726133
4162,253,3.7765868
4162,1513,3.5616865
2881,1079,4.2029734
2881,3624,3.8985062
2881,223,3.8958797
2881,551,3.8580976
2881,661,3.7372887
2881,3752,3.6072388
2881,2657,3.6072261
2881,1566,3.542284
2881,2735,3.3939643
2881,2723,3.2932248
2881,2606,3.2100887
2007,260,4.449582
2007,2028,4.2724886
2007,2064,4.0118427
2007,3037,3.9425673
2007,2002,2.7222984
2007,3721,1.6874096
5186,589,4.167592
5186,1376,3.9079053
5186,1748,3.8581018
5186,2011,3.8316765
5186,1356,3.830612
5186,3702,3.7809503
5186,2145,3.5622563
5186,1573,3.41405
5186,1346,3.4105246
5186,2377,3.2467413
2077,750,4.4924035
2077,1208,4.4306493
2077,608,4.4115667
2077,593,4.3748217
2077,800,4.292796
2077,2300,4.289489
2077,1266,4.212427
2077,3363,4.2024302
2077,3246,4.189524
2077,2791,4.1537876
2077,2194,4.1353993
2077,1246,4.100507
2077,1348,4.090982
2077,866,4.045288
2077,2355,4.035016
2077,1912,4.0006685
2077,551,3.9927285
2077,1500,3.9869576
2077,3361,3.9650536
2077,508,3.879384
2077,3129,3.80471
2077,3718,3.7694945
2077,2291,3.7613964
2077,2145,3.7140934
2077,3893,3.7080173
2077,3624,3.6982832
2077,2245,3.6798925
2077,663,3.6752791
2077,2100,3.5200565
2077,380,3.4787204
2077,2572,3.4666748
2077,2023,3.4623976
2077,2889,3.424687
2077,3699,3.422729
2077,708,3.376303
2077,70,3.350837
2077,3565,3.3325686
2077,3684,3.3174887
2077,1366,3.3114772
2077,409,3.3024092
2077,543,3.287226
2077,3784,3.2159038
2077,3810,3.1527705
2077,3399,3.1005914
2077,537,3.0885682
2077,316,3.065971
2077,2598,3.005815
2077,788,2.8804607
2077,2126,2.8615074
2077,429,2.7712905
2077,3752,2.7378707
2077,3326,2.7236748
2077,1432,2.519371
2077,1003,2.5147684
2077,479,2.4811869
2077,273,2.479059
2077,423,2.4783318
2077,2421,2.4260464
2077,1167,2.3234098
2077,1972,2.114768
2077,3802,2.0626502
2077,420,1.9779164
2077,1969,1.9485779
2077,2404,1.8590677
2077,23,1.8446198
2537,904,4.1288767
2537,3435,4.0201674
2537,2858,3.9312353
2537,1283,3.9087992
2537,1617,3.9012666
2537,1189,3.8953395
2537,2313,3.770818
2537,1,3.7579937
2537,2997,3.7262216
2537,1956,3.6919763
2537,457,3.6207395
2537,2268,3.5773044
2537,508,3.5583627
2537,3552,3.546839
2537,1028,3.5443945
2537,3668,3.4673157
2537,1923,3.4267173
2537,3526,3.426073
2537,1035,3.3839774
2537,555,3.368546
2537,480,3.2869253
2537,1094,3.2867944
2537,2078,3.276814
2537,3210,3.2492483
2537,1124,3.2089114
2537,3812,3.204097
2537,3501,3.1609488
2537,2915,3.1551461
2537,2946,3.0819037
2537,2406,3.0803723
2537,11,3.0591202
2537,3450,2.9206672
2537,3466,2.8670664
2537,2581,2.7165513
2537,2249,2.6785667
2537,1135,2.6589186
2537,1459,2.6438725
2537,2598,2.6208806
2537,1580,2.6004562
2537,1010,2.4989078
2537,2572,2.4227326
2537,367,2.3688693
2537,2098,2.2562373
2537,2828,1.3499262
2537,174,1.2388248
2537,419,1.1295347
4448,2019,5.0490713
4448,1252,4.883459
4448,1267,4.8319893
4448,260,4.8088517
4448,2028,4.733756
4448,2970,4.699856
4448,2176,4.6772985
4448,1096,4.6654406
4448,2858,4.660989
4448,2160,4.658657
4448,1209,4.643757
4448,1923,4.6334057
4448,2761,4.6282406
4448,529,4.623089
4448,3551,4.6171856
4448,1300,4.6165376
4448,595,4.595595
4448,1103,4.547241
4448,2352,4.547056
4448,162,4.544585
4448,590,4.532907
4448,3098,4.5267076
4448,1125,4.506949
4448,319,4.5053577
4448,2716,4.49405
4448,3836,4.485668
4448,3246,4.48019
4448,480,4.4797664
4448,2938,4.473938
4448,1954,4.4592085
4448,1994,4.4572067
4448,1967,4.436949
4448,3408,4.434924
4448,2130,4.416836
4448,1301,4.4145856
4448,3159,4.4081807
4448,3868,4.407358
4448,2046,4.399028
4448,1374,4.3964276
4448,1274,4.3861217
4448,3153,4.383131
4448,2000,4.373088
4448,333,4.347697
4448,2301,4.346999
4448,342,4.3263965
4448,3418,4.323328
4448,492,4.313221
4448,3412,4.3110437
4448,3298,4.3014865
4448,3700,4.297411
4448,2065,4.2902455
4448,1380,4.2483697
4448,2278,4.1904783
4448,2361,4.1897674
4448,1615,4.177761
4448,1407,4.1613064
4448,661,4.135888
4448,2659,4.1120625
4448,3608,4.104938
4448,1173,4.100191
4448,2550,4.0999966
4448,1711,4.0889726
4448,2105,4.072485
4448,1346,4.0365458
4448,2517,4.0263767
4448,145,3.997669
4448,329,3.9600315
4448,1391,3.9552495
4448,2524,3.950594
4448,2560,3.9478655
4448,2605,3.916266
4448,89,3.9013743
4448,788,3.895831
4448,1327,3.886357
4448,2472,3.885338
4448,2881,3.863551
4448,724,3.8506184
4448,3301,3.8454852
4448,2060,3.814652
4448,2540,3.7820835
4448,3316,3.7734137
4448,2699,3.7285314
4448,3596,3.6019015
4448,2471,3.5901482
4448,2147,3.5458403
4448,1431,3.4179635
4448,3438,3.3259144
4448,485,3.238413
4448,2719,3.1579256
4448,880,2.979783
4448,173,2.776696
4448,3593,2.3748245
2290,919,4.0148764
2290,1242,3.9046562
2290,1721,3.7122302
2290,539,3.569442
2290,2779,3.389884
2290,349,3.3473742
2290,1569,3.3258886
2290,2105,3.3179636
2290,2011,3.3107438
2290,3868,3.2693224
2290,3524,3.2604313
2290,2046,3.2327104
2290,2081,3.1915307
2290,588,3.0947757
2290,2371,2.9848132
2290,2890,2.9600346
2290,3,2.872861
2290,640,2.7769673
549,904,4.71377
549,1219,4.6839385
549,2186,4.675838
549,1945,4.661262
549,1036,4.55894
549,905,4.540093
549,2871,4.5177045
549,1086,4.508146
549,2324,4.475503
549,1952,4.4744415
549,3359,4.4631147
549,1960,4.454794
549,1246,4.4235845
549,34,4.3999405
549,920,4.3873196
549,1394,4.38675
549,2973,4.383623
549,1968,4.3740826
549,1077,4.3681555
549,2078,4.3629394
549,17,4.3599563
549,529,4.3509555
549,3088,4.3449993
549,1022,4.344825
549,47,4.3385844
549,3471,4.332591
549,32,4.301599
549,3536,4.3002133
549,1285,4.29772
549,3788,4.264552
549,1784,4.255357
549,471,4.248711
549,2857,4.239981
549,2302,4.2334394
549,1214,4.2295446
549,2355,4.2274837
549,2109,4.2267265
549,2018,4.2213154
549,2144,4.1939225
549,3111,4.1917562
549,3871,4.1890507
549,1584,4.185271
549,3624,4.180338
549,2301,4.1683693
549,1210,4.1616964
549,2371,4.1499662
549,3102,4.1495147
549,2114,4.1357718
549,3723,4.134212
549,25,4.130389
549,1542,4.117563
549,1081,4.108803
549,412,4.093429
549,596,4.0886326
549,1297,4.0826607
549,2160,4.0616307
549,592,4.053151
549,1298,4.0473957
549,2001,4.031906
549,1380,4.010167
549,3308,3.9934626
549,3272,3.9928575
549,1482,3.9834704
549,2764,3.9723976
549,2102,3.96289
549,1785,3.9611506
549,3087,3.959787
549,1059,3.947379
549,1378,3.9338346
549,1286,3.9116023
549,300,3.9039185
549,733,3.9021285
549,3706,3.8785746
549,1476,3.852557
549,3478,3.8250566
549,3639,3.813741
549,597,3.8123944
549,832,3.8011904
549,2617,3.8001897
549,2469,3.7689745
549,2179,3.7475348
549,10,3.7429352
549,2416,3.7128077
549,3524,3.7060974
549,2124,3.6840963
549,2002,3.670977
549,3717,3.6044123
549,3770,3.5599794
549,2335,3.5338159
549,2803,3.4680526
549,2572,3.4533186
549,707,3.4161012
549,1167,3.3692875
549,2587,3.3278718
549,410,3.3016388
549,2792,3.2324657
549,2034,3.1949842
549,259,3.1896696
549,3710,3.0304809
549,15,2.9762077
549,3520,2.975235
549,1887,2.9729958
549,3826,2.885791
549,3754,2.838515
549,3331,2.8091834
549,2170,2.783778
549,430,2.682725
549,3324,2.6240191
549,540,2.6227713
549,444,2.5286422
549,1853,2.426705
549,2256,2.361747
549,3434,2.3395114
549,3616,2.3393795
549,2164,2.1972096
549,1461,2.177468
549,3564,2.1676161
549,12,2.163552
549,3690,1.9581844
1867,3334,2.9913921
1867,3160,2.843391
1867,1079,2.8194928
1867,3451,2.6953585
1867,1747,2.066781
1867,3286,1.3532593
409,2571,4.4527807
409,1203,4.392889
409,1617,4.1976094
409,2966,4.192409
409,1259,4.14302
409,1291,4.13716
409,1231,4.0983987
409,2268,4.0504107
409,1834,3.9720085
409,1694,3.9644186
409,2352,3.9569871
409,2160,3.9531415
409,194,3.9151063
409,3481,3.911678
409,1370,3.787445
409,431,3.7718148
409,3760,3.76777
409,592,3.7620416
409,3087,3.7187147
409,1672,3.6030812
409,2011,3.5443487
409,3809,3.5357347
409,3740,3.5229352
409,2420,3.5160978
409,2023,3.4962385
5329,1252,4.975609
5329,1225,4.8592606
5329,1278,4.7912993
5329,2324,4.790821
5329,1263,4.7855024
5329,3095,4.7414274
5329,3897,4.7152605
5329,800,4.661626
5329,1348,4.639329
5329,2612,4.6172047
5329,2959,4.598551
5329,1968,4.538739
5329,3098,4.5336065
5329,1834,4.5236826
5329,2919,4.5190988
5329,247,4.4851694
5329,2398,4.4475536
5329,1035,4.43464
5329,1357,4.384784
5329,1484,4.370047
5329,1680,4.3517513
5329,2442,4.3318357
5329,2779,4.3002386
5329,3549,4.2905903
5329,1298,4.289783
5329,2866,4.2785797
5329,342,4.2567635
5329,454,4.233884
5329,2065,4.2170067
5329,1393,4.2128286
5329,2114,4.202058
5329,141,4.197308
5329,524,4.183012
5329,1648,4.166707
5329,1190,4.1360426
5329,2891,4.113988
5329,988,4.108204
5329,2455,4.0993547
5329,3211,4.094921
5329,2551,4.0814977
5329,2011,4.0372167
5329,3478,4.0312414
5329,3081,3.985722
5329,2384,3.963809
5329,1569,3.6504343
5329,2532,3.6247709
5329,2374,3.582531
5329,3483,3.5677464
5329,2417,3.5324302
5329,3249,3.4780974
5329,2369,3.476725
5329,3355,3.3296595
5329,2541,3.3150878
5329,2517,3.3039439
5329,784,3.053848
5329,1388,2.9994688
5329,2120,2.7127047
5329,71,1.7399668
5443,1250,4.8993864
5443,296,4.8243065
5443,2324,4.740601
5443,608,4.699044
5443,1288,4.6295586
5443,1199,4.5878506
5443,1960,4.5578227
5443,58,4.5494366
5443,1240,4.519018
5443,2917,4.4839597
5443,920,4.4744143
5443,356,4.457582
5443,1923,4.422882
5443,3424,4.4170156
5443,1374,4.314641
5443,2150,4.283516
5443,2529,4.2620945
5443,2405,4.191186
5443,2141,4.1900883
5443,2,4.167601
5443,1441,4.165999
5443,1129,4.1323047
5443,2901,4.038761
5443,3706,4.0139737
5443,2291,4.0093865
5443,2021,4.0052266
5443,3638,3.9997382
5443,2375,3.948824
5443,1031,3.9286933
5443,3497,3.8991318
5443,2402,3.8989036
5443,2792,3.8872547
5443,1334,3.8448668
5443,436,3.8231719
5443,1920,3.8231134
5443,288,3.8192673
5443,742,3.8167017
5443,1320,3.7646496
5443,849,3.7222946
5443,1377,3.721371
5443,1644,3.6375751
5443,466,3.5354729
5443,2408,3.5134592
5443,93,3.0898442
5443,762,3.0340528
5443,3710,3.0119903
5689,953,4.2017694
5689,1203,4.1238437
5689,2329,4.091631
5689,47,4.061483
5689,1249,3.8773863
5689,508,3.857181
5689,1608,3.79801
5689,6,3.7898817
5689,16,3.7563953
5689,1266,3.753108
5689,3178,3.7417326
5689,3256,3.7399826
5689,1407,3.7157588
5689,3911,3.6977687
5689,2890,3.6841412
5689,3203,3.6292658
5689,2355,3.6107984
5689,10,3.5842285
5689,2236,3.5627954
5689,3950,3.5624087
5689,780,3.5543768
5689,377,3.5482569
5689,1895,3.5305166
5689,1722,3.527128
5689,1042,3.4382355
5689,3108,3.435851
5689,31,3.379641
5689,257,3.3338456
5689,2699,3.1541011
5689,3157,3.1367764
5689,3004,2.6178627
1354,923,4.173505
1354,50,4.1017084
1354,260,4.0486937
1354,1036,3.9358788
1354,1214,3.9268532
1354,904,3.904752
1354,47,3.890327
1354,1240,3.8597212
1354,2565,3.8188536
1354,1396,3.7504525
1354,3527,3.7123342
1354,1917,3.6936464
1354,899,3.693319
1354,3148,3.673614
1354,903,3.6421547
1354,1022,3.6203046
1354,2002,3.6089802
1354,648,3.5561023
1354,2359,3.5423005
1354,1517,3.539463
1354,3477,3.5226984
1354,1997,3.51265
1354,3260,3.5104957
1354,1479,3.5088391
1354,1727,3.495282
1354,32,3.4839172
1354,994,3.469945
1354,3871,3.4693575
1354,74,3.459034
1354,3418,3.4493446
1354,1918,3.4460788
1354,222,3.4456964
1354,2683,3.4446046
1354,2858,3.4396577
1354,1734,3.4365208
1354,3744,3.4248357
1354,3113,3.4226527
1354,2687,3.4120712
1354,592,3.400472
1354,2581,3.3748946
1354,3545,3.371419
1354,1658,3.3374388
1354,450,3.334865
1354,1473,3.3214078
1354,2558,3.315877
1354,1653,3.3005567
1354,1541,3.2881155
1354,3181,3.2864175
1354,353,3.2854733
1354,224,3.2848966
1354,2337,3.28339
1354,3825,3.2816446
1354,1614,3.2777839
1354,2045,3.2777786
1354,2108,3.2732265
1354,305,3.2707446
1354,3060,3.2582502
1354,319,3.256752
1354,1895,3.2539728
1354,1094,3.2390878
1354,839,3.2261574
1354,1831,3.2132566
1354,2686,3.208847
1354,229,3.2000074
1354,2169,3.1977136
1354,2573,3.1683133
1354,2836,3.161931
1354,3553,3.145125
1354,2822,3.1430473
1354,1605,3.1392694
1354,1513,3.1179438
1354,34,3.1154156
1354,2395,3.10406
1354,804,3.0957508
1354,708,3.0878444
1354,2978,3.0693083
1354,3500,3.0577242
1354,485,3.04816
1354,2977,3.0291352
1354,2657,2.94558
3762,260,4.1918216
3762,858,4.1565185
3762,1221,4.106468
3762,1278,3.8965616
3762,1617,3.873303
3762,1284,3.84474
3762,3629,3.830171
3762,933,3.816948
3762,1253,3.7817836
3762,3735,3.6894305
3762,1097,3.557394
3762,2488,3.526857
3762,1333,3.4546733
3762,161,3.4374008
3762,164,3.3127646
3762,1785,3.1625516
3762,2529,3.0519557
3762,230,3.049697
3762,1754,2.9346254
3762,2665,2.9202747
3762,2167,2.9004598
3762,2710,2.789791
3762,2058,2.7437587
3762,353,2.7119632
3762,3513,2.7052567
3762,2657,2.7047763
3762,707,2.679798
3762,565,2.678379
3762,2528,2.640781
3762,2012,2.63039
3762,2094,2.3902802
3762,1717,2.3889227
3762,1320,2.2679558
3762,2901,2.1628463
3762,1970,2.0545053
3762,2163,2.052179
3762,2121,1.9513818
3762,3354,1.9011194
3762,1329,1.9004167
3762,1831,1.8427739
3762,3017,1.7165482
3762,2338,1.6320146
3762,1973,1.4260789
3762,1984,1.4048438
3762,2642,1.3759353
3762,1978,1.2512779
3762,546,1.1950905
3762,2515,1.1681647
3762,1989,1.1615188
3762,3573,1.1535461
4041,1233,4.207283
4041,919,4.205203
4041,296,4.199032
4041,1387,4.0942106
4041,2795,4.091421
4041,594,3.959894
4041,6,3.917451
4041,3396,3.9105647
4041,1257,3.9064984
4041,539,3.8433645
4041,592,3.8422263
4041,3510,3.8137255
4041,2908,3.7977495
4041,2580,3.7845836
4041,377,3.7731688
4041,1285,3.7518551
4041,1396,3.743862
4041,3770,3.7045007
4041,3726,3.6995902
4041,1345,3.6705227
4041,2541,3.6443102
4041,1517,3.6370678
4041,514,3.6369863
4041,610,3.6304607
4041,1025,3.6182227
4041,648,3.6133132
4041,3020,3.5978484
4041,2021,3.4985738
4041,3809,3.4968503
4041,2759,3.43785
4041,372,3.4377334
4041,2416,3.3812494
4041,366,3.3642204
4041,1616,3.3543422
4041,2110,3.3499577
4041,2082,3.296505
4041,2260,3.255001
4041,1371,3.2214744
4041,1128,3.2200193
4041,2148,3.2018735
4041,186,3.195616
4041,2328,3.178512
4041,3837,3.1783826
4041,3355,3.1698172
4041,1320,3.1494527
4041,1483,3.1152418
4041,1983,3.0935524
4041,2953,3.093379
4041,2668,3.08677
4041,990,3.060021
4041,784,3.0535376
4041,379,3.0500972
4041,1999,3.0329928
4041,3273,3.0184355
4041,485,2.9941134
4041,2530,2.949543
4041,1562,2.9403243
4041,611,2.9066365
4041,2713,2.8820448
4041,267,2.8772402
4041,355,2.8523896
4041,1373,2.847025
4041,2827,2.796229
4041,2456,2.794136
4041,3843,2.7897754
4041,1975,2.7789304
4041,1969,2.7619848
4041,2720,2.7234793
4041,2404,2.694542
4041,742,2.6921535
4041,1986,2.6818738
4041,2806,2.6075444
4041,2719,2.40589
4041,1681,2.3814988
4041,3268,2.139456
5333,260,4.3560896
5333,527,4.285932
5333,904,4.2847295
5333,1212,4.2734666
5333,1196,4.2618265
5333,318,4.190382
5333,1225,4.150964
5333,1172,4.0850983
5333,3949,4.075972
5333,1267,4.02386
5333,307,3.9799788
5333,2501,3.97156
5333,1280,3.9671936
5333,541,3.92498
5333,1270,3.923514
5333,2761,3.8872175
5333,3911,3.885405
5333,1213,3.8776894
5333,1188,3.822959
5333,2745,3.8185625
5333,902,3.8051329
5333,17,3.8045444
5333,1022,3.8037388
5333,2080,3.8027647
5333,1073,3.791889
5333,1302,3.7898188
5333,2289,3.7844403
5333,2268,3.7829218
5333,1103,3.7803307
5333,2959,3.774577
5333,2353,3.7625742
5333,2194,3.7561831
5333,3548,3.7325091
5333,3256,3.7266226
5333,596,3.7224274
5333,2406,3.6985617
5333,1608,3.6983004
5333,1285,3.6788688
5333,3246,3.6533704
5333,2125,3.647555
5333,2690,3.6258345
5333,1994,3.6229904
5333,1013,3.6192985
5333,3844,3.6054528
5333,3100,3.6021857
5333,25,3.5934014
5333,2620,3.58311
5333,2890,3.5824132
5333,2020,3.5810738
5333,1653,3.5797665
5333,3855,3.5713582
5333,1678,3.5697837
5333,2166,3.5643365
5333,300,3.5537639
5333,1836,3.525218
5333,736,3.5045967
5333,3927,3.4946308
5333,441,3.4925194
5333,3893,3.479191
5333,252,3.45931
5333,2245,3.457941
5333,1648,3.45597
5333,224,3.4441261
5333,2567,3.4327462
5333,1409,3.4264429
5333,2094,3.4261074
5333,1600,3.4242122
5333,2546,3.4197655
5333,2143,3.4193017
5333,2108,3.401232
5333,852,3.3995697
5333,2155,3.395679
5333,3269,3.3929505
5333,3790,3.381971
5333,114,3.377407
5333,3513,3.3650002
5333,3752,3.3460624
5333,1573,3.3172758
5333,1801,3.309838
5333,3156,3.2849529
5333,2998,3.2726846
5333,2133,3.2609403
5333,3225,3.253705
5333,3457,3.2404165
5333,2978,3.2260559
5333,2084,3.2128406
5333,3285,3.2080462
5333,1804,3.1761646
5333,1488,3.1723099
5333,237,3.1288607
5333,784,3.1152492
5333,1498,3.1115274
5333,1591,3.088366
5333,2091,3.057678
5333,836,3.0375485
5333,1975,3.0026817
5333,1562,2.9953384
5333,2778,2.951125
5333,1681,2.7256808
284,296,4.581973
284,2028,4.513009
284,1203,4.4647245
284,232,4.3371286
284,541,4.2569327
284,47,4.2075777
284,1387,4.151042
284,2565,4.0860653
284,3578,4.0473967
284,1274,4.042711
284,1019,3.9800317
284,2355,3.9553828
284,1965,3.9402008
284,1968,3.9312975
284,364,3.7325482
284,1527,3.7093778
284,1025,3.6893847
284,3927,3.6207013
284,2916,3.5801728
284,2096,3.5277097
284,1584,3.5170958
284,2301,3.4784737
284,2841,3.432581
284,1033,3.3748412
284,3745,3.274358
284,587,3.2206478
284,2634,3.1918075
284,2143,3.179859
284,2105,3.1142902
284,2133,3.0947165
284,3740,3.0945039
284,70,3.0314484
284,442,3.0168955
284,2340,2.9625494
284,2478,2.7975807
284,5,2.779226
284,3264,2.6270695
284,1009,2.5578651
284,338,2.397217
284,3013,2.268835
284,688,2.167183
284,1983,2.1336832
284,3826,2.110601
284,2404,1.8781321
284,185,1.7973515
284,3286,1.775662
284,3354,1.6754076
284,839,1.4330887
284,2720,1.3289641
284,1707,1.2960112
284,3564,1.2645955
284,2462,1.0717851
3356,318,5.1834555
3356,527,5.0698595
3356,2858,4.8972516
3356,1247,4.895879
3356,3730,4.8612103
3356,111,4.857742
3356,1196,4.766827
3356,1230,4.763652
3356,919,4.7187657
3356,2648,4.7023416
3356,914,4.646803
3356,2797,4.6159477
3356,920,4.6055727
3356,2908,4.567062
3356,1282,4.518919
3356,2947,4.5161257
3356,900,4.4553704
3356,2944,4.4437656
3356,3871,4.4029617
3356,2633,4.3129835
3356,1094,4.2959876
3356,2912,4.283078
3356,1374,4.249729
3356,1909,4.125515
3356,2657,4.04766
3356,2193,4.0106525
3356,2159,4.0076823
3356,2453,3.8215075
3356,2652,3.323558
1980,1193,4.6886396
1980,1148,4.679725
1980,2571,4.606741
1980,953,4.509593
1980,3730,4.4830375
1980,246,4.378331
1980,356,4.30911
1980,3471,4.3059225
1980,2959,4.304169
1980,3114,4.271894
1980,475,4.2541246
1980,2908,4.2408175
1980,3498,4.2164726
1980,3728,4.2090755
1980,17,4.1997404
1980,3037,4.1993356
1980,1934,4.194371
1980,581,4.1825333
1980,1673,4.17548
1980,34,4.166893
1980,1968,4.155268
1980,497,4.1157722
1980,1095,4.1087484
1980,1408,4.1086864
1980,3424,4.103427
1980,1078,4.0964093
1980,194,4.0880985
1980,1834,4.071441
1980,594,4.0460515
1980,2662,4.0447106
1980,3148,4.0404735
1980,1653,4.0278435
1980,3675,4.0044613
1980,1663,3.9909742
1980,3713,3.9806304
1980,2073,3.9641337
1980,1732,3.9424865
1980,2076,3.9378898
1980,2096,3.9277306
1980,1959,3.9245136
1980,509,3.923483
1980,3384,3.8984003
1980,25,3.8891625
1980,523,3.8860078
1980,448,3.8672507
1980,3723,3.8648908
1980,1215,3.8536105
1980,1897,3.852878
1980,1125,3.835809
1980,1694,3.8264604
1980,2437,3.8263116
1980,1962,3.8200965
1980,553,3.81602
1980,2671,3.8004854
1980,3868,3.7717817
1980,2640,3.770989
1980,339,3.7560751
1980,2321,3.7551284
1980,26,3.7540903
1980,3624,3.7527745
1980,2291,3.7413871
1980,417,3.7290998
1980,1747,3.7039647
1980,1372,3.7022734
1980,2502,3.7001781
1980,2236,3.6642125
1980,1173,3.638094
1980,988,3.6236153
1980,329,3.6012359
1980,2985,3.6005456
1980,2759,3.5769897
1980,3194,3.5739672
1980,11,3.569213
1980,1093,3.5549135
1980,2706,3.5404885
1980,3032,3.536123
1980,1370,3.4983854
1980,1031,3.4659655
1980,2770,3.4454422
1980,832,3.4031239
1980,543,3.345005
1980,1334,3.2965336
1980,1027,3.2914414
1980,2775,3.2162268
1980,2340,3.2013407
1980,1020,3.185883
1980,2469,3.1845548
1980,1377,3.1827455
1980,3106,3.159946
1980,1513,3.1545758
1980,2252,3.1523504
1980,2752,3.1378617
1980,1544,3.1199896
1980,1733,3.108731
1980,1363,3.0829177
1980,294,3.0767639
1980,2297,3.0489328
1980,2413,3.044919
1980,2787,2.950613
1980,350,2.938726
1980,2581,2.9005136
1980,216,2.8565452
1980,2367,2.856245
1980,1353,2.8534966
1980,3686,2.835476
1980,1320,2.799892
1980,2095,2.7580357
1980,2316,2.6682413
1980,783,2.6503034
1980,818,2.6023736
1980,429,2.5881634
1980,1388,2.5007448
1980,2408,2.4467378
1980,3325,2.222099
1980,1373,2.172302
1980,2082,2.133662
1980,1831,2.103424
1980,2149,2.0807788
1980,1855,1.9938586
1980,2701,1.8891908
1980,1562,1.8512657
1980,1644,1.8218035
1980,2720,1.7274196
1980,2456,1.7177923
1912,1945,3.1607642
1912,1278,3.155265
1912,2935,3.1344647
1912,111,3.0817208
1912,1260,3.0072842
1912,1276,3.0067902
1912,3341,2.983817
1912,293,2.9834177
1912,457,2.979158
1912,3196,2.9731157
1912,2729,2.9305592
1912,2176,2.8861952
1912,2357,2.877749
1912,1929,2.8684986
1912,1348,2.8604572
1912,1900,2.860262
1912,994,2.8408465
1912,2599,2.7853448
1912,3788,2.7825
1912,356,2.767832
1912,3075,2.7650301
1912,348,2.752375
1912,235,2.7467659
1912,1082,2.7317762
1912,3498,2.7126834
1912,971,2.7057495
1912,1694,2.6949823
1912,2303,2.694254
1912,1845,2.682901
1912,2664,2.6826224
1912,1639,2.6655877
1912,1224,2.649045
1912,1183,2.637458
1912,3039,2.6293583
1912,1914,2.6008584
1912,1078,2.5914822
1912,1633,2.5907202
1912,1035,2.5592737
1912,3639,2.5567648
1912,3201,2.52732
1912,3814,2.5269296
1912,3952,2.5193017
1912,151,2.5105176
1912,1734,2.4953825
1912,3011,2.4721074
1912,2144,2.4577873
1912,3751,2.4567478
1912,2202,2.452666
1912,501,2.427964
1912,2076,2.4210706
1912,1951,2.4152849
1912,2178,2.4133515
1912,3384,2.3826566
1912,333,2.3806953
1912,2245,2.3379948
1912,34,2.3069692
1912,2009,2.3039458
1912,425,2.2865236
1912,2366,2.2654524
1912,2312,2.263531
1912,1407,2.1921124
1912,2550,2.172014
1912,2413,2.1519923
1912,3873,2.135381
1912,1810,2.1118536
1912,1943,2.0904145
1912,2115,2.0841413
1912,1092,2.0666206
1912,1721,2.058233
1912,2915,2.0556521
1912,3217,2.0341039
1912,3791,2.0194647
1912,2722,2.0172462
1912,1268,1.9863131
1912,2013,1.9584117
1912,2201,1.9308997
1912,674,1.8400916
1912,1027,1.8126663
1912,3528,1.7802063
1912,231,1.773679
1912,2335,1.717576
1912,736,1.7063081
1912,1930,1.7045169
1912,2072,1.6968434
1912,2519,1.6802707
1912,586,1.6470171
1912,3249,1.6094401
1912,1088,1.5719657
1912,2517,1.5477797
1912,2986,1.4871094
1912,48,1.4600977
1912,1613,1.3695424
1912,2979,1.3113616
1912,1562,1.2058686
1912,1980,1.1502602
1912,2655,1.1363311
5193,2019,4.586399
5193,2858,4.324424
5193,1199,4.1844378
5193,3114,4.155729
5193,1288,4.1367326
5193,1956,4.108942
5193,2918,4.091026
5193,2997,4.0653567
5193,2070,3.990385
5193,3424,3.9204412
5193,32,3.9199295
5193,3060,3.8209603
5193,480,3.8150258
5193,1959,3.793796
5193,3685,3.7248747
5193,1527,3.6890588
5193,417,3.6600676
5193,45,3.606666
5193,3261,3.4752808
5193,708,3.4329712
5193,7,3.3651848
5193,514,3.2926447
5193,852,3.2069392
5193,468,3.0980542
5193,1690,2.1482575
5193,2701,1.507517
1011,2797,3.7995625
4089,527,4.5357046
4089,1225,4.3882647
4089,1196,4.339861
4089,1961,4.309678
4089,2028,4.2692356
4089,3006,4.251977
4089,3114,4.2193713
4089,2571,4.2085104
4089,480,4.1102343
4089,1073,4.0905046
4089,1321,4.083224
4089,2918,4.0777674
4089,1,4.0741243
4089,1954,4.0521235
4089,1673,4.0281878
4089,2081,4.010794
4089,2686,4.0009394
4089,1732,3.9950533
4089,3210,3.9911652
4089,3510,3.975206
4089,161,3.971712
4089,1625,3.95421
4089,368,3.900375
4089,345,3.8827102
4089,141,3.8711247
4089,1682,3.861991
4089,3358,3.8506122
4089,2857,3.8452854
4089,2700,3.8416567
4089,441,3.8355913
4089,3598,3.814475
4089,1061,3.8115566
4089,2321,3.8106205
4089,1042,3.8008604
4089,3466,3.788519
4089,2174,3.7824297
4089,3699,3.7812934
4089,3112,3.7798605
4089,223,3.7574816
4089,3556,3.7347214
4089,1385,3.730134
4089,2085,3.7279549
4089,2167,3.72615
4089,2600,3.7234962
4089,2145,3.7075813
4089,3174,3.657388
4089,2340,3.6529117
4089,3528,3.6468735
4089,1135,3.6456947
4089,2746,3.6450741
4089,3896,3.6399276
4089,70,3.5868237
4089,3701,3.5753064
4089,3566,3.5527015
4089,2639,3.5524256
4089,2433,3.5304184
4089,2169,3.4956727
4089,2105,3.4945147
4089,2432,3.489892
4089,372,3.4828181
4089,3263,3.4226706
4089,2260,3.4105406
4089,3438,3.3736873
4089,3208,3.3663049
4089,3355,3.3201272
4089,2410,3.2330794
4089,2473,3.1916945
4089,1713,3.134377
4089,3313,3.095658
4089,2792,3.0925255
4089,2668,3.0501533
4089,208,2.998283
4089,2422,2.7764685
4089,2122,2.766208
4089,1984,2.5662866
342,1196,4.3680987
342,1097,4.144084
342,1954,4.134136
342,1265,4.103143
342,11,3.9978845
342,2716,3.96597
342,588,3.9506264
342,1580,3.9005814
342,104,3.8509607
342,2012,3.3603392
342,442,3.0356948
5878,296,4.46482
5878,2571,4.284952
5878,1230,4.1510196
5878,955,4.118548
5878,529,4.1030636
5878,1175,4.0447154
5878,1545,4.034387
5878,1961,4.030836
5878,3160,4.026547
5878,931,3.9538326
5878,2359,3.9132352
5878,2750,3.823399
5878,3271,3.8129988
5878,2140,3.7987907
5878,3028,3.7968488
5878,349,3.7337656
5878,3526,3.7235322
5878,1268,3.694209
5878,1186,3.6850312
5878,1187,3.6752248
5878,3896,3.663414
5878,2278,3.648132
5878,2939,3.625001
5878,2657,3.6118946
5878,69,3.6067908
5878,1569,3.6014788
5878,85,3.5721707
5878,2747,3.4561465
5878,351,3.401894
5878,376,3.3913832
5878,543,3.3886452
5878,339,3.3410962
5878,1735,3.2808294
5878,3109,3.2741404
5878,358,3.2712402
5878,377,3.2537677
5878,724,3.2367194
5878,3755,3.1775963
5878,3051,3.164949
5878,2432,3.1466107
5878,3247,3.1146717
5878,152,3.012792
5878,3534,2.998438
5878,218,2.9918308
5878,273,2.9910672
5878,46,2.9815197
5878,1842,1.6162468
518,2762,4.9496417
518,1304,4.904229
518,953,4.8664722
518,47,4.846195
518,2396,4.7176585
518,1214,4.655724
518,920,4.605275
518,1028,4.5906124
518,915,4.566561
518,3067,4.516168
518,2289,4.5118074
518,2664,4.497525
518,2243,4.368097
518,2763,4.3610544
518,30,4.3173065
518,1721,4.3163357
518,1183,4.3030076
518,3250,4.19629
518,1339,4.138995
518,2056,4.131986
518,468,4.114436
518,2174,4.109925
518,1733,4.0268726
518,3623,3.898808
4774,858,4.936544
4774,1233,4.7212186
4774,593,4.6772766
4774,2858,4.6222415
4774,800,4.5426564
4774,2951,4.4554305
4774,553,4.3778124
4774,1527,4.3695383
4774,3317,4.365793
4774,1466,4.3263144
4774,1805,4.263975
4774,194,4.2338285
4774,3298,4.168748
4774,1480,4.145257
4774,2475,4.0005283
4774,1690,3.9560468
4774,2387,3.910668
4774,1770,3.8983357
4774,3826,3.728596
4580,1172,4.4206767
4580,3819,4.319166
4580,446,4.286373
4580,3147,4.221694
4580,2352,4.1307454
4580,3067,4.0728564
4580,3543,4.0547523
4580,334,4.0397005
4580,1183,3.901787
4580,73,3.8982186
4580,3072,3.8554976
4580,1187,3.809658
4580,2294,3.8004653
4580,2349,3.7886977
4580,468,3.6724372
4580,2433,3.6062982
4580,3156,3.4464293
5880,904,4.107124
5880,1193,4.025285
5880,1203,4.0128217
5880,2571,3.9443989
5880,923,3.8954875
5880,1172,3.8849776
5880,3000,3.8176882
5880,2300,3.76785
5880,2918,3.7482765
5880,3088,3.7387629
5880,2330,3.7170243
5880,1210,3.7115405
5880,1282,3.6951747
5880,1226,3.6943965
5880,1265,3.6934323
5880,1080,3.679238
5880,3735,3.6768386
5880,2797,3.6561081
5880,3362,3.6560764
5880,3551,3.6113927
5880,778,3.5887156
5880,595,3.5393963
5880,2140,3.5343003
5880,3852,3.5029225
5880,2006,3.5020525
5880,1912,3.4661646
5880,1177,3.4649196
5880,1500,3.443505
5880,1186,3.4379306
5880,1584,3.4245813
5880,2599,3.4118142
5880,2529,3.4001288
5880,3163,3.3564706
5880,2112,3.3512323
5880,2083,3.3510013
5880,2640,3.3349507
5880,2763,3.3187528
5880,2946,3.312445
5880,3686,3.3067183
5880,3524,3.3066216
5880,2001,3.295828
5880,72,3.29033
5880,2115,3.276204
5880,588,3.271015
5880,492,3.2378647
5880,3712,3.2127397
5880,2294,3.2035038
5880,35,3.196574
5880,2424,3.1964808
5880,968,3.1872535
5880,2985,3.1706817
5880,2090,3.1601858
5880,3210,3.1446953
5880,229,3.1266904
5880,507,3.1265407
5880,1729,3.1181483
5880,3070,3.102049
5880,2384,3.1007214
5880,198,3.098298
5880,2942,3.070499
5880,3254,3.0593898
5880,1673,3.0255017
5880,3620,2.9968839
5880,2605,2.9847713
5880,44,2.9560866
5880,1680,2.9344354
5880,2146,2.8830683
5880,2709,2.8421311
5880,1816,2.7808394
5880,3557,2.7527854
5880,2034,2.7166975
5880,537,2.689751
5880,2267,2.5889544
5880,1713,2.4145253
5880,2616,2.3913946
5880,2582,2.278129
5880,1591,2.2604442
5880,3156,2.2451203
5880,1391,2.1960495
5880,2701,1.9554206
5880,546,1.4659599
3825,954,3.988666
3825,2762,3.963338
3825,1248,3.959926
3825,3089,3.948835
3825,1254,3.9478936
3825,905,3.9220655
3825,1358,3.8744411
3825,1304,3.8712428
3825,1266,3.868815
3825,1206,3.8099108
3825,293,3.7623956
3825,3095,3.740592
3825,2921,3.6647844
3825,1265,3.5355744
3825,3421,3.5296953
3825,337,3.3156443
3825,2987,3.193969
3825,952,3.1698346
3825,175,3.1627784
3825,2117,3.0942945
3825,1022,3.0863776
3825,1029,3.0627513
3825,3809,3.007164
3825,1587,2.8779953
3825,2734,2.8238268
3825,377,2.8143458
3825,104,2.7674227
3825,1020,2.648165
3825,2001,2.5847847
3825,288,2.4896562
3825,2111,2.4492404
3825,3633,2.4274752
3825,2617,2.427462
3825,3450,2.422427
3825,1088,2.3259513
3825,2990,2.3123999
3825,218,2.2442453
3825,3264,2.2221851
3825,3254,2.197665
3825,2054,2.15043
3825,2699,2.109081
3825,1991,2.106405
3825,2478,2.0483608
3825,1377,2.0267925
3825,2796,2.007264
3825,605,1.7792461
3825,1091,1.7289412
3825,3257,1.6925753
3825,248,1.6572444
3825,2264,1.4203031
3825,1992,1.2042361
3825,3027,1.1535084
889,318,4.2140083
889,527,4.1430917
889,1212,4.044285
889,3429,3.9476194
889,2186,3.907691
889,110,3.8921165
889,1203,3.8769205
889,1066,3.858927
889,1949,3.82036
889,1211,3.7077188
889,1248,3.6955442
889,3341,3.6842752
889,2997,3.6792152
889,3897,3.6561773
889,3362,3.651504
889,1263,3.6363935
889,1272,3.5699024
889,1953,3.5630744
889,2940,3.5594501
889,1950,3.5365045
889,1281,3.5342307
889,1834,3.4847581
889,58,3.4825802
889,1099,3.467951
889,3929,3.4636576
889,973,3.449578
889,1292,3.4318223
889,1913,3.4190645
889,232,3.4099417
889,2973,3.4016309
889,2398,3.384213
889,2810,3.3769157
889,728,3.343524
889,1653,3.337693
889,440,3.336363
889,3364,3.3263407
889,3870,3.31269
889,1125,3.3070726
889,1788,3.297778
889,508,3.2545748
889,2488,3.2537255
889,2951,3.2287545
889,2068,3.2282372
889,2396,3.2157185
889,3159,3.2074873
889,3925,3.2000282
889,2359,3.1738963
889,3408,3.1659863
889,1127,3.1628036
889,1175,3.1592631
889,751,3.1285653
889,3952,3.113486
889,2076,3.1114292
889,1699,3.0984812
889,3104,3.0976505
889,3852,3.0946302
889,1179,3.0787368
889,3171,3.0680065
889,1845,3.0409794
889,3358,3.0052652
889,2423,3.0013125
889,1683,2.9973102
889,3071,2.992055
889,448,2.969777
889,3163,2.9620357
889,3702,2.9597032
889,1633,2.9522038
889,2145,2.9514246
889,211,2.949604
889,1298,2.9460073
889,2187,2.9371676
889,3576,2.9213245
889,1285,2.9175253
889,3538,2.91613
889,970,2.9003835
889,3167,2.8964455
889,1805,2.8849564
889,2081,2.8838003
889,2349,2.88368
889,302,2.8779497
889,1372,2.8696592
889,412,2.8551896
889,2600,2.8500416
889,2245,2.8391943
889,3296,2.8386872
889,2476,2.83795
889,85,2.829218
889,1393,2.8004425
889,2407,2.7753105
889,3569,2.7701287
889,2080,2.7315314
889,2140,2.7157798
889,335,2.6991355
889,674,2.6911888
889,2025,2.672005
889,2747,2.655568
889,3174,2.6549413
889,2102,2.650599
889,2727,2.649008
889,2633,2.6480038
889,2496,2.6446342
889,2413,2.6239352
889,2583,2.612497
889,1415,2.6095796
889,760,2.5847418
889,1153,2.5638297
889,2606,2.553821
889,1154,2.5477154
889,2485,2.5336533
889,1320,2.5233796
889,3264,2.5226045
889,2011,2.5219364
889,1580,2.5215237
889,3738,2.5174232
889,2114,2.5169275
889,3308,2.5007722
889,2482,2.491502
889,1733,2.4907463
889,2672,2.4802127
889,495,2.4514432
889,2003,2.4204519
889,997,2.4152884
889,339,2.3595307
889,2084,2.3441646
889,1380,2.3254292
889,1458,2.318412
889,3269,2.3072114
889,218,2.2690287
889,2752,2.2343845
889,2266,2.234015
889,2246,2.224914
889,3033,2.203586
889,2657,2.1907372
889,2405,2.1672132
889,1487,2.1560404
889,3457,2.149896
889,239,2.1211436
889,2704,2.1090245
889,3693,2.099226
889,697,2.0976026
889,1549,2.0944214
889,1640,2.0338001
889,3579,2.032148
889,3660,2.030907
889,1862,2.0258937
889,258,2.0200233
889,1100,2.0015297
889,2200,1.9137762
889,2815,1.8988521
889,3946,1.8828093
889,687,1.8218832
889,1760,1.8037217
889,3177,1.7938156
889,987,1.7507316
889,2126,1.7366138
889,160,1.7201556
889,1322,1.6751446
889,3931,1.6608198
889,93,1.6507508
889,1590,1.6464088
889,3299,1.5900908
889,1976,1.5889456
889,1993,1.5331128
889,3767,1.441442
889,3574,1.4225593
1698,3429,4.7559347
1698,1208,4.6991577
1698,1148,4.696398
1698,1234,4.694785
1698,1248,4.6373606
1698,951,4.616626
1698,1300,4.611004
1698,1247,4.594722
1698,1945,4.588073
1698,1949,4.5722113
1698,2692,4.557613
1698,1263,4.5547175
1698,2804,4.52886
1698,3578,4.503891
1698,1023,4.4916706
1698,942,4.484964
1698,1294,4.481786
1698,1080,4.48115
1698,778,4.4716115
1698,3342,4.431942
1698,3424,4.418232
1698,2761,4.410445
1698,2791,4.395371
1698,2788,4.3930836
1698,307,4.383597
1698,1028,4.346312
1698,41,4.308781
1698,918,4.307437
1698,3201,4.306925
1698,213,4.3025947
1698,110,4.30009
1698,1374,4.2876534
1698,2908,4.287218
1698,3932,4.2566996
1698,1082,4.2534966
1698,2611,4.2473326
1698,1343,4.227721
1698,1261,4.2078056
1698,1885,4.1927996
1698,2391,4.187923
1698,3727,4.171228
1698,3328,4.1691484
1698,549,4.1421137
1698,595,4.1388416
1698,1365,4.133659
1698,1120,4.1297636
1698,3681,4.1188774
1698,2529,4.092387
1698,893,4.0745325
1698,2302,4.0689945
1698,1202,4.056407
1698,1682,4.0545
1698,2401,4.046289
1698,3008,4.0389357
1698,665,4.033839
1698,3700,4.0281906
1698,2696,4.016446
1698,349,4.015723
1698,2929,4.0069227
1698,1022,3.9983888
1698,766,3.9470603
1698,3854,3.930743
1698,2991,3.927205
1698,1029,3.8740785
1698,3685,3.8622127
1698,3952,3.817945
1698,2657,3.8108587
1698,2407,3.8100655
1698,1701,3.78996
1698,2105,3.7769809
1698,3015,3.7681932
1698,159,3.7619433
1698,1584,3.7456346
1698,3729,3.7288198
1698,1658,3.69153
1698,14,3.6892715
1698,1372,3.6862574
1698,1573,3.6615565
1698,2459,3.6244545
1698,1425,3.6202018
1698,1699,3.5668087
1698,2710,3.530838
1698,152,3.420652
1698,3638,3.4053888
1698,1135,3.3838732
1698,2247,3.3688753
1698,2557,3.3433418
1698,1919,3.3191266
1698,3082,3.3190336
1698,1016,3.2793808
1698,392,3.248959
1698,2683,3.2434528
1698,316,3.2002122
1698,3219,3.1975038
1698,3749,3.182085
1698,288,3.1585367
1698,735,3.1563108
1698,2524,3.006181
1698,2877,2.9619637
1698,2901,2.9041193
1698,2794,2.8766336
1698,1191,2.8764029
1698,2513,2.7743168
1698,1917,2.6090727
1698,520,2.590285
1698,464,2.2906573
1698,1515,2.2184052
1698,2522,1.7852955
1698,2404,1.718293
1761,480,2.4500422
1761,1301,2.4044435
1761,1073,2.3940332
1761,2985,2.3748102
1761,3685,2.3122504
1761,2661,2.2597713
1761,674,2.2327282
1761,2100,2.1992877
1761,2105,2.1399055
1761,2043,2.0141954
1761,2456,1.5523694
4995,745,4.160881
4995,908,4.0934114
4995,1284,4.035299
4995,3730,3.9828453
4995,2571,3.933954
4995,608,3.9249794
4995,1610,3.8660707
4995,1960,3.768575
4995,1097,3.7013788
4995,2872,3.6484056
4995,2268,3.5836263
4995,2243,3.5693648
4995,1580,3.5651171
4995,262,3.556277
4995,2312,3.5234334
4995,1307,3.5198023
4995,176,3.5145788
4995,1484,3.5115798
4995,314,3.509475
4995,3129,3.5037053
4995,448,3.4778314
4995,986,3.4680197
4995,334,3.4443896
4995,3831,3.4432378
4995,2353,3.4382992
4995,2239,3.4157767
4995,2599,3.4152899
4995,3788,3.40562
4995,1542,3.364696
4995,2890,3.339667
4995,3176,3.2912133
4995,2968,3.2446942
4995,2285,3.2288084
4995,1051,3.2094285
4995,3827,3.1486216
4995,242,3.1477425
4995,2331,3.1392698
4995,2723,3.085614
4995,691,3.0551171
4995,3785,2.3897228
5437,2804,4.04664
5437,1358,3.981741
5437,1089,3.9696672
5437,457,3.9496217
5437,3147,3.9250426
5437,3671,3.8907156
5437,1259,3.8387406
5437,800,3.8230982
5437,3481,3.7665339
5437,3526,3.5510483
5437,3210,3.526245
5437,2184,3.3897414
5437,2470,3.2644165
5437,3703,3.1723232
5437,2193,3.1273618
5437,2478,3.0857284
5437,3489,2.5173216
5437,2701,1.5584313
1709,3507,3.9682293
1709,2716,3.9617069
1709,1297,3.90821
1709,2750,3.8657627
1709,1060,3.8636756
1709,552,3.7759762
1709,2100,3.7636776
1709,2407,3.7122211
1709,5,3.644906
1709,1353,3.625347
1709,2049,3.6229024
1709,2723,3.6107445
1709,1848,3.5239365
1709,1646,3.5173652
1709,785,3.512195
1709,3,3.507324
1709,1377,3.3107686
1709,2518,3.253822
1709,2382,2.9470706
1709,2828,2.9308753
1709,3268,2.7523518
1709,2555,2.63585
352,2571,4.435881
352,1288,4.285718
352,2997,4.1995497
352,3504,4.19573
352,1953,4.179032
352,1,4.1472054
352,1199,4.1431923
352,3471,4.141901
352,1956,4.133313
352,1923,4.099275
352,1080,4.065815
352,1914,4.0176373
352,3552,4.015022
352,223,4.0137396
352,2890,3.990081
352,2302,3.98051
352,1641,3.9354484
352,123,3.9109771
352,480,3.8943806
352,6,3.869612
352,1584,3.8513122
352,1179,3.8504028
352,597,3.8480814
352,1527,3.8393056
352,3256,3.8064675
352,968,3.794714
352,3267,3.7740748
352,2321,3.7727375
352,309,3.7538118
352,52,3.7432525
352,1120,3.7123384
352,2640,3.707386
352,2001,3.7034912
352,2434,3.6922073
352,2403,3.68535
352,161,3.6562545
352,1286,3.6127625
352,2143,3.6026318
352,1883,3.5673256
352,45,3.5383117
352,2985,3.5367665
352,2046,3.5366635
352,2841,3.5358295
352,350,3.5352259
352,3446,3.523585
352,1619,3.519525
352,367,3.5012593
352,2861,3.4743886
352,1459,3.4648862
352,2105,3.3913045
352,3698,3.371059
352,2106,3.3074217
352,2378,3.2687073
352,225,3.2679129
352,122,3.1802049
352,1544,3.1442013
352,1027,3.1301405
352,422,3.088027
352,1100,3.0798788
352,5,3.0574594
352,3257,3.0217867
352,2168,2.991867
352,3156,2.9889112
352,2142,2.926941
352,1831,2.7504654
352,1726,2.7409964
352,3710,2.7394707
352,466,2.7316499
352,2421,2.7248604
352,2882,2.6537483
352,3243,2.5908947
352,1779,2.5529807
352,3802,2.5232382
352,2296,2.5114763
352,2373,2.3680267
352,355,2.232161
352,228,2.1998498
352,3390,2.0544398
352,2422,2.0404928
352,2315,1.9559293
352,3877,1.8898065
235,296,4.895291
235,1278,4.750206
235,2571,4.7343807
235,2804,4.7174964
235,1617,4.7112355
235,950,4.673875
235,3462,4.591459
235,923,4.5515466
235,1247,4.535109
235,2300,4.5309935
235,927,4.419488
235,2871,4.409368
235,778,4.362627
235,1189,4.352949
235,1274,4.349536
235,2997,4.3459454
235,247,4.333779
235,3606,4.331377
235,3551,4.3297997
235,3741,4.3275886
235,1264,4.3238516
235,28,4.303009
235,1719,4.264139
235,3363,4.2559605
235,1097,4.2356052
235,3545,4.232756
235,1169,4.164941
235,2968,4.124016
235,549,4.117071
235,3007,4.0956717
235,1050,4.071652
235,300,3.9656441
235,2640,3.9368055
235,3221,3.9329572
235,1957,3.929762
235,3618,3.8989015
235,2657,3.8758838
235,2746,3.747675
235,783,3.62966
235,1580,3.5580797
235,958,3.5400553
235,2897,3.5061603
235,3791,3.3977757
235,2091,3.1732602
235,653,2.8951716
235,3577,2.8065042
2402,858,4.3119526
2402,527,4.2708735
2402,1204,4.0699835
2402,1299,4.0539665
2402,1953,3.8302753
2402,293,3.8196065
2402,535,3.8044806
2402,2739,3.7845478
2402,58,3.7827308
2402,3753,3.7786088
2402,2268,3.7195008
2402,3448,3.6819477
2402,3545,3.6782937
2402,1466,3.661533
2402,2716,3.641538
2402,3361,3.6246204
2402,1912,3.566443
2402,3360,3.5419168
2402,1094,3.5384378
2402,1663,3.5238936
2402,1732,3.519499
2402,2117,3.5074747
2402,1694,3.4794924
2402,412,3.468398
2402,1183,3.4432268
2402,2114,3.4374566
2402,1356,3.4285512
2402,159,3.4075568
2402,2076,3.383534
2402,2474,3.3756433
2402,431,3.3606098
2402,1727,3.3504932
2402,253,3.3454082
2402,3372,3.3254716
2402,1876,3.3104484
2402,3441,3.2556458
2402,2875,3.2349129
2402,3367,3.2237937
2402,1918,3.2215893
2402,1081,3.2162595
2402,2247,3.1656117
2402,2796,3.1614892
2402,2065,3.1329033
2402,2435,3.114823
2402,2929,3.1099377
2402,2641,3.0847456
2402,2297,3.0842223
2402,2105,3.0730815
2402,2639,3.0716782
2402,3649,3.0641212
2402,1371,3.0610719
2402,2012,3.0577033
2402,516,2.9593782
2402,3701,2.9450674
2402,3176,2.913784
2402,2531,2.835683
2402,1377,2.6729412
2402,2126,2.610324
2402,1920,2.6103122
2402,327,2.4523284
2402,1590,2.341408
2402,160,2.1102386
2402,3442,2.03053
4130,903,4.269698
4130,457,4.1862974
4130,1287,4.176082
4130,1387,4.0763464
4130,733,3.9904244
4130,2948,3.965784
4130,3654,3.9513152
4130,6,3.8917859
4130,1370,3.7969842
4130,2916,3.7217956
4130,3639,3.6974173
4130,2991,3.6272497
4130,10,3.5988388
4130,316,3.592961
4130,1375,3.476574
4130,494,3.3863912
4130,1687,3.3798766
4130,2476,3.2867782
4130,3638,3.2202349
4130,1616,3.2164323
4130,2699,3.1671543
4130,370,3.0556855
4130,160,2.2357726
1516,745,4.68015
1516,1148,4.629414
1516,1394,4.3112154
1516,3160,4.0369883
1516,1036,3.9889326
1516,1265,3.8803127
1516,562,3.755227
1516,3536,3.626101
1516,2155,3.5568247
1516,1721,3.5182745
1516,2001,3.3390634
1516,333,3.159895
1516,500,3.0942025
1516,648,3.077795
1516,3948,3.0551295
1516,1391,2.9015386
1516,3534,2.846168
1516,3863,2.8335955
1516,552,2.7789237
1516,236,2.7733293
1516,1479,2.6371448
1516,88,2.6016507
1516,520,2.5707486
1516,1552,2.542577
1516,4,2.4928262
1516,3511,2.400758
1516,518,2.3755722
1516,2694,2.3481922
1516,2485,2.29986
1516,1503,2.2459748
1516,1887,2.1776927
1516,3177,2.113639
699,593,4.1378813
699,1,4.050233
699,2300,4.0113044
699,1704,3.951538
699,457,3.9368615
699,909,3.8252978
699,36,3.817182
699,2732,3.811862
699,1222,3.7744827
699,3751,3.716648
699,380,3.6662927
699,1396,3.6501467
699,1079,3.6360586
699,733,3.613746
699,3753,3.6124234
699,2355,3.6029193
699,551,3.5811718
699,3844,3.5627687
699,1909,3.5269127
699,3087,3.5126896
699,2011,3.5098815
699,1615,3.4340034
699,304,3.417338
699,2759,3.3466673
699,340,3.2899446
699,2478,3.2763565
699,3040,3.2668376
699,241,3.2476578
699,799,3.245741
699,1917,3.2066884
699,3686,3.2033777
699,2040,3.1988413
699,3534,3.1869037
699,367,3.1646175
699,3784,3.1462886
699,2424,3.1417599
699,60,3.1248016
699,3033,3.1099834
699,3005,3.054324
699,3082,3.0185537
699,1552,3.0083165
699,1586,2.977807
699,748,2.974522
699,203,2.9375687
699,1920,2.933885
699,1651,2.9322762
699,2432,2.914748
699,2723,2.910719
699,2082,2.9047081
699,3489,2.868059
699,1398,2.8438454
699,1021,2.8174982
699,1779,2.7672336
699,2688,2.7478595
699,157,2.7423785
699,2026,2.6476665
699,2148,2.6220052
699,3579,2.6194015
699,2509,2.4702437
699,3802,2.4585426
699,1644,2.4579854
699,119,2.3873599
699,315,2.2642703
699,2092,2.208507
699,1005,2.0464294
699,173,2.042579
699,1839,2.0421214
699,473,1.9450382
699,2382,1.5766261
1448,2571,4.7864265
1448,593,4.684872
1448,1208,4.651231
1448,3095,4.5818243
1448,1185,4.553367
1448,508,4.5517974
1448,1258,4.532991
1448,2762,4.5086575
1448,3359,4.4549203
1448,581,4.3390245
1448,1674,4.3127728
1448,11,4.3073173
1448,1235,4.2376003
1448,1380,4.1904817
1448,3386,4.1878653
1448,2243,4.1718283
1448,1748,4.1701603
1448,509,4.1594067
1448,2716,4.1543283
1448,1584,4.150393
1448,1061,4.107239
1448,1476,4.0584726
1448,1271,4.019263
1448,2291,4.0013385
1448,3480,3.97871
1448,350,3.9547591
1448,1807,3.9202726
1448,300,3.9115038
1448,3107,3.8915741
1448,2420,3.8907752
1448,1396,3.8892953
1448,3529,3.874292
1448,2240,3.874276
1448,292,3.8731866
1448,2457,3.8719501
1448,2743,3.8512456
1448,2455,3.806052
1448,3112,3.8008196
1448,3430,3.7919621
1448,3428,3.7891448
1448,3809,3.7839584
1448,2926,3.7791855
1448,2694,3.7531934
1448,1967,3.7438636
1448,1351,3.7379253
1448,381,3.737899
1448,1529,3.7251582
1448,1422,3.7147923
1448,869,3.6857975
1448,2560,3.669876
1448,1385,3.653253
1448,2770,3.6416159
1448,1327,3.6405325
1448,1330,3.6354656
1448,2472,3.5943801
1448,2942,3.5785117
1448,27,3.5539145
1448,2532,3.5378113
1448,2802,3.5300236
1448,1513,3.52633
1448,3497,3.524487
1448,2517,3.5199854
1448,2530,3.4331274
1448,3500,3.4319077
1448,2094,3.4317887
1448,2746,3.4293437
1448,1332,3.3569283
1448,2255,3.2683444
1448,694,3.102107
1448,455,3.068939
1448,1644,3.0169306
1448,3248,3.012735
1448,420,2.773755
1448,160,2.616525
1448,3689,2.4822166
1448,3001,2.3495803
1448,1326,2.1720028
1448,2555,1.7331798
2414,1136,4.69557
2414,2804,4.654144
2414,3114,4.6340175
2414,3088,4.4837875
2414,1249,4.458949
2414,1,4.4242706
2414,1610,4.418546
2414,3421,4.377019
2414,1080,4.374154
2414,2542,4.3587523
2414,1957,4.2294197
2414,1035,4.218732
2414,592,4.1902704
2414,3932,4.1780076
2414,3052,4.174611
2414,1994,4.125679
2414,2083,4.090972
2414,3461,4.082117
2414,1967,4.0520124
2414,1777,3.827814
2414,421,3.7420454
2414,288,3.7140427
2414,835,3.688663
2414,2710,3.490285
438,720,4.560985
438,1617,4.379783
438,47,4.318322
438,3629,4.2251854
438,1263,4.1913643
438,1023,4.1897297
438,3948,4.0393314
438,1673,4.0338697
438,3751,3.9958894
438,3536,3.9886281
438,2193,3.9686427
438,3181,3.9562635
438,551,3.9470406
438,3159,3.9459682
438,934,3.9363136
438,2687,3.9268417
438,3175,3.9046912
438,272,3.8769963
438,2941,3.8687482
438,2236,3.8426862
438,2857,3.8422196
438,2596,3.8288145
438,1298,3.8163922
438,39,3.7808342
438,2431,3.7610755
438,3189,3.759097
438,1552,3.7425463
438,780,3.6501176
438,1020,3.6156561
438,2409,3.615357
438,2015,3.582846
438,3398,3.5812721
438,2252,3.538901
438,1676,3.4888167
438,663,3.44633
438,3489,3.4323082
438,1686,3.3814664
438,3016,3.3550053
438,1385,3.299964
438,3534,3.264233
438,2428,3.210791
438,1837,3.208341
438,1113,3.189086
438,765,3.1234043
438,1320,3.1011372
438,1367,3.067442
438,1037,3.0402637
438,3388,2.9651117
438,673,2.9274533
438,276,2.917299
438,93,2.5198972
438,1359,2.5196593
438,2389,2.5177298
438,2162,2.459921
438,2412,2.3501785
1316,2390,3.7007315
1316,2806,2.0794084
1316,2526,1.5094455
563,923,4.194957
563,1266,4.0457497
563,1073,3.786095
563,2660,3.7241728
563,2080,3.6062686
563,2288,3.6041803
563,1584,3.50925
563,1127,3.4097393
563,2916,3.2887952
563,2394,3.2868583
563,2015,3.0974302
563,480,3.0609117
563,1580,2.954515
563,1372,2.8711083
563,3300,2.8383236
563,316,2.8344643
563,2124,2.7897718
563,3745,2.7566419
563,13,2.6706738
563,1917,2.6315298
563,3759,2.6046205
563,2011,2.5633974
563,1030,2.337337
563,2533,2.3133414
563,2615,2.3090801
563,1009,2.222673
563,1603,2.165265
563,2530,1.7217497
563,849,1.6699772
563,2448,1.3618423
563,2549,1.3106524
563,2498,1.3016716
563,3662,1.1934018
563,3664,1.157317
563,3440,1.0984101
2200,1230,4.150936
2200,1356,3.7089326
2200,329,3.6345112
2200,780,3.6342626
2200,198,3.5443182
2200,1676,3.1403213
2200,1831,2.6473002
2200,173,1.7611804
2444,1387,4.243037
2444,1073,4.045125
2444,1994,3.9349146
2444,1017,3.767054
2444,2789,2.9581623
3892,904,4.5822477
3892,908,4.46646
3892,1283,4.2990446
3892,1242,4.261531
3892,2300,4.2111187
3892,955,4.1864023
3892,1206,4.164616
3892,1243,4.154133
3892,915,4.0586653
3892,1257,4.0546103
3892,590,3.9917772
3892,356,3.9798703
3892,1179,3.9474177
3892,1673,3.9188247
3892,2690,3.8808272
3892,3044,3.8527474
3892,1500,3.8484926
3892,2968,3.7921822
3892,69,3.7790663
3892,471,3.7780223
3892,2580,3.7458105
3892,897,3.7283003
3892,1183,3.705169
3892,2321,3.6867046
3892,1721,3.4866836
3892,224,3.4671025
3892,2403,3.4122021
3892,2009,3.3736134
3892,3020,3.3685248
3892,3827,3.3444176
3892,648,3.2286525
3892,1429,3.1983886
3892,198,3.1935046
3892,2770,3.1403143
3892,3527,3.1176624
3892,1370,3.0875764
3892,2124,3.0658813
3892,3704,3.0227215
3892,1416,3.0072136
3892,1608,2.9965708
3892,1858,2.9202564
3892,783,2.8553526
3892,1371,2.8281174
3892,1377,2.6480548
3892,1690,2.4114296
3892,3937,2.3815532
3892,1544,2.3406277
3892,379,2.2733471
3892,762,1.9342153
3892,849,1.8868246
4957,50,4.433596
4957,593,4.204117
4957,926,4.143602
4957,1449,4.1131787
4957,2300,4.0744143
4957,1287,3.9901361
4957,1307,3.9260762
4957,1674,3.9226258
4957,1243,3.9055464
4957,1961,3.8999
4957,1261,3.8848834
4957,3421,3.8822887
4957,356,3.843059
4957,562,3.8374827
4957,3552,3.804156
4957,551,3.7102866
4957,1215,3.6913369
4957,1035,3.633615
4957,2971,3.6260428
4957,2115,3.6100678
4957,3100,3.6075983
4957,1693,3.6045742
4957,3397,3.5766218
4957,3108,3.5717077
4957,1594,3.5646389
4957,141,3.5463748
4957,3101,3.4388204
4957,2085,3.4127438
4957,1025,3.4058104
4957,26,3.4045105
4957,2572,3.3787339
4957,3591,3.368031
4957,1480,3.3594534
4957,2006,3.3225188
4957,2141,3.259691
4957,2403,3.234448
4957,2393,3.2274551
4957,252,3.2156637
4957,2023,3.2021425
4957,1059,3.1928217
4957,3020,3.1784177
4957,2496,3.158589
4957,104,3.1546226
4957,3633,3.1136594
4957,377,3.05578
4957,494,3.0520356
4957,1597,3.0071146
4957,1320,2.9301827
4957,1377,2.8602903
4957,2374,2.8592205
4957,852,2.8541455
4957,1544,2.7583659
4957,3714,2.7348542
4957,3146,2.714312
4957,2598,2.6880627
4957,2072,2.6742814
4957,3264,2.658078
4957,2148,2.6542912
4957,344,2.6480582
4957,2084,2.620992
4957,2717,2.6185231
4957,1801,2.591029
4957,736,2.4750197
4957,1431,2.245663
4957,1983,2.244264
4957,1388,2.2288334
4957,842,2.203084
4957,1752,2.195782
4957,12,2.168323
4957,2296,2.1413996
4957,208,2.0469692
4957,1882,1.9993439
4957,1602,1.963695
4957,2107,1.8983778
4957,2719,1.8739407
4957,2450,1.8587885
4957,1976,1.8429604
4957,2748,1.7853158
4957,2380,1.7211959
4957,1495,1.4805272
2757,1208,4.5240107
2757,111,4.4296274
2757,1104,4.4097958
2757,909,4.2940135
2757,1288,4.26258
2757,1206,4.2368436
2757,1304,4.223968
2757,2788,4.2129717
2757,2132,4.2128277
2757,3897,4.172677
2757,2194,4.1139417
2757,3556,3.6063588
2757,3915,3.198792
2757,2764,2.7751956
2757,864,2.4399235
2757,145,2.0432315
868,2716,3.880884
868,2366,3.7948215
868,2633,3.7143142
868,3928,3.711018
868,2657,3.6978407
868,3016,3.5562143
868,3926,3.515216
868,2517,3.494376
868,3922,3.4711251
796,1233,3.9129395
796,923,3.8710713
796,1136,3.8627427
796,2804,3.7302463
796,3362,3.6990788
796,1953,3.6726427
796,3359,3.5962372
796,1208,3.5820372
796,3507,3.5593567
796,2202,3.5357425
796,1244,3.4841838
796,1287,3.4165292
796,2728,3.355878
796,3350,3.2816582
796,1957,3.2780442
796,1962,3.2597537
796,2150,3.1791136
796,1951,3.1277199
796,2797,3.0644746
796,3952,3.0627797
796,531,2.9977963
796,2366,2.993891
796,1374,2.9577093
796,3052,2.943484
796,2112,2.9398694
796,2000,2.9378324
796,3873,2.8256714
796,3591,2.6983232
796,3608,2.6184566
796,2657,2.5808527
796,2617,2.4910069
796,2453,2.4473448
796,2405,2.3661473
796,2476,2.221984
796,2532,2.144643
796,2094,2.1420007
796,2468,1.7916114
796,3257,1.7824235
796,3889,1.562141
796,2986,1.5547539
1333,908,4.9427643
1333,1248,4.8521338
1333,3730,4.777031
1333,1307,4.7607493
1333,1299,4.742757
1333,111,4.7352448
1333,1230,4.725504
1333,1269,4.7224092
1333,1253,4.6801186
1333,3504,4.674816
1333,162,4.6643405
1333,1200,4.660742
1333,1294,4.5804243
1333,3334,4.5746865
1333,3152,4.5745616
1333,2997,4.51243
1333,47,4.459766
1333,929,4.4112577
1333,866,4.35275
1333,1094,4.346592
1333,588,4.340474
1333,1019,4.333294
1333,2947,4.3302855
1333,1784,4.3259764
1333,2863,4.2949877
1333,785,4.0319543
1333,2278,3.89051
1333,861,3.8006973
1333,1376,3.770649
1333,480,3.7564273
1333,991,3.663642
1333,2991,3.6385705
1333,3555,3.5808325
1333,2490,3.559434
1333,3588,3.541762
1333,3479,3.486679
1333,1370,3.406043
1333,1194,3.366987
1333,383,3.3325021
1333,1351,3.329382
1333,3770,3.3194356
1333,2001,3.3040807
1333,707,3.141951
1333,3450,3.0866768
1333,2413,3.055006
1333,3197,3.046844
1333,1573,2.9999113
1333,2143,2.9995823
1333,2533,2.6965163
1333,1422,2.3405082
1333,2095,2.3110466
1333,442,2.2795415
1333,1806,2.0431936
1333,1586,1.8623918
4736,1208,4.232198
4736,903,4.1265507
4736,111,4.1110024
4736,2959,3.9907625
4736,3148,3.8673613
4736,1682,3.8562946
4736,589,3.8236878
4736,1302,3.7150002
4736,3448,3.5835323
4736,25,3.5028515
4736,1210,3.443012
4736,353,3.435769
4736,3555,3.4092495
4736,543,3.376923
4736,1059,3.3506181
4736,224,3.3117025
4736,3763,3.240242
4736,1754,3.1344576
4736,999,3.0841758
4736,10,3.053324
4736,1597,2.9926255
4736,350,2.9829116
4736,104,2.967689
4736,2546,2.8000972
4736,748,2.5578053
4736,516,2.513971
4736,2107,2.3192244
4736,798,2.162106
4736,2279,2.0935404
4736,839,1.7248755
4736,160,1.6752264
5643,527,4.1436048
5643,318,4.066716
5643,969,4.027677
5643,745,4.0184774
5643,1224,3.8644326
5643,965,3.844593
5643,3114,3.829996
5643,363,3.7974072
5643,3006,3.7917666
5643,2804,3.7568073
5643,2313,3.7345438
5643,1188,3.723993
5643,1243,3.7215009
5643,3317,3.7171535
5643,1211,3.6874578
5643,2565,3.6742666
5643,2791,3.6731408
5643,1210,3.662438
5643,3347,3.6491044
5643,3471,3.64457
5643,2951,3.6428683
5643,1914,3.6100068
5643,2398,3.6094625
5643,902,3.6072528
5643,2303,3.6064181
5643,3360,3.6005507
5643,337,3.5905309
5643,3668,3.5883496
5643,2355,3.584452
5643,1035,3.5838869
5643,1941,3.5825818
5643,3737,3.573613
5643,1408,3.554263
5643,2018,3.5535502
5643,2908,3.541883
5643,2139,3.541636
5643,562,3.520419
5643,1682,3.5172224
5643,314,3.5155725
5643,2212,3.5094414
5643,1124,3.4994686
5643,1396,3.4613085
5643,982,3.438199
5643,2442,3.431121
5643,1913,3.421018
5643,2664,3.4072833
5643,3408,3.4022074
5643,1094,3.3937035
5643,2333,3.3520687
5643,1307,3.3501427
5643,1966,3.3339462
5643,2353,3.3234568
5643,3102,3.3199372
5643,1179,3.2946496
5643,141,3.2829304
5643,3386,3.2363698
5643,2085,3.1952362
5643,2671,3.1816523
5643,1542,3.1798885
5643,39,3.1776772
5643,3087,3.1682715
5643,1428,3.15195
5643,57,3.1249504
5643,1754,3.1212382
5643,342,3.1158605
5643,1527,3.0961466
5643,832,3.0898805
5643,2006,3.06987
5643,3445,3.0545516
5643,3259,3.0531778
5643,2926,3.0446332
5643,3702,3.0338469
5643,230,3.0203195
5643,344,3.0163689
5643,2245,3.012612
5643,733,3.0058427
5643,86,2.9991386
5643,35,2.993181
5643,2100,2.9783869
5643,781,2.9754276
5643,1093,2.9354115
5643,2110,2.9298913
5643,2641,2.866454
5643,3103,2.8659515
5643,236,2.8493745
5643,2280,2.798836
5643,292,2.7725868
5643,2942,2.6909783
5643,1010,2.634822
5643,3099,2.6289907
5643,2497,2.5958524
5643,3489,2.5494387
5643,1367,2.5284834
5643,2861,2.510203
5643,3345,2.4744358
5643,3600,2.4503803
5643,3717,2.4471571
5643,1892,2.4047344
5643,2266,2.3767197
5643,2316,2.3438797
5643,1924,2.3394482
5643,2535,2.2714255
5643,2126,2.0956764
5643,3520,1.9693673
5643,3705,1.700898
5643,2536,1.6687614
100,969,3.9321294
100,1213,3.790523
100,541,3.7429035
100,110,3.6927528
100,1408,3.2929416
100,380,3.1267402
100,1597,2.6747923
100,1562,1.3326036
149,1197,4.5364294
149,296,4.489311
149,2762,4.4753785
149,111,4.436206
149,1963,4.4253874
149,593,4.4085674
149,1263,4.4034743
149,1358,4.3708487
149,919,4.3648005
149,1244,4.2977257
149,1,4.2975736
149,47,4.29198
149,36,4.279687
149,1259,4.265869
149,1961,4.246401
149,456,4.234993
149,3007,4.2294445
149,2289,4.223547
149,3360,4.2219906
149,1289,4.219193
149,1079,4.1991687
149,3104,4.16348
149,3135,4.162755
149,1734,4.144216
149,1694,4.105486
149,247,4.099744
149,1265,4.053839
149,2000,4.0435266
149,2312,4.0429316
149,1663,4.036043
149,1179,4.018037
149,431,4.0106544
149,3052,4.0079107
149,2231,3.978137
149,1958,3.9695399
149,342,3.90626
149,165,3.881481
149,1747,3.8759592
149,2744,3.8740287
149,2245,3.8333683
149,2640,3.8285856
149,3020,3.8174536
149,507,3.7977724
149,1916,3.7868676
149,2236,3.7598586
149,543,3.7242525
149,708,3.7221942
149,230,3.7185698
149,2159,3.716753
149,242,3.6749845
149,3107,3.6721928
149,2433,3.6568527
149,832,3.64217
149,3535,3.6208248
149,2712,3.607873
149,2369,3.4262335
149,3752,3.4082255
149,1769,3.281784
149,3477,3.2686064
149,1438,3.0664368
149,442,3.0284228
149,2856,3.0266347
149,3438,2.8230076
149,3354,2.6635497
149,3946,2.220573
149,393,2.0514863
5776,593,4.260774
5776,1242,4.24185
5776,1247,4.11716
5776,1788,3.9151835
5776,3408,3.8966453
5776,1610,3.8254848
5776,2353,3.735867
5776,349,3.7068343
5776,3267,3.5764818
5776,1396,3.5679734
5776,2393,3.567275
5776,1653,3.5551815
5776,1870,3.5546286
5776,733,3.5035572
5776,3070,3.49879
5776,1047,3.4814034
5776,81,3.456215
5776,1372,3.288463
5776,2507,2.9993765
5776,24,2.9567156
3380,50,4.4380445
3380,899,4.413717
3380,1148,4.3935795
3380,912,4.34402
3380,1178,4.291268
3380,2762,4.2705855
3380,1213,4.2602425
3380,1299,4.259761
3380,1939,4.174041
3380,3634,4.1686845
3380,1304,4.164706
3380,1084,4.1376715
3380,1251,4.1354485
3380,293,4.099769
3380,111,4.095501
3380,1230,4.0822725
3380,1249,4.025321
3380,2313,4.0175185
3380,1080,3.9986405
3380,1,3.9874268
3380,971,3.9826298
3380,2918,3.976267
3380,1264,3.9424992
3380,3334,3.941466
3380,1784,3.9211564
3380,475,3.9101
3380,2716,3.890368
3380,2160,3.8603082
3380,1220,3.8079023
3380,1948,3.795043
3380,3654,3.794319
3380,1374,3.7531857
3380,1150,3.7502704
3380,1085,3.7391365
3380,1124,3.6342256
3380,349,3.6248016
3380,3386,3.6075435
3380,2988,3.5681415
3380,380,3.5499094
3380,2987,3.5483286
3380,3738,3.5201159
3380,2991,3.3700633
3380,3309,3.3483062
3380,3635,3.3185115
3380,1614,3.2995563
3380,2110,3.1966424
3380,2520,2.61593
1484,745,4.4203687
1484,1221,4.374098
1484,2028,4.1477785
1484,924,4.133751
1484,1258,4.1007967
1484,3083,4.019315
1484,1265,3.9234276
1484,428,3.901253
1484,16,3.8267035
1484,2391,3.7999043
1484,1517,3.773007
1484,2693,3.751192
1484,471,3.7407718
1484,3267,3.650689
1484,551,3.6321602
1484,635,3.5858011
1484,1701,3.4989364
1484,441,3.4859278
1484,369,3.4125898
1484,2712,3.4027896
1484,1542,3.382887
1484,514,3.342801
1484,1268,3.2800221
1484,2759,3.240428
1484,83,3.1914697
1484,2710,3.014493
1484,1711,2.9448085
1484,2628,2.7468343
1484,3518,2.7165954
1484,259,2.6280448
1484,3247,2.0761783
2261,1358,4.4459047
2261,2599,4.219511
2261,3543,4.088496
2261,3100,4.0690365
2261,1873,4.0670614
2261,508,4.0563755
2261,223,3.9533415
2261,1396,3.873228
2261,1680,3.8596208
2261,3255,3.718346
2261,3179,3.606452
2261,1465,3.5920663
2261,3185,3.3305507
2261,2560,3.265739
2261,2770,3.2508564
2261,2710,3.1831756
2261,1573,3.1325474
2261,2694,2.929653
2261,172,2.4980311
2261,2491,2.3325043
2261,1882,2.2386525
2261,2719,1.7934254
2261,1862,1.3991072
5523,904,4.3462896
5523,1242,4.3327484
5523,2918,4.0874815
5523,1231,4.0827575
5523,356,4.0613346
5523,1077,4.024336
5523,2115,3.9678988
5523,380,3.9118614
5523,2693,3.901549
5523,500,3.895454
5523,2529,3.8834956
5523,2916,3.8761225
5523,377,3.8285112
5523,596,3.8124056
5523,165,3.7755268
5523,2090,3.717857
5523,2496,3.7166996
5523,3633,3.6133294
5523,3247,3.6105716
5523,2013,3.5859787
5523,2105,3.5696507
5523,2405,3.5588875
5523,2641,3.5272431
5523,3254,3.5242884
5523,1588,3.5197942
5523,1011,3.4849005
5523,1009,3.4102592
5523,418,3.3991437
5523,1377,3.394644
5523,38,3.2648163
5523,2701,3.205933
5523,2412,3.187941
5523,1556,2.7969
392,858,4.5787835
392,1197,4.363718
392,1617,4.3562403
392,1193,4.3451385
392,2571,4.2831106
392,1,4.203512
392,3911,4.1207523
392,110,4.098222
392,778,4.096325
392,3210,4.0267262
392,3471,3.994526
392,1185,3.9570448
392,1682,3.8993883
392,595,3.8769476
392,1968,3.8516219
392,2366,3.8101811
392,1663,3.7695866
392,2018,3.7583456
392,1393,3.6546063
392,2353,3.6429086
392,3081,3.5856524
392,45,3.5828946
392,2278,3.5809631
392,3255,3.5781922
392,3536,3.5738473
392,3608,3.567364
392,380,3.4968886
392,2916,3.4561143
392,1805,3.395771
392,2247,3.3894022
392,112,3.35356
392,3259,3.3525865
392,2416,3.1458342
392,586,3.0465815
392,2249,2.9750843
392,450,2.9523988
392,736,2.912199
392,2378,2.8951678
392,1917,2.7959805
392,135,2.6538079
392,818,2.6465666
392,429,2.4614363
392,2796,2.416269
392,1438,2.3288598
392,1503,1.8977485
392,2701,1.6781555
4411,1172,4.8966093
4411,296,4.7924867
4411,541,4.7063503
4411,497,4.602947
4411,1617,4.594806
4411,2918,4.5855103
4411,914,4.5431123
4411,2139,4.427391
4411,589,4.4248776
4411,247,4.4048243
4411,1277,4.36972
4411,3061,4.319886
4411,272,4.317603
4411,2029,4.310622
4411,1951,4.277526
4411,1885,4.1297436
4411,627,4.1176233
4411,1408,4.0723867
4411,480,4.064566
4411,2282,4.062366
4411,3052,4.0428185
4411,165,4.008545
4411,2948,3.9850087
4411,11,3.9272847
4411,2083,3.9029973
4411,180,3.8915796
4411,2005,3.7979722
4411,2837,3.7870646
4411,1370,3.7741923
4411,2134,3.6050684
4411,370,3.4815912
4411,2485,3.405247
4411,2752,3.3826559
4411,292,3.3166683
4411,3355,3.2374878
4411,2034,3.2182477
4411,1391,3.2098713
4411,2699,3.155105
4411,2169,3.1214306
4411,2822,3.1084776
4411,1377,2.9968069
4411,2162,2.9124517
4411,1438,2.7850769
4411,2950,2.5688462
4411,2642,2.5411966
4411,2422,2.4534185
4411,2421,2.441412
4411,2701,2.2885664
4411,2153,1.8736405
498,50,4.32883
498,2324,4.0727625
498,1233,4.035081
498,3481,3.8072448
498,2918,3.7800894
498,2997,3.7289236
498,1270,3.7251868
498,290,3.5121517
498,25,3.3298624
498,2390,3.3147702
498,1179,3.1796598
498,2463,3.1605773
498,3308,2.45163
498,2369,2.3400164
997,318,4.467951
997,2571,4.308011
997,593,4.288772
997,2501,4.184312
997,3147,4.1629925
997,1784,3.9865618
180,34,3.7689497
180,3510,3.4510126
180,3831,3.4382186
180,3102,3.3710685
180,3298,3.3349607
180,1053,2.3675957
4706,2028,4.0891595
4706,1206,3.9704196
4706,1240,3.9147928
4706,32,3.8086233
4706,475,3.684016
4706,766,3.3768797
4706,733,3.0696208
4706,1721,2.8852315
4706,1009,2.5903318
4706,2054,2.4656205
4706,3489,2.3563623
4706,1544,2.2905092
4706,1676,1.9674947
5755,2501,4.36442
5755,1247,4.3615184
5755,3359,4.2792835
5755,2248,4.2543764
5755,363,4.1891603
5755,1348,4.165143
5755,1231,4.1577034
5755,36,4.148164
5755,364,4.0696363
5755,2070,4.0557523
5755,1150,4.0512257
5755,116,4.03399
5755,1220,4.0303564
5755,3552,4.0139303
5755,497,4.0134716
5755,349,3.818997
5755,1120,3.7768686
5755,893,3.7640295
5755,2857,3.713553
5755,342,3.7107131
5755,412,3.705965
5755,1982,3.679534
5755,2000,3.638856
5755,320,3.6333818
5755,3591,3.583224
5755,3256,3.574636
5755,3412,3.5512137
5755,2915,3.5454032
5755,2245,3.4723048
5755,1758,3.4199164
5755,144,3.3637638
5755,1286,3.2477055
5755,85,3.1362934
5755,368,3.0791163
5755,2926,3.0771036
5755,184,2.9609098
5755,3269,2.762607
5755,547,2.0024323
3108,260,4.4502034
3108,1221,4.2971835
3108,2028,4.195881
3108,678,4.189792
3108,1225,4.186386
3108,1617,4.1846023
3108,306,4.154498
3108,3198,4.100229
3108,2329,4.070479
3108,110,4.0197005
3108,1303,4.017047
3108,293,4.007614
3108,2132,4.003342
3108,971,3.9902163
3108,1209,3.9612048
3108,1096,3.9465067
3108,3578,3.942718
3108,3152,3.9368017
3108,1296,3.9078734
3108,3811,3.895877
3108,3654,3.8840897
3108,2070,3.8252892
3108,265,3.8250759
3108,2303,3.8008225
3108,1527,3.7839756
3108,6,3.7822533
3108,1466,3.762856
3108,1374,3.7440557
3108,2000,3.7318263
3108,1948,3.7160697
3108,161,3.7156036
3108,3093,3.7098217
3108,2872,3.7074578
3108,3098,3.685375
3108,194,3.6850479
3108,1370,3.6823766
3108,1958,3.6777458
3108,1356,3.6670053
3108,3386,3.659221
3108,2993,3.6577091
3108,1376,3.655271
3108,1580,3.6178198
3108,3685,3.6124475
3108,2750,3.5960655
3108,1393,3.5940733
3108,2065,3.5659742
3108,3639,3.554221
3108,1343,3.5334022
3108,991,3.50231
3108,3510,3.4982915
3108,1378,3.4910617
3108,647,3.4733284
3108,3404,3.4416447
3108,999,3.353986
3108,3452,3.2508037
3108,1876,3.193529
3108,2376,3.1929452
3108,2,3.1887705
3108,210,3.1269
3108,996,2.7319052
5378,951,4.5270967
5378,923,4.4344816
5378,2935,4.3910418
5378,1935,4.2705336
5378,3095,4.2669067
5378,2761,4.183082
5378,2070,4.144125
5378,2398,4.0709743
5378,2390,3.955362
5378,3685,3.9366896
5378,2946,3.9207766
5378,968,3.9082763
5378,3613,3.8798566
5378,3176,3.6702642
5378,2394,3.6673198
5378,1375,3.6215715
5378,2049,3.4695883
5378,1513,3.1197631
5378,2881,2.7485278
5378,2720,1.319113
1103,3578,4.034292
1103,597,3.7454896
1103,2716,3.7371197
1103,509,3.2411518
1103,3476,3.1822472
1103,2062,3.1698875
1103,270,2.825913
5048,912,4.8081255
5048,2804,4.680069
5048,1296,4.5732236
5048,1307,4.542426
5048,1097,4.5226
5048,3362,4.435572
5048,1286,4.313108
5048,3501,4.1878705
5048,3635,4.051751
5048,2407,3.9326725
5048,1088,3.9210005
3925,913,4.8604765
3925,750,4.855418
3925,2329,4.771409
3925,593,4.7475615
3925,3114,4.6643014
3925,1206,4.6029205
3925,1200,4.574755
3925,1210,4.4823694
3925,1095,4.3291464
3925,101,4.2983103
3925,1912,4.293455
3925,2841,4.13903
3925,3174,3.9474626
3925,2581,3.2150536
3925,2369,2.9063256
3925,3156,2.861936
3925,3354,2.4672394
3925,2719,2.0423326
3925,2720,1.2995768
5728,1307,4.15836
5728,1,4.0362678
5728,440,4.032424
5728,3548,3.9939756
5728,3088,3.9606094
5728,3255,3.8867016
5728,1958,3.7933419
5728,2915,3.7684698
5728,314,3.7203808
5728,3060,3.7200584
5728,2390,3.6991951
5728,2968,3.6883316
5728,1909,3.665131
5728,2539,3.6171196
5728,2141,3.5683186
5728,2100,3.5648525
5728,2014,3.4811122
5728,2794,3.480128
5728,1018,3.4748793
5728,1135,3.3998733
5728,1566,3.3653274
5728,1367,3.3512077
5728,1541,3.2851167
5728,2724,3.1644523
5728,2031,3.1222363
5728,2016,3.072369
5728,761,3.009704
5728,153,2.9719179
5728,1440,2.970165
5728,2953,2.766064
5728,1702,2.4137025
5728,2053,2.3785596
5728,3268,1.6807513
1124,858,4.553846
1124,1221,4.5327578
1124,1208,4.4409256
1124,1278,4.401181
1124,541,4.3664703
1124,1218,4.3599133
1124,2788,4.3258677
1124,1253,4.3048506
1124,2947,4.2118406
1124,2467,4.107299
1124,1610,4.106474
1124,1333,4.0874443
1124,3654,4.02657
1124,3681,4.0026035
1124,1500,4.0011144
1124,3363,3.9937015
1124,2693,3.9529262
1124,1994,3.9026504
1124,671,3.8884604
1124,592,3.829043
1124,1747,3.818119
1124,2841,3.7822852
1124,348,3.774018
1124,3153,3.7680295
1124,2291,3.7563438
1124,2065,3.7383187
1124,233,3.7075138
1124,1190,3.706056
1124,2294,3.6941373
1124,610,3.683664
1124,1639,3.6835072
1124,2529,3.6740284
1124,700,3.671566
1124,3032,3.6479783
1124,1569,3.5989873
1124,3608,3.5920591
1124,1407,3.5912824
1124,1380,3.5612988
1124,2145,3.5318592
1124,1027,3.506722
1124,70,3.3381126
1124,3704,3.2416584
1124,2143,3.17964
1124,168,3.0077796
1124,653,2.9928324
1124,1894,2.887897
1124,153,2.8650978
1124,2531,2.4512076
1124,2328,2.4366174
1124,1760,1.7167071
5141,2571,4.7298317
5141,1206,4.5266314
5141,2529,4.191472
5141,780,4.1889067
5141,2916,3.9683127
5141,1690,3.7184842
5698,527,4.505306
5698,912,4.4306097
5698,908,4.302433
5698,1704,4.1620035
5698,2067,4.1413317
5698,1674,4.0825305
5698,3037,3.993717
5698,2648,3.9805532
5698,3499,3.96777
5698,1982,3.9505458
5698,2664,3.9295096
5698,1967,3.8528528
5698,2872,3.8249776
5698,2081,3.8058996
5698,2012,3.800514
5698,780,3.7783647
5698,2915,3.7102592
5698,1073,3.6801915
5698,3032,3.678896
5698,367,3.6722867
5698,2311,3.6556478
5698,2405,3.6471229
5698,1589,3.6092312
5698,2478,3.5884066
5698,2111,3.5878882
5698,1030,3.5371473
5698,2416,3.4931345
5698,724,3.474716
5698,3525,3.4578657
5698,1983,3.3853946
5698,1717,3.3068004
5698,1021,3.2920122
5698,2530,3.0557156
5698,2992,2.8994725
5698,3438,2.7144787
5698,2450,2.7128143
5698,2903,2.6191723
3905,1222,4.212263
3905,1291,4.1687965
3905,1954,4.0649137
3905,2948,4.025
3905,3108,3.7580001
3905,1396,3.752919
3905,1527,3.4267993
3905,610,3.2159352
1551,1212,4.372413
1551,296,4.2657375
1551,3730,4.2425327
1551,3578,4.0897107
1551,2183,4.000756
1551,1827,3.9458532
1551,1889,3.9091587
1551,3424,3.8938282
1551,3361,3.790157
1551,2109,3.6704445
1551,2301,3.6625662
1551,3055,3.400084
2866,923,3.9855528
2866,910,3.9486036
2866,1278,3.9133546
2866,1247,3.900654
2866,111,3.846163
2866,1079,3.6958032
2866,1954,3.667657
2866,2352,3.6256235
2866,590,3.5456715
2866,3668,3.5378191
2866,2109,3.5197616
2866,592,3.4377925
2866,3868,3.4291854
2866,480,3.340496
2866,2987,3.328266
2866,1093,3.3086298
2866,2991,3.2287555
2866,1380,3.145877
2866,3506,3.0968828
2866,648,2.9080992
2866,2746,2.8435526
2866,3699,2.5920908
2866,1390,2.3521776
2454,953,4.0407095
2454,3114,3.8280482
2454,2959,3.748045
2454,62,3.7112343
2454,1101,3.7094393
2454,2005,3.624507
2454,2085,3.5594072
2454,1022,3.483198
2454,2694,3.455757
2454,1569,3.4070425
2454,3247,3.4053442
2454,3189,3.3762167
2454,2640,3.347992
2454,3259,3.3441744
2454,861,3.3430932
2454,2021,3.3307557
2454,2420,3.3003688
2454,3484,3.2591171
2454,2096,3.1939359
2454,2410,3.1719341
2454,1091,3.1507668
2454,1544,3.1001241
2454,79,2.970059
2454,3438,2.9264512
2454,3673,2.7831635
2454,2392,2.7347398
713,1250,3.9289598
713,1198,3.9266346
713,1610,3.8083003
713,1387,3.7966714
713,597,3.7493997
713,1272,3.7462447
713,1240,3.7448242
713,1374,3.6045904
713,265,3.5969653
713,1784,3.590366
713,2671,3.5446467
713,2020,3.5264864
713,2872,3.5250053
713,3578,3.4990034
713,1290,3.4143176
713,1580,3.4024696
713,2968,3.3969681
713,39,3.3774745
713,1356,3.3758063
713,3259,3.334529
713,317,3.2684517
713,1088,3.2587676
713,1393,3.258739
713,292,3.2218142
713,2054,3.0984626
713,498,2.9978526
713,420,2.9232614
855,318,4.5025897
855,1213,4.278526
855,994,4.022935
855,1674,3.9266267
855,3347,3.902134
855,900,3.8583589
855,3148,3.8516045
855,1270,3.80119
855,2739,3.7923577
855,1635,3.7568388
855,123,3.755348
855,300,3.7387104
855,2109,3.7251062
855,3418,3.68945
855,1897,3.6766365
855,149,3.6679091
855,3100,3.6664433
855,2321,3.6659393
855,2108,3.6626315
855,2687,3.6535285
855,1680,3.642438
855,2866,3.6332374
855,3253,3.619824
855,261,3.5872912
855,1904,3.583333
855,2926,3.5310774
855,574,3.4750915
855,333,3.463471
855,2155,3.4513154
855,3128,3.4437509
855,144,3.4185374
855,288,3.4082055
855,269,3.4015768
855,1870,3.3995423
855,3005,3.3849955
855,616,3.3499832
855,2294,3.3198056
855,3809,3.3086739
855,1810,3.3029144
855,3608,3.2784777
855,187,3.2754295
855,3525,3.240859
855,2111,3.1811297
855,1024,3.1699955
855,3269,3.106155
855,1405,2.9928155
855,585,2.9121633
855,2894,2.9090188
855,2478,2.8977804
855,1767,2.8967395
855,3247,2.8855748
855,3773,2.8517294
855,407,2.7790086
855,2794,2.7558887
855,3257,2.7289033
855,2505,2.680464
855,217,2.4006407
855,3225,2.3828633
855,1126,1.8817079
855,64,1.7112453
2207,1025,4.1850443
2207,2291,4.0198984
3661,1036,4.178399
3661,1387,4.0619435
3661,2788,3.9755764
3661,1220,3.8853693
3661,1994,3.8181767
3661,2916,3.7949212
3661,3702,3.7540426
3661,3703,3.737098
3661,2366,3.728733
3661,2826,3.5049362
3661,2657,3.4980888
3661,1334,3.4861135
3661,3608,3.4158797
3661,3791,3.1569061
4858,527,4.8297386
4858,1221,4.6510224
4858,1208,4.6427374
4858,1387,4.3009195
4858,589,4.245904
4858,3361,4.123349
4858,3943,3.4323957
4858,3623,2.9301603
4858,1977,1.9808605
1899,1148,4.349325
1899,1225,4.2207823
1899,923,4.2170477
1899,1196,4.2054243
1899,919,4.2043724
1899,913,4.1874704
1899,898,4.1819797
1899,1963,4.170222
1899,899,4.1526847
1899,951,4.1526427
1899,2206,4.103709
1899,914,4.078023
1899,965,4.0638137
1899,2935,4.0525484
1899,2132,4.028315
1899,2917,3.980814
1899,1273,3.9660995
1899,110,3.9645853
1899,2064,3.943735
1899,3347,3.928491
1899,1238,3.9184635
1899,3504,3.906492
1899,3507,3.894135
1899,1721,3.88652
1899,3044,3.8858
1899,1292,3.8739953
1899,3296,3.843037
1899,1285,3.8330417
1899,920,3.8304548
1899,3068,3.7936711
1899,1625,3.7770703
1899,3067,3.7751257
1899,2971,3.7739866
1899,1078,3.769627
1899,3424,3.75635
1899,16,3.7563193
1899,3448,3.7435355
1899,474,3.7413745
1899,2075,3.7187471
1899,1376,3.7013032
1899,2115,3.6987178
1899,2511,3.6956255
1899,1271,3.6922853
1899,1125,3.6908205
1899,1527,3.6610832
1899,1356,3.6566565
1899,492,3.6438627
1899,901,3.638347
1899,2470,3.617777
1899,3255,3.5954368
1899,477,3.5938082
1899,1951,3.567876
1899,539,3.5571039
1899,57,3.5544093
1899,1083,3.5433576
1899,2294,3.53904
1899,1372,3.5219162
1899,1810,3.5196228
1899,3047,3.4697354
1899,3110,3.4264622
1899,2370,3.4218915
1899,2518,3.395274
1899,344,3.3593366
1899,2057,3.32677
1899,2539,3.3122725
1899,1614,3.2697566
1899,3099,3.256668
1899,421,3.2242126
1899,44,2.748543
1899,1373,2.418198
1899,2088,2.3199344
1370,296,4.26325
1370,1077,3.9635606
1370,2194,3.928041
1370,1673,3.7728589
1370,3420,3.685102
1370,2657,3.4335122
1370,2490,3.4199078
1370,1173,3.2103152
1370,2628,3.202364
1370,2617,2.9564314
1370,520,2.858226
1370,3937,2.8288891
1370,2505,2.6365933
1370,1970,2.5785105
1370,2411,2.529634
1370,1771,2.4419637
5019,50,4.022886
5019,903,3.8257704
5019,1252,3.7947764
5019,1213,3.7663598
5019,3629,3.7020664
5019,928,3.652902
5019,3424,3.4199655
5019,1387,3.3712134
5019,3671,3.343843
5019,1103,3.3122191
5019,1941,3.266675
5019,3421,3.1863883
5019,1333,3.1043816
5019,1643,2.9938755
5019,2353,2.5086699
5019,1608,2.1517
5597,1203,3.5035625
5597,2716,3.4129198
5597,1089,3.2786622
5597,608,3.215995
5597,1294,3.195747
5597,3363,3.1801934
5597,879,3.0468495
5597,2787,3.0375962
5597,3273,3.0278277
5597,1179,3.0258145
5597,426,2.997715
5597,1994,2.9688365
5597,1644,2.9550662
5597,2026,2.9482696
5597,3550,2.918026
5597,2902,2.9095721
5597,2719,2.849073
5597,2122,2.742707
5597,2389,2.6555748
5597,2004,2.2816477
3170,1198,4.4353113
3170,1242,4.1659207
3170,1307,4.072828
3170,1231,4.0205503
3170,1270,3.9622166
3170,3552,3.856186
3170,3505,3.7853782
3170,3039,3.7220502
368,1250,4.789728
368,1233,4.738372
368,2858,4.658521
368,3083,4.4650774
368,1923,4.4221573
368,428,4.4191504
368,356,4.3692145
368,3386,4.3495054
368,345,4.3293195
368,6,4.3090816
368,538,4.279029
368,1673,4.2754984
368,1396,4.1835623
368,3256,4.1734886
368,2321,4.1652446
368,2353,4.1479225
368,1747,4.0451574
368,1093,4.017414
368,159,4.003309
368,1785,4.0000386
368,1487,3.8466766
368,2976,3.8364646
368,2297,3.7592552
368,2829,3.690869
368,1792,3.6892161
368,1479,3.609411
368,42,3.5958033
368,998,3.5572813
368,3173,3.5340357
368,2587,3.528603
368,517,3.3804066
368,1894,3.2792792
368,20,3.2361264
368,3258,3.207046
368,2296,2.7814472
368,193,2.441134
368,3054,2.3417113
368,3564,2.3271606
2091,1036,4.5509443
2091,2194,4.421138
2091,1028,4.3254805
2091,1282,4.3103647
2091,900,4.230411
2091,3516,4.217827
2091,2355,4.152718
2091,935,4.149477
2091,2424,4.1188736
2091,1083,4.0132256
2091,2718,3.780933
2091,2605,3.7215633
1050,110,3.7989023
1050,296,3.617419
1050,3499,3.423127
1050,3175,3.3995228
1050,3052,3.315524
1050,1396,3.311151
1050,364,3.294187
1050,1177,3.2883575
1050,832,3.222679
1050,2707,3.221532
1050,322,3.1644769
1050,1678,3.1641588
1050,449,3.115963
1050,1608,3.0935173
1050,2291,3.0701818
1050,1875,2.960207
1050,2321,2.956503
1050,253,2.9112048
1050,2860,2.9109225
1050,144,2.8929167
1050,3213,2.883448
1050,2759,2.881418
1050,353,2.877034
1050,2490,2.874423
1050,1747,2.857564
1050,3752,2.8382914
1050,24,2.8327863
1050,231,2.8215635
1050,1883,2.7534583
1050,1805,2.7502031
1050,3755,2.7381563
1050,785,2.6227758
1050,2124,2.5638168
1050,1457,2.475873
1050,550,2.4755063
1050,1391,2.4660618
1050,2060,2.4341362
1050,1027,2.4305503
1050,2504,2.3738089
1050,2082,2.3159904
1050,3354,2.151718
1050,485,2.1060977
1050,2574,1.9048963
1050,542,1.8714154
1050,2827,1.8177505
1050,2597,1.7685654
1050,1882,1.6842133
1050,3482,1.646465
1050,160,1.586684
1050,473,1.4979862
1050,2555,1.2650962
2013,1253,4.304602
2013,1653,3.7856944
2013,2287,3.7794356
2013,2173,3.6964033
2013,2640,3.60758
2013,3699,3.5715442
2013,2628,3.2795155
2013,2525,2.4631486
2013,3662,1.572766
4072,1204,4.2583494
4072,1262,4.2240562
4072,2762,4.1862426
4072,1233,4.185422
4072,110,4.1622562
4072,3468,4.084106
4072,3147,4.0309753
4072,1235,4.0166636
4072,1617,4.0125303
4072,162,4.0119114
4072,1089,3.9686518
4072,1394,3.9593089
4072,150,3.9501467
4072,1249,3.8802552
4072,2791,3.8796325
4072,1188,3.8751934
4072,2501,3.8713849
4072,1220,3.8333185
4072,3836,3.720129
4072,3361,3.6766648
4072,2130,3.6261375
4072,3092,3.6176088
4072,3476,3.4370856
4072,514,3.436326
4072,2915,3.3513746
4072,2023,3.0925405
4072,3029,3.0141673
4072,3450,3.0067978
5550,318,4.4632206
5550,953,4.463025
5550,2762,4.4184895
5550,1197,4.3353214
5550,1254,4.330315
5550,1196,4.3034925
5550,1225,4.2952003
5550,2324,4.2547426
5550,541,4.2094116
5550,1287,4.208563
5550,1953,4.1982203
5550,2064,4.196328
5550,919,4.1671658
5550,628,4.060604
5550,1275,4.020095
5550,3421,4.008629
5550,1099,4.0032277
5550,3363,3.9468794
5550,1302,3.945365
5550,3147,3.9362302
5550,6,3.9208493
5550,440,3.9194784
5550,589,3.915415
5550,2076,3.9005556
5550,2406,3.8690922
5550,3681,3.8557503
5550,1376,3.8495216
5550,2352,3.8408723
5550,2797,3.8390064
5550,2118,3.8367953
5550,3260,3.8300993
5550,1641,3.8089209
5550,3074,3.7920468
5550,2763,3.7897058
5550,357,3.7833323
5550,3678,3.72603
5550,2012,3.7106862
5550,300,3.6991725
5550,2294,3.6675758
5550,1183,3.6280413
5550,3251,3.6117744
5550,1645,3.6011333
5550,368,3.5868273
5550,2174,3.578952
5550,1569,3.5615668
5550,329,3.5444589
5550,1339,3.5311468
5550,2002,3.4958036
5550,350,3.4403763
5550,2393,3.4376166
5550,1754,3.4359603
5550,2232,3.3884768
5550,1791,3.3766809
5550,3534,3.3558016
5550,3513,3.3520584
5550,2535,3.3460202
5550,543,3.3093505
5550,410,3.3014655
5550,379,3.1583986
5550,2530,3.1160767
5550,1616,3.0763981
5550,1644,3.0146224
5550,3394,3.012951
5550,742,2.9270284
5550,3438,2.8471293
5550,434,2.6988926
3429,3083,3.9672842
3429,3007,3.944665
3429,162,3.9248579
3429,778,3.8377419
3429,1407,3.2562144
3429,2297,2.352954
1202,912,4.39984
1202,750,4.3424907
1202,296,4.1339803
1202,3006,4.0710917
1202,1214,4.064428
1202,1307,4.0497727
1202,1249,4.0440054
1202,1953,4.0365953
1202,497,3.9905186
1202,3481,3.9669168
1202,2010,3.9343085
1202,2542,3.9298708
1202,3499,3.9043121
1202,1275,3.8896863
1202,3836,3.87827
1202,539,3.8269105
1202,2406,3.7805078
1202,3076,3.7761812
1202,3101,3.7707822
1202,357,3.734777
1202,1721,3.721623
1202,337,3.7132316
1202,3418,3.666089
1202,1414,3.6434813
1202,3052,3.6356165
1202,1615,3.6192565
1202,2764,3.613203
1202,3635,3.5956383
1202,2058,3.5635104
1202,151,3.5130281
1202,2291,3.4974508
1202,1376,3.4914172
1202,2393,3.4833875
1202,2391,3.4389663
1202,2463,3.3985329
1202,1619,3.3952768
1202,1129,3.3757746
1202,799,3.3615742
1202,468,3.298369
1202,2105,3.29003
1202,2346,3.2860236
1202,2469,3.2572339
1202,2124,3.2444475
1202,1735,3.2145643
1202,2012,3.2137296
1202,504,3.090094
1202,2252,3.0890222
1202,3834,3.0172966
1202,1320,2.6295297
1202,19,2.3671727
1202,1590,2.333347
1202,1779,2.1365407
3422,318,4.532326
3422,1284,4.3136864
3422,2804,4.188863
3422,2762,4.1152935
3422,1196,4.112401
3422,1960,3.9988396
3422,1265,3.822234
3422,1036,3.767167
3422,2243,3.6647446
3422,1302,3.6602376
3422,474,3.609453
3422,3039,3.5863779
3422,3516,3.4357061
3422,785,3.285813
3422,3101,3.1311183
3422,2463,3.0991077
3422,2518,3.0456717
3422,2916,3.0045323
3422,2384,2.9327006
3422,2110,2.916543
3422,1580,2.8246818
3422,3478,2.7754407
3422,2311,2.7179499
3422,2261,2.6757379
3422,236,2.6414561
3422,587,2.5693574
3422,3107,2.4529984
3422,344,2.354611
3422,539,2.3493423
3422,2699,2.3394635
3422,552,2.01131
3422,586,1.8814408
3422,2367,1.6753573
3422,387,1.5527122
3422,1586,1.4389656
3422,435,1.3224047
3422,1640,1.2683446
3422,3048,1.2503967
3422,12,1.2185359
3422,3043,1.1096635
449,110,4.461573
449,1258,4.4590135
449,1261,4.163372
449,1333,4.1555567
449,1215,4.0129886
449,2138,4.00463
449,1130,3.154238
2670,1198,4.272825
2670,2858,4.17059
2670,1272,4.1459017
2670,1136,4.1247835
2670,2028,4.07893
2670,1208,4.0751734
2670,1084,3.9939568
2670,111,3.9750624
2670,3359,3.9538975
2670,1214,3.944633
2670,3198,3.943176
2670,1291,3.875657
2670,1259,3.8481002
2670,1079,3.8451643
2670,3152,3.804809
2670,2359,3.768972
2670,589,3.724783
2670,3098,3.6619496
2670,1289,3.6413474
2670,3547,3.6046274
2670,2080,3.5693126
2670,2664,3.5269833
2670,3260,3.513033
2670,272,3.4841733
2670,1081,3.454013
2670,1747,3.3043199
2670,3169,3.2566605
2670,2427,3.228577
2670,2985,3.1700978
2670,661,3.1400833
2670,2005,3.0788665
2670,3253,3.0695791
2670,3102,3.0197601
2670,3422,2.9745717
2670,2418,2.6787777
2670,2416,2.577422
2670,1377,2.3375666
694,260,4.7079244
694,111,4.375799
694,1748,3.9686944
694,3793,3.9476027
694,3081,3.772782
694,2541,3.4319348
694,1126,2.3150458
678,2762,4.4253397
678,2571,4.35612
678,1200,4.275567
678,3897,4.2484193
678,1294,4.237984
678,2804,4.2378616
678,1266,4.234209
678,994,4.232117
678,2396,4.22578
678,1997,4.194578
678,1704,4.192997
678,3160,4.186123
678,2761,4.1782374
678,1956,4.1731634
678,2918,4.157751
678,1275,4.0969944
678,1291,4.0886097
678,2671,4.06561
678,1257,4.06293
678,1380,4.0485106
678,1674,4.027771
678,1370,4.0195065
678,3246,4.007272
678,322,3.988534
678,2115,3.9792652
678,733,3.9747753
678,1286,3.9650424
678,1408,3.959952
678,2117,3.9545798
678,2690,3.9467244
678,2739,3.934865
678,3255,3.9344375
678,1407,3.9105554
678,831,3.8715563
678,1124,3.8568125
678,2407,3.8172753
678,1345,3.8163285
678,780,3.810162
678,2012,3.7852833
678,3479,3.7801504
678,3020,3.7740784
678,2987,3.7721248
678,2989,3.7606244
678,3040,3.7581165
678,1552,3.7501085
678,3107,3.7464168
678,198,3.7402894
678,3763,3.7143664
678,3771,3.7143419
678,1653,3.7094345
678,2165,3.6947432
678,860,3.689742
678,2550,3.683028
678,724,3.6700952
678,2846,3.6696148
678,1918,3.6685505
678,277,3.6658895
678,2800,3.638795
678,685,3.6315875
678,3045,3.6246629
678,408,3.6243591
678,2539,3.609089
678,1010,3.6079993
678,2837,3.6076317
678,1876,3.59617
678,2091,3.572938
678,2402,3.5574856
678,2320,3.5504665
678,1727,3.5500607
678,2457,3.5429866
678,2849,3.542156
678,31,3.542119
678,2105,3.5309875
678,3301,3.529142
678,2340,3.52328
678,2241,3.522689
678,2478,3.521603
678,185,3.504755
678,2033,3.465207
678,3438,3.4440649
678,2297,3.4231153
678,1091,3.4163165
678,2399,3.38688
678,2641,3.3812237
678,2120,3.3781018
678,1021,3.3570457
678,1327,3.3360715
678,2123,3.3285573
678,186,3.3258
678,2840,3.3066
678,1999,3.2952793
678,2531,3.2668562
678,2699,3.2458768
678,3918,3.1889675
678,2986,3.1845222
678,3393,3.1702309
678,2411,3.1592777
678,2373,3.1579127
678,3688,3.1561391
678,1644,3.1458488
678,2808,3.1353962
678,455,3.1161568
678,3401,3.0258083
678,1975,2.948312
678,2655,2.4948664
678,3799,2.3408244
678,181,2.2132258
3873,1200,4.3010674
3873,3105,4.168072
3873,2085,3.809659
3873,3155,3.6323957
3873,2133,3.5479596
5582,1207,4.8926783
5582,1284,4.7954006
5582,1225,4.755939
5582,947,4.700363
5582,1282,4.5268865
5305,912,4.704847
5305,1704,4.381653
5305,3668,4.137184
5305,1968,4.119704
5305,364,4.1140223
5305,3751,4.110549
5305,588,4.080017
5305,2542,4.073078
5305,1683,3.9737225
5305,2125,3.9670763
5305,2161,3.845202
5305,26,3.7953901
5305,2271,3.7258563
5305,2124,3.6325784
5305,2712,3.5853944
5305,2598,3.5047886
5305,1586,3.3650153
5305,410,3.2928867
5305,327,3.2142968
5305,3355,3.212803
5305,179,2.714906
5305,1590,2.4738362
5272,1198,4.1717935
5272,527,4.1663833
5272,1307,3.8197212
5272,1923,3.6519089
5272,1220,3.627036
5272,356,3.6128087
5272,3039,3.5191116
5272,1270,3.4370584
5272,2716,3.4229045
5272,1094,3.3973775
5272,3052,3.236987
5272,3448,3.083507
5272,2145,2.8618884
5272,2420,2.7499456
5272,2985,2.670385
5272,1405,2.509486
5272,2411,1.6635418
2654,2501,4.4069166
2654,2396,4.403194
2654,1784,4.2069893
2654,1095,4.1236134
2654,52,3.8289814
3476,969,4.1437807
3476,910,4.057027
3476,2028,4.03973
3476,2762,3.9528167
3476,905,3.9510612
3476,2186,3.9198701
3476,1036,3.8610203
3476,593,3.8552384
3476,2858,3.7907665
3476,36,3.7826896
3476,1208,3.7428265
3476,3451,3.68569
3476,3735,3.6834419
3476,1228,3.660553
3476,1939,3.5931835
3476,1960,3.5381744
3476,2080,3.5219216
3476,3062,3.508295
3476,2313,3.5049505
3476,2716,3.499505
3476,941,3.4950562
3476,1940,3.4894755
3476,2352,3.4849136
3476,1125,3.4335806
3476,2648,3.3367672
3476,3339,3.2367601
3476,1333,3.2135382
3476,3039,3.1487002
3476,3179,3.1437178
3476,3675,3.0998697
3476,2211,3.076661
3476,2003,2.8975513
3476,539,2.8799455
3476,3649,2.8603373
3476,2640,2.80383
3476,2712,2.7165427
3476,3194,2.5972986
3476,3633,2.4317622
3476,565,2.2839456
3476,1346,2.0670953
3476,152,1.9853396
3476,2688,1.9853057
3476,2385,1.9837325
3476,879,1.9352441
3476,3264,1.9018171
3476,2785,1.7948365
3476,2148,1.7927371
3476,2340,1.7591836
3476,1762,1.6886775
3476,410,1.6783006
3476,3833,1.6058342
3476,1460,1.4437546
3476,409,1.3043214
3476,2428,1.1697859
3476,12,1.1243473
3476,405,1.1235615
3476,2113,0.93995667
3476,1335,0.927222
3476,2878,0.89972687
3476,2368,0.8916266
3476,3709,0.8902992
3476,2548,0.883201
5627,750,4.009397
5627,1189,3.8310304
5627,1197,3.818706
5627,2858,3.799342
5627,2324,3.7980747
5627,2571,3.7771513
5627,1208,3.7219121
5627,903,3.720515
5627,1269,3.6910424
5627,1243,3.6687353
5627,2859,3.6540704
5627,3671,3.6385255
5627,1086,3.5656707
5627,3551,3.5651526
5627,2010,3.55335
5627,1291,3.5532293
5627,931,3.518519
5627,1231,3.5103078
5627,3384,3.510015
5627,3654,3.4899523
5627,1077,3.4785511
5627,1060,3.458065
5627,1080,3.4373505
5627,161,3.4359572
5627,1500,3.4356122
5627,1259,3.4026737
5627,1150,3.3794727
5627,1333,3.3744085
5627,1214,3.3675475
5627,3504,3.36381
5627,300,3.3534138
5627,3361,3.3384461
5627,1953,3.3359947
5627,1994,3.2938385
5627,549,3.2795823
5627,1356,3.2589793
5627,206,3.2362962
5627,2117,3.2165089
5627,929,3.1927261
5627,235,3.1895492
5627,2987,3.1574044
5627,2096,3.1363823
5627,1376,3.1354318
5627,2926,3.1083393
5627,3081,3.0946176
5627,448,3.0793738
5627,45,3.0582557
5627,32,3.0492182
5627,3210,3.047792
5627,52,3.039691
5627,2282,3.0173297
5627,2406,3.015198
5627,1967,3.004616
5627,968,2.9870002
5627,1350,2.9510088
5627,2376,2.9442682
5627,861,2.9130416
5627,3418,2.9116755
5627,748,2.9078786
5627,1909,2.8994849
5627,2455,2.887792
5627,1729,2.8510861
5627,2613,2.788694
5627,2759,2.7297926
5627,2803,2.7068765
5627,780,2.6883504
5627,3272,2.6745522
5627,1372,2.5485134
5627,2414,2.5473766
5627,3099,2.5375473
5627,458,2.5276852
5627,303,2.4528801
5627,879,2.4501407
5627,2174,2.4363375
5627,2241,2.2842586
5627,2784,2.2567017
5627,1091,2.2006907
5627,2532,2.170155
5627,3013,2.1562164
5627,611,2.1320379
5627,2148,2.1104383
5627,3263,2.0946982
5627,3048,1.8921816
5627,1970,1.7738241
5627,737,1.7477497
5627,2450,1.7186649
5627,2107,1.6808541
5627,880,1.5669286
3434,318,4.7665653
3434,260,4.5563498
3434,296,4.48332
3434,2571,4.47274
3434,2324,4.4634314
3434,608,4.38124
3434,2797,4.124289
3434,337,4.0454884
3434,1370,3.8845983
3434,141,3.8178134
3434,2916,3.7872238
3434,1485,3.6988654
3434,288,3.6941242
3434,1884,3.6218896
3434,1687,3.369874
3434,95,3.1363738
3434,1690,3.0297353
3434,344,2.896645
3434,2723,2.7351956
3434,3697,2.487954
3434,208,2.45168
3434,1676,2.396491
3434,1037,2.267894
3434,2986,2.2352297
3434,258,1.9631671
6039,1212,4.338273
6039,1197,4.2755756
6039,933,4.1118326
6039,1294,4.0688148
6039,947,4.0564556
6039,2300,4.0305986
6039,3421,4.0193443
6039,2565,3.9798362
6039,3037,3.9281414
6039,2863,3.8239248
6039,2857,3.6651008
6039,783,3.0934308
3394,1193,4.4331155
3394,1221,4.422511
3394,1284,4.3506866
3394,913,4.349169
3394,2762,4.348339
3394,2186,4.34496
3394,1196,4.324357
3394,2858,4.308389
3394,111,4.202881
3394,945,4.163493
3394,1240,4.107356
3394,589,4.105666
3394,1222,4.09577
3394,3362,4.0910378
3394,2947,4.04545
3394,1387,4.035279
3394,1938,4.0280323
3394,946,4.017885
3394,2599,4.0092363
3394,3363,4.001004
3394,2194,3.9915366
3394,1289,3.9060638
3394,3246,3.876318
3394,319,3.8624349
3394,1270,3.8607621
3394,1179,3.8160892
3394,2000,3.7528026
3394,2391,3.7335293
3394,3461,3.4628482
3394,2985,3.4013238
3394,3527,3.2806528
3394,3145,3.195828
4640,1196,3.7545176
4640,1136,3.6077676
4640,1,3.5446496
4640,1210,3.446592
4640,1968,3.1109467
4640,2761,3.0459962
4640,1246,3.0154812
4640,2700,3.0020611
4640,2706,2.854936
4640,2985,2.7007527
4640,1020,2.4007137
4640,3698,2.2224412
4640,2,2.0823405
4640,172,1.3687596
4360,1028,3.3676026
4360,551,3.242197
4360,2355,2.8932633
4360,2700,2.8196418
4360,2136,2.7388186
4360,2140,2.7280073
4360,2174,2.7157085
4360,1230,2.7003508
4360,248,2.6760223
4360,1958,2.4085183
4360,1806,2.3998802
4360,1918,2.2766051
4360,711,2.2702682
4360,1837,2.2504573
4360,2354,2.1195636
4360,3438,2.078642
4360,1007,2.0460563
2666,3897,4.2360544
2666,1278,4.1983566
2666,1358,4.1408415
2666,150,3.960762
2666,1635,3.808017
2666,3751,3.7624817
2666,1396,3.7178657
2666,2915,3.6194298
2666,3252,3.6036777
2666,1805,3.1913977
2666,1883,3.1636147
2214,1197,4.721643
2214,916,4.66295
2214,1266,4.485572
2214,34,4.284894
2214,2908,4.2799234
2214,3868,4.1564236
2214,3865,3.7026594
2214,1566,3.6660202
2214,2961,2.7223814
3433,899,4.311716
3433,2028,4.172146
3433,2011,2.8974328
3433,2683,2.7530885
3433,2408,1.7851338
3433,1977,1.3259418
3433,2979,1.1969848
133,597,4.1007457
133,1721,4.0965185
133,2353,3.9611194
133,2716,3.9394953
133,2763,3.9240744
133,2268,3.9136055
133,2908,3.8351038
133,454,3.8090045
133,36,3.7968833
133,300,3.7830179
133,3552,3.7390108
133,266,3.718824
133,357,3.7000985
133,2841,3.6992025
133,1645,3.6966808
133,2572,3.6716542
133,2145,3.662328
133,2882,3.601944
133,3534,3.5845644
133,3261,3.555624
133,3211,3.4490156
133,3051,3.426282
133,2144,3.4222236
133,1660,3.4214232
3752,2804,3.743634
3752,111,3.714644
3752,1280,3.6936765
3752,2997,3.6722083
3752,1947,3.5937133
3752,1291,3.5858917
3752,541,3.569147
3752,1348,3.5440714
3752,319,3.5372305
3752,1673,3.5171611
3752,1913,3.503813
3752,17,3.4853833
3752,82,3.4700658
3752,1249,3.4154916
3752,1029,3.3414328
3752,2321,3.3182068
3752,531,3.2869382
3752,3105,3.2418833
3752,3653,3.2381446
3752,2795,3.2082949
3752,2138,3.1830757
3752,2857,3.1362486
3752,180,2.8935347
544,1201,4.068928
544,2565,3.768477
544,1210,3.7628276
544,2078,3.6758027
3418,1931,4.348524
3418,1086,4.3245726
3418,2890,4.060439
3418,982,4.052052
3418,3260,4.030608
3418,3061,3.963047
3418,3418,3.9564307
3418,661,3.7325866
3418,901,3.7115998
3418,3240,3.6968017
3418,1029,3.6893566
3418,2712,3.5274203
3418,837,3.3255405
3418,2893,3.23524
3418,1391,3.0423727
3418,3712,2.9085538
3418,3273,1.8230557
4764,953,4.672194
4764,1136,4.6475244
4764,3067,4.222547
4764,3499,4.1800976
4764,1124,4.0245485
4764,3753,3.9654384
4764,370,3.4111388
4062,2762,4.309609
4062,47,4.199621
4062,2858,4.137561
4062,608,4.1002054
4062,3578,4.03698
4062,1704,3.9970286
4062,3148,3.9269042
4062,589,3.8938906
4062,1060,3.8779454
4062,16,3.844531
4062,316,3.8140054
4062,597,3.8131237
4062,1061,3.8015819
4062,553,3.7455342
4062,319,3.7390018
4062,3125,3.7324932
4062,3252,3.6879609
4062,555,3.6586409
4062,2333,3.6373022
4062,733,3.6129813
4062,3186,3.6117322
4062,141,3.5946503
4062,454,3.5706346
4062,2581,3.5609078
4062,1870,3.551824
4062,368,3.5281076
4062,2541,3.527132
4062,3476,3.5194755
4062,3615,3.4046912
4062,1876,3.4009733
4062,3623,3.384717
4062,2812,3.3733234
4062,3810,3.2437072
4062,3409,3.2270715
4062,3535,3.1820698
4062,3717,3.0996432
4062,1676,3.0185304
4062,2826,2.9353719
4062,788,2.924183
4062,2676,2.895997
4062,3146,2.5570064
259,541,4.4710836
259,2396,4.436941
259,293,4.353348
259,1036,4.339407
259,1797,4.305159
259,3481,4.2623405
259,32,4.2274084
259,2289,4.216335
259,2686,4.162071
259,3386,4.1056094
259,3751,4.0728493
259,3129,4.006916
259,1694,3.947648
259,2321,3.838257
259,144,3.7094269
259,2763,3.681487
259,230,3.555951
259,2706,3.4714513
259,3450,3.3158731
259,1644,1.9923224
1577,1269,4.4722
1577,589,4.310132
1577,529,4.266643
1577,1408,4.156899
1577,1680,4.1142697
1577,2916,4.071983
1577,1127,4.0625987
1577,2541,3.8753846
1577,3893,3.7923095
1577,235,3.7090263
1577,2900,3.3879535
957,1207,4.925192
957,908,4.825841
957,1219,4.736811
957,2324,4.71439
957,2360,4.710698
957,1196,4.6788607
957,1950,4.559633
957,1394,4.5208817
957,1231,4.5128317
957,1287,4.4576616
957,529,4.4568367
957,475,4.44601
957,2336,4.4299955
957,1270,4.3744516
957,3481,4.3290133
957,3871,4.3106365
957,3105,4.23967
957,249,4.2001076
957,11,4.1953363
957,1635,4.193573
957,6,4.189616
957,3060,4.167883
957,1730,4.1422477
957,3260,4.134451
957,3852,4.132908
957,2125,4.1263485
957,1094,4.1200814
957,1729,4.0796556
957,2434,4.031529
957,3309,4.000093
957,272,3.9867907
957,1810,3.9661322
957,3128,3.914651
957,1054,3.7761297
957,3755,3.640861
957,3534,3.304064
957,3483,3.0488658
957,3826,2.7613468
957,3824,2.3174608
3125,260,4.415908
3125,2571,4.342718
3125,923,4.3405824
3125,110,4.208868
3125,1247,4.13797
3125,1293,4.1158876
3125,1704,4.044635
3125,1246,4.036503
3125,733,3.9724717
3125,2948,3.972432
3125,3317,3.906606
3125,2728,3.9009585
3125,3408,3.894647
3125,2115,3.878944
3125,3868,3.8635263
3125,3948,3.841782
3125,648,3.7633314
3125,1213,3.7497487
3125,2393,3.7084813
3125,280,3.70828
3125,802,3.679269
3125,2425,3.6583183
3125,1372,3.617598
3125,2492,3.5887685
3125,3107,3.5829716
3125,2106,3.5714765
3125,3869,3.5575457
3125,2605,3.5173097
3125,3259,3.496769
3125,22,3.4564426
3125,1747,3.3412166
3125,1752,3.178908
3125,405,2.4195948
3230,1198,4.741478
3230,1617,4.551553
3230,1214,4.2821193
3230,3175,4.038486
3230,2916,3.962874
3230,1729,3.9613142
3230,2626,3.94079
3230,3430,3.8304448
3230,198,3.7269044
3230,3452,3.723133
3230,3301,3.7167337
3230,748,3.706293
3230,1783,3.6323884
3230,3326,3.527557
3230,3717,3.5271187
3230,2428,3.2406244
3230,2701,2.9401674
2156,318,4.371812
2156,1284,4.155221
2156,1276,4.0387506
2156,3088,3.9578135
2156,2664,3.921581
2156,589,3.8927293
2156,1274,3.857388
2156,1997,3.8564978
2156,1302,3.7785864
2156,3159,3.7491267
2156,2160,3.7484698
2156,1580,3.705181
2156,1584,3.7020848
2156,1101,3.6979203
2156,596,3.684426
2156,1962,3.6779032
2156,161,3.675799
2156,1356,3.6477036
2156,1215,3.6365993
2156,316,3.6342068
2156,39,3.615526
2156,147,3.4790773
2156,1014,3.3360994
2156,543,3.3043242
2156,2781,3.1943638
2156,2021,3.1922288
2156,333,3.057498
2156,288,3.0096707
2156,1591,2.8375063
2156,2735,2.8112154
2156,2093,2.7609437
2156,1726,2.650408
2156,1676,2.543663
2156,1021,2.5330667
2156,432,2.4310143
2156,1431,2.2569163
3484,3030,4.1309233
3484,1200,3.961949
3484,924,3.8338118
3484,1270,3.7853992
3484,3471,3.6340864
3484,3175,3.5807657
3484,588,3.4131904
3484,1641,3.296145
3484,2499,3.056971
3484,1129,3.0327554
3484,3298,2.8343234
3484,2879,2.8213367
3484,1320,2.642788
3484,1544,2.268515
3484,1690,2.2474315
3484,2124,2.239286
3484,2054,2.2146668
3484,1590,1.9770118
3484,160,1.5581015
3484,1882,1.4772896
3484,3299,1.4750243
3484,546,1.2051098
1125,1617,3.9928741
1125,3949,3.9315557
1125,1291,3.916768
1125,1961,3.8688154
1125,914,3.8326244
1125,2359,3.6715612
1125,1270,3.653036
1125,380,3.6164987
1125,1101,3.5610514
1125,3952,3.5604634
1125,1748,3.5506663
1125,11,3.5424244
1125,2318,3.5413055
1125,2690,3.53597
1125,2282,3.528463
1125,1527,3.5155673
1125,471,3.512384
1125,3751,3.4875584
1125,647,3.4647484
1125,2394,3.4594114
1125,1042,3.4501367
1125,648,3.4339576
1125,3893,3.4193273
1125,1653,3.397895
1125,198,3.3610787
1125,799,3.3438766
1125,2395,3.3415337
1125,3186,3.3158414
1125,1918,3.3145075
1125,2331,3.310842
1125,2021,3.3003974
1125,587,3.2722116
1125,353,3.2670553
1125,1911,3.2645965
1125,3798,3.255103
1125,467,3.2516947
1125,1437,3.2412114
1125,112,3.2187622
1125,292,3.1746085
1125,1552,3.1255412
1125,168,3.119156
1125,2431,3.071567
1125,1612,3.0606184
1125,2424,3.0483708
1125,1582,3.0321314
1125,1513,3.0277967
1125,1377,3.0236802
1125,188,2.9836426
1125,434,2.9727893
1125,3436,2.9609404
1125,1916,2.9592853
1125,2600,2.929931
1125,652,2.9214487
1125,442,2.8924851
1125,3257,2.868682
1125,1876,2.8270562
1125,1779,2.8205752
1125,1831,2.8030105
1125,3180,2.781351
1125,485,2.75385
1125,1515,2.6981688
1125,1991,2.696535
1125,990,2.6699798
1125,2054,2.6384873
1125,2598,2.4902716
1125,2315,2.1755524
1125,2807,1.9566454
1125,1760,1.8201652
3208,953,4.367602
3208,1208,4.2438297
3208,1283,4.210086
3208,2804,4.1305256
3208,1291,4.0093265
3208,589,3.992546
3208,2670,3.9784229
3208,1674,3.9466465
3208,1721,3.9259996
3208,2268,3.862682
3208,3552,3.8242707
3208,1220,3.774013
3208,1693,3.7329948
3208,1982,3.7061825
3208,349,3.639115
3208,1587,3.6159127
3208,3703,3.6088755
3208,507,3.596004
3208,647,3.522275
3208,69,3.4789104
3208,2915,3.4279475
3208,1485,3.4102015
3208,1093,3.4028606
3208,700,3.3447962
3208,3370,3.3241725
3208,1010,3.3117957
3208,3809,3.2727153
3208,805,3.2700233
3208,2598,3.1406188
3208,3441,3.0922434
3208,1616,2.8359237
3208,1479,2.611278
3208,2500,2.594731
3208,3834,2.5763721
3208,1552,2.1885583
3208,2107,2.155389
3208,2381,1.8596184
3208,2382,1.7106669
724,2692,4.12615
724,293,4.0327888
724,3728,3.8972454
724,357,3.8364868
724,1921,3.7531652
724,648,3.7200432
724,1777,3.6677713
724,222,3.6613636
724,1909,3.6582386
724,3557,3.394989
724,1616,3.386599
1585,110,3.9084
1585,150,3.790397
1585,3072,3.7577147
1585,34,3.5427845
1585,991,3.3239613
1585,2912,3.2924218
1585,1883,3.235124
1585,1385,3.0355773
4269,3629,4.3416414
4269,1304,4.3128557
4269,1189,4.2584968
4269,1235,4.2545447
4269,1307,4.222294
4269,3088,4.178979
4269,1294,4.1160364
4269,1285,4.0468044
4269,1019,3.9685667
4269,2150,3.9104733
4269,3812,3.8423657
4269,342,3.8143232
4269,2355,3.810907
4269,3706,3.6364603
4269,1194,3.5044942
4269,3524,3.4859965
4269,2001,3.4160619
4269,2145,3.354254
4269,2406,3.3459227
4269,2003,3.176948
4269,674,2.6882443
4269,2098,2.5247204
4269,2364,2.5018888
2786,858,4.882685
2786,2028,4.7408876
2786,903,4.7098064
2786,1208,4.705818
2786,1200,4.534972
2786,1086,4.4852676
2786,2396,4.4716973
2786,1266,4.4202127
2786,1222,4.4135056
2786,1997,4.3909454
2786,2176,4.3305426
2786,3654,4.25103
2786,553,4.203826
2786,3505,4.175638
2786,3071,4.076951
2786,2288,4.049601
2786,1396,4.032419
2786,2115,3.7718878
2786,1101,3.7648435
2786,3635,3.758145
2786,2100,3.627048
2786,2001,3.6111178
2786,2167,3.6090515
2786,3712,3.60184
2786,2470,3.5949798
2786,163,3.4274096
2786,3519,3.2802775
2786,3704,3.264557
2786,780,3.1707242
2786,3082,3.1116807
2786,1573,3.1037822
2786,1552,2.7921247
2786,2717,2.759288
2786,2259,1.985909
2786,2701,1.3673751
1254,1197,4.8411255
1254,945,4.7180634
1254,2396,4.678005
1254,58,4.566656
1254,915,4.515591
1254,1912,4.4151096
1254,2125,4.360816
1254,357,4.311531
1254,25,4.2827144
1254,1959,4.282612
1254,380,4.1974316
1254,341,4.166353
1254,1188,4.1281934
1254,1380,4.0894947
1254,2145,3.9248343
1254,2340,3.6972435
1254,231,3.528999
1254,1593,3.1364095
5074,1148,4.410379
5074,1221,4.2431865
5074,1219,4.161811
5074,3359,4.0272226
5074,3897,3.9493418
5074,1080,3.9206321
5074,2761,3.8848116
5074,2917,3.8813655
5074,1220,3.8780153
5074,1952,3.877845
5074,1206,3.8748665
5074,1291,3.868369
5074,2303,3.863925
5074,2819,3.8410797
5074,308,3.8381393
5074,3104,3.8313677
5074,3507,3.806688
5074,1230,3.7876718
5074,1,3.7595682
5074,3002,3.7544544
5074,1036,3.7534409
5074,1285,3.7528324
5074,1305,3.7475214
5074,2971,3.74618
5074,247,3.739098
5074,1246,3.7308676
5074,3668,3.7283008
5074,3039,3.6845012
5074,357,3.678546
5074,373,3.6712377
5074,1374,3.661676
5074,2700,3.6296833
5074,3384,3.5395637
5074,3189,3.4994087
5074,457,3.4919996
5074,3071,3.4781725
5074,3536,3.4751687
5074,2948,3.4732347
5074,1910,3.4604423
5074,364,3.4584353
5074,3703,3.3753858
5074,1982,3.3686876
5074,2929,3.3506672
5074,2944,3.350311
5074,3174,3.3446817
5074,348,3.3323703
5074,2096,3.2732143
5074,2712,3.261544
5074,1057,3.2302217
5074,1112,3.1990728
5074,11,3.1895006
5074,592,3.160966
5074,3571,3.1185527
5074,3760,3.0997815
5074,2764,3.0553162
5074,2001,3.0478184
5074,1413,3.0299497
5074,3015,3.0143795
5074,2111,2.9408555
5074,1129,2.906036
5074,2707,2.8862329
5074,764,2.8719115
5074,2718,2.816625
5074,3515,2.7950583
5074,10,2.7824664
5074,1608,2.7650855
5074,105,2.752873
5074,70,2.5310097
5074,1658,2.5162172
5074,1876,2.5016406
5074,1458,2.482259
5074,2475,2.4538531
5074,3082,2.4346528
5074,2702,2.20865
3041,111,4.1894226
3041,3083,4.1313715
3041,2959,4.105618
3041,3510,3.8480775
3041,2302,3.7281227
3041,3536,3.6634793
3041,3538,3.6578538
3041,648,3.4336777
3041,3185,3.3520453
3041,2683,3.3087816
3041,2712,3.286211
3041,3513,3.0796676
3041,2605,2.8412988
3041,2719,1.9192296
5536,858,4.054381
5536,2762,4.002543
5536,1213,3.9446576
5536,1299,3.9441676
5536,2858,3.866251
5536,1086,3.7381406
5536,3362,3.701331
5536,2959,3.6939912
5536,1214,3.6825314
5536,1090,3.6415923
5536,2289,3.6145916
5536,1307,3.545385
5536,3360,3.4919689
5536,1748,3.4899352
5536,2716,3.483712
5536,2391,3.4519715
5536,2366,3.4044437
5536,1845,3.3948264
5536,2542,3.345918
5536,3108,3.3246245
5536,348,3.2551162
5536,3178,3.254579
5536,628,3.2443485
5536,3255,3.242013
5536,3256,3.2202299
5536,3203,3.2177043
5536,1188,3.2109272
5536,1393,3.1871743
5536,431,3.1847484
5536,1785,3.1550941
5536,2085,3.1534288
5536,2371,3.1488123
5536,2193,3.1354141
5536,2273,3.0827987
5536,3252,3.0776572
5536,2433,3.010652
5536,1721,2.9818423
5536,1395,2.9617238
5536,2001,2.928326
5536,1061,2.9184537
5536,605,2.8254676
5536,1378,2.8121943
5536,377,2.7962782
5536,2469,2.7520366
5536,3270,2.730575
5536,2340,2.6801171
5536,1586,2.6546068
5536,1399,2.5948224
5536,2803,2.57719
5536,2413,2.501234
5536,2,2.4779592
5536,2826,2.4452362
5536,1918,2.4368706
5536,1687,2.421953
5536,2012,2.3912098
5536,3254,2.3793387
5536,2699,2.3298042
5536,2264,2.3269577
5536,1647,2.3077176
5536,2561,2.2704132
5536,2540,2.254338
5536,1598,2.2059908
5536,2126,2.2012796
5536,415,2.0111258
5536,208,1.9769915
5536,1977,1.9665565
5536,1752,1.9042277
5536,880,1.833805
5536,3646,1.7841597
5536,1515,1.6109343
5536,3710,1.5431838
5536,3238,1.4355489
5536,169,1.3388054
5430,899,4.971983
5430,3549,4.565666
5430,902,4.4779186
5430,1380,4.3401837
5430,1597,4.0782514
5430,1777,3.8934247
5430,3555,3.891458
5430,1030,3.8711271
3711,50,5.117676
3711,2819,4.8652573
3711,1240,4.713856
3711,1249,4.648411
3711,1215,4.5365376
3711,3175,4.47586
3711,3753,4.4428854
3711,316,4.3725314
3711,1320,3.3974955
3150,1097,4.32778
3150,3481,4.171624
3150,3104,4.1418047
3150,3536,4.131448
3150,2395,4.118398
3150,3219,3.9161954
3150,2539,3.7626333
3150,3146,3.5287044
3629,908,4.419443
3629,1104,4.300004
3629,903,4.2768683
3629,2300,4.173418
3629,955,4.1707344
3629,3789,4.1427784
3629,1244,4.108439
3629,2143,2.948819
2376,904,4.6210165
2376,1197,4.3476067
2376,1147,4.3153677
2376,1307,4.196721
2376,2064,4.187685
2376,3481,4.096839
2376,1259,4.0924006
2376,1292,4.041022
2376,1961,4.015493
2376,555,3.9807987
2376,866,3.972326
2376,2871,3.9532256
2376,3160,3.9433377
2376,356,3.9349732
2376,2076,3.930508
2376,534,3.907353
2376,1964,3.8863864
2376,1500,3.8857808
2376,1387,3.7556021
2376,1678,3.7223957
2376,2114,3.527851
2376,2193,3.4437516
2376,1584,3.3472252
2376,14,3.341705
2376,3252,3.2898204
2376,3185,3.288649
2376,349,3.2232733
2376,1061,3.2198534
2376,3910,3.1868765
2376,1580,3.1258101
2376,999,2.951642
2376,2763,2.922497
2376,1597,2.9062202
2376,85,2.8959606
2376,1805,2.8179832
2376,3863,2.7087302
2376,105,2.6213057
2376,3537,2.613254
2376,3155,2.2756102
2376,2402,2.1698081
2376,79,1.8331548
2376,2694,1.8253071
2376,3826,1.6525749
2376,168,1.6469915
2376,2676,1.4531013
3994,1221,4.6255856
3994,1207,4.593008
3994,1196,4.489523
3994,3789,4.433691
3994,1674,4.3949556
3994,440,4.2178993
3994,3451,4.188251
3994,3421,4.158808
3994,2302,4.1386414
3994,3363,4.0629025
3994,1374,4.003721
3994,3253,3.9890854
3994,780,3.9577503
3994,2640,3.8772736
3994,2108,3.8521094
3994,2759,3.767459
3994,2025,3.6599417
3994,1395,3.6174707
3994,235,3.5352995
4507,1213,4.9921846
4507,1210,4.772137
4507,47,4.76924
4507,2268,4.765981
4507,590,4.6420107
4507,2949,4.628166
4507,1206,4.610943
4507,1097,4.593664
4507,3448,4.557666
4507,2000,4.545727
4507,1092,4.5025043
4507,235,4.4748974
4507,3450,4.4508185
4507,2528,4.4448037
4507,1396,4.4407425
4507,2502,4.428199
4507,2353,4.423998
4507,3479,4.423481
4507,648,4.3666105
4507,3809,4.3654375
4507,1967,4.353118
4507,3729,4.327912
4507,1205,4.282747
4507,151,4.258205
4507,362,4.24683
4507,2116,4.2200346
4507,423,4.1728687
4507,2054,4.003187
4507,1804,3.9492998
4507,3243,3.6686392
4507,1793,3.6001773
4507,2338,3.036447
1063,260,4.7371078
1063,1208,4.6144176
1063,1267,4.5980053
1063,2324,4.5685654
1063,457,4.5101857
1063,1240,4.4169903
1063,3334,4.4050426
1063,110,4.398923
1063,1610,4.389662
1063,1214,4.3322372
1063,213,4.3245173
1063,3681,4.235182
1063,2529,3.999801
1063,671,3.915745
3695,2028,4.5013347
3695,1197,4.434697
3695,3037,4.262289
3695,1210,4.2005644
3695,3499,4.154564
3695,1127,4.053796
3695,2968,4.041924
3695,3082,3.979437
3695,471,3.9759505
3695,3397,3.9512382
3695,2001,3.931379
3695,377,3.925246
3695,1517,3.9227533
3695,1396,3.9150128
3695,18,3.8872702
3695,3763,3.8831475
3695,3158,3.8724642
3695,1620,3.8431306
3695,163,3.8232765
3695,2111,3.7883408
3695,3261,3.7655063
3695,224,3.71011
3695,1173,3.6631484
3695,1037,3.6388247
3695,15,3.6176825
5347,1,3.9776924
5347,2908,3.8956006
5347,551,3.78445
5347,2706,3.7638562
5347,3060,3.7481563
5347,1249,3.7387733
5347,1885,3.6667647
5347,3108,3.6263642
5347,1127,3.6239882
5347,2291,3.5932841
5347,2058,3.562028
5347,141,3.5595455
5347,1722,3.4948578
5347,316,3.4551435
5347,2353,3.444888
5347,377,3.3939934
5347,339,3.3826578
5347,733,3.3724174
5347,367,3.3451707
5347,1093,3.3335993
5347,1573,3.3116553
5347,3684,3.249679
5347,3082,3.2441797
5347,3623,3.200625
5347,3707,3.085853
5347,3300,3.0312572
5347,3,2.9752522
5347,2688,2.9688797
5347,2881,2.8660533
5347,5,2.3803518
5347,185,2.248987
5347,1391,2.225568
5347,2808,2.0412784
5347,1556,1.2201548
412,1131,4.968974
412,2067,4.8064466
412,1387,4.7771125
412,1537,4.7179585
412,110,4.7156067
412,1300,4.659377
412,1090,4.650153
412,1288,4.61681
412,1230,4.6153703
412,232,4.610321
412,733,4.603468
412,1103,4.5951586
412,3911,4.5791016
412,1571,4.556962
412,2289,4.551999
412,2921,4.541952
412,2150,4.524579
412,2352,4.515294
412,2020,4.5092387
412,3720,4.4666405
412,1302,4.4523287
412,1784,4.43361
412,3408,4.42403
412,2971,4.37908
412,2580,4.3754997
412,3702,4.357956
412,3450,4.2755075
412,2184,4.2739906
412,1083,4.2597976
412,1179,4.2452126
412,3032,4.2402067
412,2628,4.2280016
412,2405,4.2142377
412,3167,4.2139444
412,3250,4.2118697
412,3809,4.211546
412,1805,4.1615868
412,1395,4.1543174
412,3506,4.1444764
412,2431,4.1340523
412,2718,4.0711412
412,3617,3.9439902
412,1831,3.808796
412,762,3.558948
412,2153,3.2155294
1181,745,3.9307795
1181,923,3.679263
1181,951,3.617665
1181,1242,3.5882797
1181,2905,3.5853715
1181,3578,3.5421863
1181,1270,3.5203118
1181,1784,3.4674199
1181,475,3.4596074
1181,3360,3.457871
1181,969,3.4525256
1181,924,3.4272356
1181,529,3.4213607
1181,3362,3.4176145
1181,1132,3.4167857
1181,1275,3.4083037
1181,1721,3.4002354
1181,2671,3.3978481
1181,2396,3.3817885
1181,2303,3.3518195
1181,1147,3.3459313
1181,1955,3.3454325
1181,300,3.3293235
1181,932,3.316211
1181,2612,3.3068836
1181,3088,3.3043747
1181,1086,3.2943559
1181,1104,3.2894483
1181,3420,3.282721
1181,2186,3.28133
1181,2788,3.2759342
1181,1321,3.266503
1181,1127,3.2455869
1181,2248,3.2431266
1181,1084,3.2325318
1181,946,3.2282908
1181,2797,3.223103
1181,1952,3.2229385
1181,2858,3.2184646
1181,3134,3.2172813
1181,1176,3.198898
1181,1466,3.193555
1181,116,3.1892629
1181,1237,3.1855178
1181,1411,3.1579936
1181,3114,3.1558194
1181,1096,3.1436539
1181,1963,3.1362174
1181,2707,3.1158195
1181,3720,3.0923364
1181,3135,3.088902
1181,3543,3.0806208
1181,3210,3.0792732
1181,377,3.077652
1181,2729,3.0744543
1181,3852,3.0688837
1181,3386,3.0534487
1181,866,3.0437815
1181,943,3.0385108
1181,3524,3.0309868
1181,3253,3.0258243
1181,1261,3.0247214
1181,2108,3.0206475
1181,2476,3.0145793
1181,1573,3.0136952
1181,2889,3.010357
1181,2301,3.005941
1181,266,2.9899678
1181,921,2.9800503
1181,588,2.978272
1181,2946,2.9715815
1181,1748,2.970739
1181,3111,2.967115
1181,3516,2.9593027
1181,3100,2.9588332
1181,3546,2.9534469
1181,3079,2.9418406
1181,929,2.923835
1181,1273,2.9206753
1181,3844,2.919874
1181,2454,2.9163966
1181,2134,2.901857
1181,1953,2.8968654
1181,206,2.8961294
1181,2173,2.892724
1181,342,2.892462
1181,2078,2.8877213
1181,290,2.8660812
1181,2599,2.8590531
1181,3296,2.841509
1181,2990,2.8376977
1181,1673,2.827156
1181,372,2.8266273
1181,2478,2.8253746
1181,1263,2.8248155
1181,22,2.8121846
1181,3329,2.8014607
1181,2068,2.7979863
1181,3882,2.7943673
1181,2866,2.7929935
1181,1936,2.79117
1181,1080,2.7869725
1181,1885,2.776882
1181,292,2.7698367
1181,2240,2.767086
1181,3128,2.7630496
1181,1034,2.7578976
1181,2,2.7315087
1181,3943,2.721588
1181,3740,2.72154
1181,1457,2.7199945
1181,3358,2.7132232
1181,3214,2.680399
1181,2505,2.675033
1181,1892,2.6731606
1181,3371,2.6595354
1181,731,2.6576118
1181,3213,2.65081
1181,45,2.6209583
1181,365,2.6114013
1181,3701,2.5981874
1181,3327,2.5792742
1181,3211,2.5762353
1181,157,2.5570095
1181,2561,2.5506222
1181,2062,2.5502427
1181,2106,2.5475018
1181,1399,2.5399647
1181,3550,2.4999883
1181,2017,2.4520416
1181,3033,2.4518986
1181,1128,2.44571
1181,60,2.4061708
1181,2702,2.4060144
1181,76,2.4013457
1181,2840,2.401307
1181,2417,2.4009447
1181,962,2.3968828
1181,532,2.3774917
1181,494,2.374956
1181,2471,2.3718195
1181,1488,2.351959
1181,3584,2.350108
1181,1616,2.342045
1181,1391,2.3242717
1181,303,2.3105464
1181,2374,2.2455344
1181,3316,2.2447808
1181,2497,2.2343268
1181,1920,2.1768186
1181,1181,2.1581004
1181,1677,2.1517525
1181,2373,2.1439357
1181,1468,2.1177626
1181,276,1.988792
1181,519,1.8759097
1181,1862,1.8141044
1181,692,1.7429494
1181,325,1.6916527
1181,2053,1.651092
1181,1359,1.6114398
1181,3877,1.5306972
1181,3774,1.4423639
1181,1998,1.3936259
386,318,4.599388
386,2028,4.2268543
386,2959,4.115736
386,1704,4.091061
386,2289,4.0445876
386,1243,4.0101447
386,176,3.9364974
386,101,3.9295506
386,589,3.8822546
386,1285,3.8007405
386,1641,3.7900016
386,2542,3.743638
386,125,3.7231112
386,1466,3.716586
386,2282,3.550085
386,2883,3.541121
386,96,3.5398636
386,508,3.3607054
386,1777,3.331552
386,144,3.260298
386,1904,3.138876
386,543,3.1229177
386,2124,3.0403218
386,107,2.9009163
386,104,2.899857
386,2482,2.8697734
386,2709,2.7482145
386,2598,2.7265642
386,1513,2.5605328
386,2335,2.1951241
386,2387,1.8556802
386,3826,1.840797
386,153,1.7975667
386,2500,1.6252975
2638,50,4.3600044
2638,1213,4.120184
2638,1272,3.9762092
2638,246,3.9500036
2638,1219,3.9247026
2638,1201,3.8368282
2638,1265,3.8014512
2638,3359,3.7929668
2638,1080,3.7275717
2638,1060,3.7182746
2638,3499,3.6481807
2638,555,3.6135178
2638,2501,3.5900817
2638,1396,3.569921
2638,1639,3.5155826
2638,2347,3.4413314
2638,1408,3.4381955
2638,1912,3.4368448
2638,1732,3.4254525
2638,3255,3.4008117
2638,3763,3.358598
2638,349,3.3441105
2638,3635,3.3049183
2638,2968,3.2580733
2638,21,3.2332325
2638,2161,3.21175
2638,2671,3.1218958
2638,329,3.0199983
2638,2990,2.9613328
2638,2455,2.8979852
2638,2006,2.7802472
2638,1721,2.7293096
2638,517,2.7163796
2638,1135,2.6418405
2638,1330,2.5855486
2638,552,2.5650442
2638,3707,2.4436991
2638,2478,2.105737
2638,2408,1.8508497
2638,2450,1.8095758
2638,1389,1.5629749
2638,2422,1.4750012
2638,2818,1.1968923
1699,3435,4.8139973
1699,908,4.7703505
1699,1213,4.7375164
1699,1284,4.7334204
1699,296,4.7021675
1699,3730,4.6903205
1699,2859,4.5594788
1699,1236,4.5507874
1699,3088,4.530715
1699,2788,4.5209336
1699,1704,4.5155554
1699,2692,4.4844885
1699,1273,4.480894
1699,3061,4.330295
1699,1176,4.313757
1699,1641,4.254588
1699,3516,4.2510457
1699,2312,4.238306
1699,1179,4.228427
1699,594,4.2197385
1699,3552,4.2179184
1699,2076,4.1765485
1699,2243,4.176221
1699,223,4.16885
1699,1663,4.146659
1699,2499,4.101481
1699,2144,4.097435
1699,1032,4.0810227
1699,3358,4.0459948
1699,2174,4.0071054
1699,3599,3.9897366
1699,3608,3.915261
1699,2361,3.912521
1699,3567,3.8522666
1699,3142,3.7539997
1699,136,3.6051464
5332,1291,4.64833
5332,1200,4.5704823
5332,1240,4.5390315
5332,2353,4.3881407
5332,1527,4.281835
5332,380,4.2158127
5332,1385,3.9553058
5332,1876,3.7850513
5641,678,3.864428
5641,805,3.4418807
5641,2539,3.1385744
5641,2770,3.1278737
5641,236,3.119492
5641,1918,2.9647555
5641,1453,2.3926163
4673,1208,4.583635
4673,720,4.483185
4673,1250,4.478279
4673,1221,4.4765096
4673,1136,4.46388
4673,3114,4.3744574
4673,593,4.3482294
4673,111,4.348204
4673,3095,4.2885075
4673,1242,4.250427
4673,529,4.227783
4673,1961,4.2272663
4673,2871,4.2045984
4673,2908,4.11717
4673,1923,4.0967226
4673,1957,4.0950837
4673,1784,4.077517
4673,2872,4.051891
4673,3925,4.022064
4673,1678,3.9924057
4673,3100,3.9878793
4673,2495,3.9871366
4673,587,3.9867485
4673,555,3.986436
4673,3654,3.9833553
4673,1179,3.966951
4673,431,3.9500184
4673,300,3.926569
4673,2529,3.907534
4673,3358,3.897653
4673,3328,3.8808446
4673,2436,3.8800783
4673,151,3.845817
4673,2403,3.8258662
4673,3831,3.819753
4673,2006,3.8111873
4673,3555,3.7834516
4673,3643,3.723113
4673,3176,3.7193716
4673,2474,3.636667
4673,225,3.626019
4673,3519,3.6039941
4673,2331,3.5930586
4673,3704,3.5456748
4673,2527,3.5187974
4673,1721,3.517499
4673,170,3.472426
4673,3580,3.3780394
4673,674,3.213067
4673,2154,3.1658258
4673,2826,3.1481209
4673,3841,2.924733
4673,2628,2.9219418
4673,1064,2.8790648
4673,2986,2.6721585
411,260,4.1944523
411,1207,4.1470118
411,951,3.9422684
411,2501,3.9416893
411,1449,3.8863735
411,1704,3.8231745
411,2067,3.8134902
411,1036,3.7988083
411,1252,3.744313
411,590,3.735899
411,3362,3.7143476
411,1210,3.7048454
411,2739,3.698398
411,2948,3.662684
411,3545,3.6586232
411,1176,3.6355932
411,838,3.634737
411,1246,3.6307542
411,2662,3.6191392
411,1285,3.6114125
411,2336,3.5564284
411,538,3.5480745
411,1639,3.524513
411,3330,3.476757
411,2406,3.4641
411,3548,3.4640293
411,901,3.424487
411,34,3.4162843
411,3357,3.4158933
411,2069,3.4023316
411,2690,3.399426
411,3682,3.3610249
411,2968,3.3571434
411,937,3.3411465
411,3461,3.3130643
411,3163,3.2938938
411,3668,3.2780507
411,1747,3.276342
411,1587,3.2497294
411,2989,3.2204497
411,2433,3.1262584
411,2747,3.1038308
411,2174,3.1029184
411,3422,3.0606356
411,1016,3.0292253
411,2144,2.958516
411,2792,2.9273202
411,2079,2.834236
411,2418,2.8270092
411,2752,2.7771375
411,2724,2.6484976
411,3257,2.3751636
411,1703,2.292935
411,2375,2.2575428
411,2054,2.2105725
411,2408,2.0528936
411,3754,1.9129089
2771,1197,3.933345
2771,110,3.625764
2771,1090,3.4333904
2771,508,3.3446586
2771,440,3.2713091
2771,3729,3.227306
2771,349,3.0870779
2771,1594,3.068324
2771,3267,3.0143394
2771,3255,2.9979832
2771,1518,2.9746656
2771,2879,2.9234426
2771,2353,2.8734384
2771,2046,2.8574042
2771,1370,2.825409
2771,1917,2.7575235
2771,1614,2.7238748
2771,1059,2.6776636
2771,2826,2.6643364
2771,1616,2.5000632
2771,1391,2.4915264
2771,2535,2.3859549
2771,2861,2.1696432
2771,2815,2.084819
2750,1066,4.724696
2750,1296,4.620826
2750,1175,4.5980678
2750,3671,4.4997745
2750,2313,4.477077
2750,1060,4.471762
2750,2395,4.31248
2750,1580,4.303173
2750,562,4.252857
2750,348,4.1101456
2750,2145,4.0637207
2750,2926,4.057723
2750,2463,3.9852092
2750,3618,3.9275897
2750,2384,3.9221265
2750,1391,3.4957533
3017,2028,4.1280203
3017,919,4.0623493
3017,593,4.0464697
3017,1197,4.0429087
3017,1278,3.9192538
3017,1222,3.8861604
3017,1263,3.8791893
3017,356,3.8447456
3017,3819,3.8421144
3017,1617,3.8355634
3017,1784,3.7389235
3017,2067,3.7251213
3017,1683,3.6232302
3017,3044,3.551836
3017,515,3.5359633
3017,125,3.535789
3017,1959,3.489909
3017,2406,3.4647717
3017,1484,3.4182825
3017,500,3.4093022
3017,58,3.3788683
3017,1569,3.323782
3017,803,3.2886539
3017,344,3.2658372
3017,339,3.2084928
3017,3823,3.2067761
3017,2883,3.1610599
3017,2496,3.1581426
3017,2369,3.0318973
3017,788,2.9173985
3017,691,2.9012365
3017,1883,2.8420937
3017,2432,2.8088017
3017,1888,2.7754402
3017,3616,2.33772
3017,3394,2.3160453
981,2019,4.048675
981,1198,3.9854155
981,1945,3.85081
981,3683,3.7704957
981,1228,3.6972919
981,1175,3.6220183
981,1719,3.6036913
981,2791,3.5787838
981,1266,3.545783
981,2248,3.5211911
981,1446,3.516701
981,1060,3.4213367
981,32,3.416789
981,1921,3.3906603
981,1912,3.3540304
981,2924,3.329389
981,471,3.3243594
981,1261,3.235718
981,2987,2.957122
981,1210,2.915977
981,1701,2.7844415
981,417,2.6855092
981,2747,2.631624
981,3033,2.230843
981,1676,2.1937244
981,267,1.8527855
1425,922,4.9501724
1425,1198,4.793092
1425,260,4.7538643
1425,1203,4.712997
1425,1394,4.7025375
1425,3095,4.660742
1425,2997,4.6174994
1425,955,4.601272
1425,2692,4.565223
1425,1,4.548102
1425,3471,4.528418
1425,150,4.526458
1425,1246,4.51518
1425,1214,4.4881363
1425,1834,4.3799915
1425,34,4.366002
1425,1177,4.3506794
1425,3408,4.3262935
1425,531,4.3242083
1425,1035,4.280934
1425,1028,4.269608
1425,3052,4.258443
1425,2700,4.2503095
1425,562,4.224471
1425,1584,4.2141533
1425,2140,4.2012715
1425,2716,4.196147
1425,2080,4.185895
1425,3086,4.1835546
1425,1095,4.1789474
1425,3175,4.172515
1425,1356,4.131523
1425,1660,4.131129
1425,2611,4.1183023
1425,1517,4.114043
1425,2125,4.109775
1425,1909,4.097312
1425,1025,4.0574207
1425,3618,4.0240026
1425,3915,4.015525
1425,1721,3.9283168
1425,1917,3.9124188
1425,45,3.8876483
1425,2184,3.8687632
1425,1031,3.852503
1425,2100,3.8489394
1425,1013,3.8225145
1425,3512,3.8009548
1425,1063,3.7975466
1425,2560,3.6396902
1425,3623,3.6369677
1425,494,3.6291819
1425,2598,3.5948625
1425,2,3.5326931
1425,2840,3.519236
1425,3441,3.515284
1425,783,3.5003366
1425,532,3.4860153
1425,1091,3.485296
1425,2478,3.4776435
1425,830,3.4402921
1425,3247,3.4326851
1425,3944,3.4315953
1425,3051,3.4150157
1425,520,3.3157666
1425,2771,3.3020191
1425,542,3.288372
1425,2054,3.177518
1425,2320,3.0897636
1425,3258,3.0726306
1425,2017,3.0389702
1425,366,2.9922464
1425,3626,2.984849
1425,765,2.9311347
1425,2142,2.912206
1425,3721,2.8917997
1425,3511,2.8093693
1425,1779,2.7495527
1425,743,2.724683
1425,879,2.6555848
1425,1690,2.5287628
1425,1515,2.4390957
1425,2036,2.1658313
1425,2552,2.1052127
1425,1882,1.9478761
1425,2004,1.9352059
1425,2412,1.8967098
245,260,4.050131
245,1198,3.9920874
245,1136,3.8621912
245,2028,3.7796326
245,908,3.7769873
245,1269,3.691958
245,1201,3.5863976
245,1304,3.5495756
245,1231,3.5239582
245,1952,3.5016732
245,1230,3.4975033
245,1299,3.472223
245,1682,3.457726
245,1090,3.450078
245,150,3.4302087
245,300,3.3620253
245,2010,3.3064597
245,3654,3.29909
245,3039,3.2988586
245,3361,3.2978573
245,440,3.2904549
245,3366,3.2650957
245,2716,3.258634
245,1954,3.247171
245,1956,3.207104
245,1097,3.1922677
245,3068,3.1829164
245,1206,3.1603465
245,1215,3.1441572
245,2866,3.1386242
245,1721,3.0270953
245,2988,3.0218558
245,2193,2.9988463
245,1959,2.9847765
245,2406,2.979014
245,1732,2.9716551
245,1094,2.9591956
245,2991,2.9572678
245,3386,2.9253008
245,235,2.8912814
245,3081,2.86521
245,2287,2.8236053
245,454,2.7906523
245,1375,2.7862594
245,1031,2.7005372
245,3769,2.7002213
245,3599,2.6908023
245,2649,2.6283398
245,367,2.5481243
245,2628,2.515983
245,1552,2.478328
245,2405,2.437757
245,2046,2.4370809
245,3809,2.423837
245,1346,2.3461726
245,2475,2.3253634
245,2647,2.3245323
245,2043,2.3231423
245,2377,2.2964425
245,724,2.2923222
245,3771,2.2777333
245,2478,2.236098
245,2418,2.2221704
245,2524,2.1329029
245,2094,2.118922
245,1377,2.0992408
245,2794,1.9578576
245,2378,1.950614
245,3489,1.9503098
245,2531,1.9350247
245,2532,1.9060831
245,2374,1.8535264
245,1911,1.8456348
245,3385,1.756512
245,95,1.691617
245,153,1.667315
245,512,1.6490166
245,2953,1.5599195
245,2530,1.5428519
245,2379,1.468331
245,2456,1.3922694
245,1382,1.3663396
245,3690,1.1946459
245,2655,1.1366575
266,527,4.85997
266,1304,4.5808845
266,903,4.576433
266,965,4.4337797
266,1097,4.345381
266,1957,4.194459
10,1204,4.6743436
10,1304,4.495857
10,1276,4.4050846
10,3671,4.342396
10,2355,4.294717
10,539,4.267729
10,2078,4.245693
10,590,4.2360334
10,3363,4.2153807
10,2599,4.197004
10,2863,4.18676
10,3072,4.1661177
10,1653,4.1394167
10,2012,4.1206408
10,1088,4.113041
10,2009,4.100363
10,3702,4.099581
10,1019,4.0822825
10,2371,4.07553
10,3108,4.0635977
10,1884,4.042786
10,3100,4.034376
10,2874,4.028062
10,780,4.0071363
10,3252,4.0056553
10,2294,3.9988828
10,339,3.9735532
10,3358,3.95597
10,282,3.945961
10,2770,3.9394588
10,3489,3.8980622
10,2105,3.8979845
10,2091,3.8532295
10,1544,3.8233023
10,2124,3.8069477
10,2033,3.7933192
10,2041,3.758049
10,1756,3.7545474
2700,904,4.525347
2700,3683,4.274582
2700,924,4.173151
2700,3897,4.171277
2700,529,4.0656443
2700,34,4.006678
2700,314,3.9095747
2700,2922,3.9070656
2700,3044,3.9012232
2700,2391,3.8939476
2700,1912,3.8256714
2700,2700,3.8252244
2700,3105,3.7706563
2700,1635,3.7674556
2700,3178,3.6975718
2700,2502,3.6966248
2700,1747,3.6675146
2700,164,3.6027198
2700,574,3.4892182
2700,144,3.339796
2700,1061,3.2242641
2700,367,3.2227273
2700,2976,3.1873505
2700,2671,3.0384982
2700,1372,2.9460268
2700,3262,2.9186037
2700,1620,2.841588
2700,2561,2.8237152
2700,1689,2.5502071
2700,3864,2.0326083
5998,2028,4.0786877
5998,3897,3.912342
5998,3408,3.5671508
5998,2289,3.5519652
5998,538,3.5345538
5998,2268,3.5341172
5998,337,3.474034
5998,3418,3.3741512
5998,627,3.2770162
5998,1729,3.2412453
5998,3118,3.1807446
5998,1389,1.2637963
1173,1198,4.5639887
1173,1704,4.267663
1173,2997,4.0973907
1173,223,3.9384713
1173,3751,3.9352217
1173,3408,3.8945665
1173,1500,3.7478027
1173,3915,3.735674
1173,52,3.708362
1173,147,3.6382062
1173,1183,3.5875685
1173,3081,3.492959
1173,736,3.4660702
1173,3247,3.356573
1173,1895,3.3238592
1173,3882,3.2425227
1173,236,3.209602
1173,3798,3.172833
1173,3051,3.0528486
1173,3615,2.955758
1173,3285,2.9101121
1173,2558,2.8903348
1173,2052,2.7305436
1173,3354,2.645789
1173,19,2.6036708
1173,3826,2.413462
1173,186,2.167458
1173,3238,1.7394991
4585,2571,4.6522465
4585,3147,4.318224
4585,2542,4.1822433
4585,1218,4.1668086
4585,1584,4.1393123
4585,1527,4.136587
4585,3499,4.097009
4585,2355,4.093712
4585,2273,4.0817356
4585,1370,4.0789824
4585,3203,3.9795008
4585,1206,3.947677
4585,377,3.9407234
4585,1597,3.900536
4585,1479,3.8961363
4585,317,3.8823707
4585,1676,3.8806703
4585,2,3.8761709
4585,2263,3.8370557
4585,724,3.8206992
4585,70,3.7943149
4585,362,3.7098043
4585,387,3.6787524
4585,42,3.6456695
4585,2808,3.59741
4585,1995,3.519792
4585,742,3.502239
4585,692,3.499802
4585,2720,3.2930298
3227,527,4.5604815
3227,2858,4.4967227
3227,1131,4.492417
3227,1307,4.409154
3227,3077,4.371216
3227,1080,4.355081
3227,3334,4.3311434
3227,920,4.273776
3227,2248,4.2663093
3227,1344,4.260376
3227,1610,4.2344637
3227,58,4.2149625
3227,3019,4.1984973
3227,1275,4.1694775
3227,1962,4.1419683
3227,838,4.0700984
3227,3160,4.0417585
3227,3271,4.0406165
3227,1641,4.019064
3227,3175,4.003224
3227,2321,3.9900303
3227,39,3.9306984
3227,2278,3.8832738
3227,367,3.6250248
3227,104,3.6060534
3227,733,3.4672794
3227,380,3.4614573
3227,1405,3.4508772
3227,587,3.3571808
3227,3869,3.0960414
3227,2617,3.0561008
3227,3254,2.9118738
3227,3157,2.8641818
3227,2002,2.7825468
3227,1918,2.636695
1579,858,4.3987722
1579,953,4.324437
1579,3089,4.30219
1579,1272,4.1905384
1579,1939,4.1745806
1579,1278,4.166577
1579,1217,4.1316533
1579,1225,4.123467
1579,293,4.037396
1579,1218,4.032852
1579,1293,4.0163593
1579,111,3.994759
1579,1947,3.9709954
1579,1231,3.9535925
1579,1211,3.9416313
1579,1060,3.9390957
1579,590,3.927554
1579,3317,3.858387
1579,2289,3.8216314
1579,3871,3.8212106
1579,3168,3.8103244
1579,1921,3.7837389
1579,3448,3.7305226
1579,474,3.7205365
1579,595,3.7173853
1579,3178,3.7093287
1579,2137,3.708381
1579,14,3.6675735
1579,551,3.6669722
1579,161,3.6546876
1579,3100,3.648239
1579,2081,3.6471057
1579,431,3.6325908
1579,3682,3.6243954
1579,1533,3.5991073
1579,2085,3.598959
1579,333,3.5762758
1579,3763,3.5762722
1579,2112,3.5332394
1579,2236,3.5331788
1579,648,3.4722416
1579,1711,3.4527621
1579,493,3.4515257
1579,587,3.4261503
1579,417,3.4239464
1579,2353,3.4028058
1579,3219,3.39604
1579,3108,3.389236
1579,477,3.3544974
1579,2100,3.3390298
1579,3412,3.3196282
1579,3745,3.2972975
1579,3040,3.2729177
1579,2003,3.2510824
1579,1892,3.2254553
1579,852,3.1378844
1579,3649,3.1136298
1579,3791,3.1023989
1579,3712,3.0769513
1579,2606,3.0575423
1579,2453,2.9651988
1579,1614,2.9577355
1579,585,2.9534547
1579,736,2.9136484
1579,42,2.8910666
1579,2374,2.888248
1579,1320,2.734087
1579,1917,2.7110467
1579,3688,2.4724476
1579,485,2.4129183
1579,3705,2.4122505
1579,44,2.3923838
1579,1640,2.3911963
1579,1037,2.3589303
1579,2422,1.851933
1579,3695,1.7976127
1322,3801,4.6236334
1322,1104,4.620964
1322,1272,4.6079807
1322,1291,4.575009
1322,1253,4.4139633
1322,1784,4.3615026
1322,1,4.2886286
1322,3152,4.259658
1322,2336,4.219842
1322,3421,4.1956415
1322,73,4.181552
1322,3549,4.1812763
1322,1376,4.1438427
1322,2130,4.1411543
1322,1380,4.1292534
1322,1103,4.126727
1322,2018,4.1127863
1322,3479,4.103311
1322,2352,4.0782013
1322,1282,4.068084
1322,3076,4.0666323
1322,3086,4.0573435
1322,2730,4.0399027
1322,141,4.0253143
1322,2750,3.9740388
1322,2528,3.9617028
1322,1689,3.9515615
1322,1375,3.9136994
1322,21,3.9071867
1322,266,3.844409
1322,2290,3.7857485
1322,513,3.774597
1322,2641,3.6869075
1322,2124,3.6769173
1322,2246,3.633132
4750,50,4.6621275
4750,1358,4.437549
4750,150,4.3531985
4750,3360,4.306261
4750,2352,4.253669
4750,597,4.2349806
4750,356,4.185584
4750,337,4.133029
4750,1663,4.1295853
4750,1923,4.118318
4750,3098,4.094078
4750,3386,4.074851
4750,2085,4.041149
4750,2700,4.040513
4750,2971,4.0198507
4750,2915,3.999436
4750,39,3.976375
4750,2288,3.970207
4750,1297,3.949664
4750,2141,3.9244359
4750,2174,3.8797076
4750,367,3.8695908
4750,3684,3.7512274
4750,2746,3.7398329
4750,2942,3.7182465
4750,2876,3.5417552
4750,1381,2.8544168
1984,1212,4.1464868
1984,3683,4.0400076
1984,608,3.8885314
1984,1228,3.854691
1984,3481,3.835691
1984,2917,3.8341892
1984,1956,3.8241553
1984,940,3.7961898
1984,541,3.731168
1984,3246,3.6635737
1984,1258,3.653918
1984,2243,3.6484907
1984,1917,3.6003861
1984,2321,3.5871365
1984,1210,3.5825226
1984,1954,3.5723145
1984,1408,3.5445223
1984,3252,3.541888
1984,2490,3.4962597
1984,2439,3.4899025
1984,1035,3.4609327
1984,2013,3.4352705
1984,3318,3.3725152
1984,3882,3.3511696
1984,517,3.3441238
1984,3863,3.2189217
1984,694,3.1597753
1984,44,3.0260644
2774,1213,4.5717897
2774,2324,4.5037045
2774,1394,4.371829
2774,1263,4.3441424
2774,1200,4.308276
2774,2692,4.2992435
2774,1097,4.2706757
2774,3246,4.135066
2774,41,4.1251583
2774,1257,4.0749426
2774,2611,4.0196314
2774,2243,4.0063686
2774,3868,3.9631996
2774,480,3.8238409
2774,1859,3.810296
2774,3639,3.7905798
2774,2915,3.788238
2774,2779,3.7624454
2774,2005,3.7543273
2774,3176,3.7505236
2774,3635,3.7360072
2774,1645,3.6756396
2774,1127,3.6747046
2774,3185,3.6580908
2774,2001,3.6442451
2774,104,3.6262395
2774,1380,3.460484
2774,2717,3.392283
2774,2794,3.048499
2774,2422,2.6327407
2774,1882,2.3672175
2774,1389,1.5047221
3683,1219,4.2005243
3683,1284,4.1508503
3683,1252,4.1462297
3683,3462,4.075005
3683,1260,4.068136
3683,3683,4.040952
3683,1242,4.0209846
3683,541,3.9540238
3683,3471,3.9045365
3683,1387,3.8910801
3683,2020,3.886111
3683,1249,3.8602233
3683,3152,3.8028662
3683,1500,3.6848955
3683,194,3.6752105
3683,3104,3.652473
3683,357,3.6373403
3683,1921,3.6370363
3683,551,3.56202
3683,2644,3.5233977
3683,233,3.4454646
3683,3039,3.4125066
3683,508,3.3191245
3683,1747,3.264212
3683,3174,3.2496984
3683,1190,3.2097037
3683,253,3.194756
3683,1958,3.186459
3683,2926,3.1116529
3683,1057,3.0746508
3683,1982,3.0582898
3683,2361,3.0513983
3683,2384,2.8771682
3683,1892,2.82193
3683,2657,2.7489336
3683,1191,2.6464307
3683,3633,2.6390426
3683,869,2.626465
3683,1620,2.535083
3683,3262,2.4793568
3683,2409,2.447359
3683,2688,2.413218
3683,3423,2.3513434
3683,1573,2.3372543
3683,2195,2.2722156
3683,3249,2.018064
3683,2126,1.982795
3683,2107,1.5114672
3683,463,1.4279761
3683,355,1.2612631
3683,1992,1.1569057
3683,2798,1.139921
2507,1225,4.8026066
2507,923,4.800054
2507,750,4.7588906
2507,668,4.729761
2507,909,4.7259593
2507,1136,4.725175
2507,2186,4.707856
2507,1247,4.706294
2507,1104,4.6877584
2507,1193,4.685522
2507,2804,4.6796784
2507,246,4.670027
2507,1291,4.65194
2507,2940,4.6449184
2507,593,4.6186185
2507,306,4.5923433
2507,1242,4.5698323
2507,1258,4.5655184
2507,3498,4.5585785
2507,1197,4.5562396
2507,1201,4.5412116
2507,3897,4.541174
2507,2066,4.510561
2507,3090,4.5086365
2507,1078,4.4846115
2507,1090,4.472474
2507,2176,4.4691005
2507,1952,4.4667273
2507,2947,4.465597
2507,2318,4.463377
2507,581,4.4345264
2507,3198,4.4005613
2507,1305,4.389495
2507,602,4.339533
2507,199,4.30217
2507,3246,4.29652
2507,3872,4.273732
2507,194,4.257048
2507,2391,4.250211
2507,555,4.2463617
2507,2396,4.245143
2507,2355,4.226076
2507,235,4.21235
2507,3163,4.1886864
2507,3253,4.167031
2507,117,4.1592817
2507,1732,4.141902
2507,3176,4.0784173
2507,538,4.066304
2507,2583,4.0657783
2507,3685,4.065345
2507,3320,4.0620174
2507,2436,4.056506
2507,2551,4.046035
2507,551,4.0437937
2507,2406,4.001118
2507,2987,3.940328
2507,16,3.919653
2507,1035,3.9082391
2507,3252,3.8622065
2507,3681,3.7765613
2507,2407,3.737475
2507,2423,3.7373564
2507,3185,3.7308211
2507,1846,3.6887655
2507,266,3.6824875
2507,2527,3.6795433
2507,1584,3.6752903
2507,3591,3.5820975
2507,1375,3.5649786
2507,289,3.479715
2507,3506,3.4065197
2507,3033,3.4003634
2507,2470,3.343715
2507,3263,3.3374124
2507,2105,3.3139763
2507,351,3.2858083
2507,2735,3.2300472
2507,3218,3.2262864
2507,376,3.0638592
2507,2545,3.0412207
2507,3082,3.026907
2507,379,2.8386366
2507,3697,2.5574474
2507,1821,2.5463438
2507,2188,2.4977767
2507,637,2.4352384
2507,46,2.3797305
2507,1727,2.2547483
2507,836,2.1486027
2507,256,1.8636963
2507,1562,1.7830633
5108,2019,4.381028
5108,912,4.232209
5108,899,4.1482983
5108,1223,4.108086
5108,916,4.0459385
5108,2064,3.987334
5108,2329,3.9820821
5108,1199,3.9805212
5108,1293,3.94774
5108,1834,3.8468676
5108,902,3.8235965
5108,1374,3.758919
5108,2336,3.7548387
5108,3396,3.700892
5108,1914,3.678227
5108,1955,3.6703196
5108,3788,3.652752
5108,2109,3.6150715
5108,2797,3.5628319
5108,1663,3.5610852
5108,480,3.55742
5108,1584,3.4246168
5108,52,3.407163
5108,2406,3.4063323
5108,650,3.3851447
5108,3199,3.21423
5108,198,3.1566722
5108,2734,3.0611458
5108,500,3.014466
5108,2524,2.422948
5108,48,2.1142707
5108,2050,1.6276174
1599,318,3.957403
1599,1221,3.7636323
1599,608,3.7154589
1599,2194,3.6845672
1599,1584,3.64332
1599,2565,3.6350684
1599,3360,3.624243
1599,595,3.6053843
1599,1084,3.5937805
1599,364,3.593348
1599,1302,3.5623689
1599,594,3.56025
1599,3098,3.5349548
1599,3844,3.5129907
1599,296,3.5129807
1599,1345,3.5094116
1599,2140,3.5036511
1599,589,3.4987833
1599,3105,3.482484
1599,3255,3.4815886
1599,3082,3.4795272
1599,3461,3.472322
1599,1957,3.466978
1599,1022,3.4378612
1599,1220,3.4285278
1599,2662,3.4048426
1599,1457,3.3883018
1599,1374,3.3786573
1599,1007,3.3736062
1599,1619,3.3721607
1599,3071,3.3657577
1599,2021,3.3647153
1599,2554,3.359921
1599,586,3.3426182
1599,2193,3.328855
1599,2134,3.3210099
1599,1208,3.3188605
1599,1367,3.2937617
1599,445,3.2234645
1599,2902,3.2179778
1599,5,3.2133803
1599,2252,3.2068868
1599,1320,3.20115
1599,835,3.1951685
1599,585,3.193031
1599,2355,3.1778636
1599,2968,3.1706386
1599,2574,3.165069
1599,2004,3.118575
1599,2116,3.0946548
1599,3434,3.091571
1599,2641,3.0893774
1599,1653,3.0867033
1599,2616,3.0668907
1599,3476,3.046611
1599,3354,3.046214
1599,1377,3.0420687
1599,881,3.011023
1599,2088,2.9815953
1599,2903,2.8862658
5483,1411,4.586235
5483,3675,4.4434576
5483,2690,4.441727
5483,509,4.437699
5483,337,4.4178114
5483,454,4.227046
5483,1569,3.9449015
5483,3157,3.5598078
5483,370,3.1011643
6036,3089,4.4923553
6036,2571,4.3113704
6036,2360,4.2266707
6036,1223,4.2084036
6036,1132,4.197609
6036,3462,4.1393023
6036,1280,4.0732527
6036,1960,4.014621
6036,1719,4.009264
6036,1294,3.998688
6036,971,3.9799645
6036,1099,3.975185
6036,1348,3.9517813
6036,2359,3.9450645
6036,2871,3.894531
6036,3508,3.8908908
6036,3521,3.871784
6036,1096,3.8627274
6036,3545,3.8513732
6036,3364,3.815572
6036,1784,3.7834027
6036,2391,3.781065
6036,915,3.780859
6036,2848,3.779941
6036,1188,3.7638912
6036,3210,3.720163
6036,2355,3.7125714
6036,3267,3.692859
6036,3546,3.6661654
6036,3526,3.6177077
6036,1295,3.6031756
6036,16,3.5965674
6036,471,3.5940366
6036,2117,3.5605302
6036,2944,3.545426
6036,2302,3.5453467
6036,2866,3.5171554
6036,388,3.4447987
6036,1298,3.428215
6036,3461,3.4088318
6036,431,3.4038408
6036,3255,3.3604927
6036,3032,3.3301797
6036,183,3.2967148
6036,2763,3.2932792
6036,2570,3.2644813
6036,3398,3.2077894
6036,3179,3.2052824
6036,2024,3.204481
6036,2384,3.125507
6036,1476,3.0878778
6036,2105,3.0857005
6036,2025,3.067598
6036,1395,3.065576
6036,2090,3.030106
6036,2528,3.0098925
6036,367,2.9849358
6036,3251,2.9763188
6036,2159,2.9357784
6036,2678,2.922447
6036,62,2.8719912
6036,1101,2.8656216
6036,1650,2.8061674
6036,2454,2.7807612
6036,3029,2.7485547
6036,3101,2.7180104
6036,2598,2.7117732
6036,2376,2.6875074
6036,2012,2.656801
6036,2262,2.6420205
6036,1135,2.6189609
6036,1858,2.6149898
6036,2124,2.6077137
6036,2901,2.5045364
6036,317,2.4912102
6036,674,2.4269185
6036,1642,2.3427794
6036,24,2.0832863
6036,1690,1.9063377
6036,160,1.7906115
6036,880,1.7264364
6036,2827,1.6016296
6036,2450,1.5212657
6036,2995,1.4856353
6036,1427,1.3745677
6036,2555,1.2319492
5552,3516,3.6016345
5552,3102,3.378034
5552,3585,2.7722979
5552,2012,2.771561
5552,3489,2.4923627
5552,3590,2.4478068
3998,2648,4.373799
3998,541,4.3439617
3998,1253,4.3246207
3998,3683,4.3205576
3998,924,4.30243
3998,2797,4.2613764
3998,2529,3.9309578
3998,1345,3.9263468
3998,1127,3.9253678
3998,2140,3.8397636
3998,3703,3.814039
3998,2118,3.7834651
3998,3702,3.7246368
3998,2987,3.7148676
3998,3417,3.6682525
3998,3070,3.5896974
3998,2634,3.4637737
3998,2519,3.388397
3998,2163,3.0905123
3998,2554,3.0613766
3998,188,2.9492018
3998,3732,2.9051442
3998,2617,2.8707225
3998,2650,2.8293312
3998,2107,2.550228
3998,3024,2.4302132
3998,3837,2.3656907
3998,1970,2.311452
3998,2719,2.1904333
3998,1373,2.1224089
3998,2855,2.0556035
3998,2903,1.8596895
3998,1328,1.7855877
3998,3694,1.7539647
3998,1990,1.7417322
2116,2028,4.642097
2116,527,4.556377
2116,318,4.4791093
2116,2324,4.4731812
2116,1240,4.2960625
2116,3507,4.264449
2116,2761,4.1955814
2116,1674,4.185154
2116,1265,4.1795034
2116,3363,4.1736307
2116,94,4.1722155
2116,1923,4.117382
2116,3948,4.1089487
2116,1028,4.0777106
2116,2333,4.072491
2116,551,4.052771
2116,36,4.049338
2116,1873,4.002361
2116,2502,4.00052
2116,3952,3.9908576
2116,2687,3.9406643
2116,2125,3.9278457
2116,780,3.9249375
2116,2291,3.9175487
2116,39,3.8779745
2116,1747,3.877049
2116,7,3.8551834
2116,2,3.8433409
2116,2321,3.8396826
2116,2012,3.8387203
2116,342,3.8374095
2116,2470,3.7828078
2116,2846,3.7480257
2116,3704,3.7135696
2116,491,3.7113378
2116,2134,3.7086449
2116,1409,3.6929111
2116,13,3.6928275
2116,1049,3.6902008
2116,2541,3.6544235
2116,2346,3.652741
2116,2059,3.6424937
2116,3259,3.636128
2116,3534,3.6151252
2116,707,3.6019673
2116,1629,3.5815487
2116,3519,3.579166
2116,3614,3.5334802
2116,1686,3.5010571
2116,140,3.4964762
2116,1779,3.4873183
2116,1422,3.4769711
2116,2335,3.4460917
2116,3454,3.4379544
2116,3050,3.3848615
2116,1762,3.3684955
2116,158,3.3187504
2116,2124,3.290809
2116,3156,3.2881153
2116,2978,3.2584527
2116,414,3.2558804
2116,552,3.2537403
2116,237,3.2084503
2116,256,3.1779869
2116,1167,3.1729217
2116,2808,3.1212473
2116,2597,3.087339
2116,135,3.086451
2116,435,3.0673108
2116,2042,3.0129719
2116,2027,2.95547
2116,1009,2.9518018
2116,3484,2.9433773
2116,2170,2.9125106
2116,640,2.8679092
2116,3802,2.852498
2116,2296,2.8331504
2116,1427,2.8280969
2116,2710,2.8027568
2116,2961,2.7916164
2116,2574,2.7468512
2116,2392,2.6936886
2116,519,2.6173627
4124,1196,4.2161093
4124,2795,3.977846
4124,2706,3.8421786
4124,1784,3.836578
4124,1965,3.729321
4124,2144,3.7258372
4124,2353,3.6974645
4124,610,3.6484828
4124,1500,3.6469164
4124,2394,3.642652
4124,500,3.627696
4124,144,3.60119
4124,543,3.5707564
4124,2193,3.5086813
4124,2418,3.4417815
4124,2683,3.3965273
4124,1468,3.375977
4124,379,3.3749154
4124,317,3.3645494
4124,504,3.359405
4124,2485,3.340201
4124,532,3.333447
4124,1410,3.258723
4124,3846,3.2067919
4124,840,3.1738439
4124,3802,3.1732407
4124,2458,3.1118746
4124,2806,3.056394
4124,1911,3.0446815
4124,267,2.9278612
4124,2642,2.9191341
4124,2808,2.9096444
4124,438,2.7867608
4124,762,2.7582052
5087,954,4.190864
5087,1242,4.1297746
5087,306,4.070608
5087,1036,4.0370903
5087,1304,4.021903
5087,3147,4.0164204
5087,1096,3.9197786
5087,1960,3.899207
5087,17,3.835054
5087,262,3.81516
5087,3408,3.791087
5087,2355,3.731107
5087,2243,3.692437
5087,597,3.6646457
5087,3552,3.6638913
5087,968,3.6295228
5087,1376,3.61664
5087,1347,3.6106284
5087,2423,3.6061556
5087,2145,3.5260317
5087,2278,3.5151992
5087,3591,3.4889789
5087,832,3.3770142
5087,3033,3.3604023
5087,2247,3.335061
5087,2605,3.3078263
5087,344,3.273322
5087,2003,3.2560813
5087,2770,3.1950784
5087,288,3.0037255
5087,2713,2.9145336
5087,3004,2.6900635
5087,3325,2.442784
5389,913,4.349604
5389,1270,4.020273
5389,924,3.993307
5389,2966,3.9193287
5389,1244,3.8679705
5389,1301,3.845002
5389,32,3.79819
5389,1396,3.6799107
5389,1580,3.6396923
5389,671,3.5356498
5389,2455,3.4565654
5389,2311,3.444075
5389,3700,3.3002594
5389,785,3.237661
5389,3300,3.1680534
5389,1917,3.158219
5389,1690,2.6980176
5389,1391,2.570364
5389,2699,2.5418348
2810,928,4.2716007
2810,2797,4.0558376
2810,2565,3.9922762
2810,2000,3.8988833
2810,3159,3.8296938
2810,2078,3.8236473
2810,2353,3.8167543
2810,1215,3.7784755
2810,3412,3.72642
2810,1615,3.7227135
2810,941,3.7082784
2810,2916,3.6899292
2810,3556,3.6877494
2810,1870,3.681539
2810,1485,3.6234381
2810,1619,3.6220126
2810,2926,3.6188965
2810,1042,3.6183004
2810,2394,3.5785604
2810,2141,3.5628545
2810,3615,3.5537214
2810,340,3.537065
2810,1688,3.5322142
2810,361,3.5255942
2810,2077,3.5131242
2810,3594,3.5090466
2810,1015,3.471482
2810,3269,3.460198
2810,1582,3.4570732
2810,2628,3.4385178
2810,1059,3.4345584
2810,1918,3.4312692
2810,1685,3.3851414
2810,783,3.3672578
2810,158,3.0521894
2810,2995,2.7294874
2810,1474,2.676393
2810,829,2.4901648
2810,1499,2.3487847
2810,258,2.2210562
2810,374,2.0804307
2810,631,1.9041047
2810,1707,1.7436907
2124,1250,5.058806
2124,3022,4.97162
2124,955,4.944772
2124,1939,4.8816814
2124,1258,4.83141
2124,2788,4.767756
2124,1247,4.7494965
2124,2396,4.713931
2124,1354,4.669729
2124,2202,4.6373844
2124,1307,4.616907
2124,562,4.6107464
2124,3088,4.5818806
2124,1694,4.5578375
2124,2599,4.511634
2124,2398,4.5058656
2124,154,4.502286
2124,2022,4.494543
2124,125,4.475425
2124,440,4.462208
2124,509,4.4386816
2124,1082,4.43192
2124,2899,4.4004025
2124,1127,4.399141
2124,2243,4.388627
2124,2916,4.3600636
2124,2099,4.2864504
2124,2302,4.2851715
2124,1619,4.2290053
2124,2640,4.2225566
2124,3261,4.20273
2124,3422,4.1881275
2124,2096,4.179292
2124,2657,4.135565
2124,596,4.1245875
2124,2013,4.1074686
2124,2941,4.1071024
2124,383,4.037215
2124,2463,3.903124
2124,271,3.8925548
2124,1552,3.8745232
2124,3040,3.8519616
2124,1042,3.7987921
2124,2554,3.7922702
2124,2282,3.7885747
2124,380,3.7191896
2124,2789,3.5721169
2124,2385,3.3534007
2124,366,3.3048904
2124,2772,3.2778683
2124,3923,3.0293856
2124,1999,2.8986182
977,1207,4.385809
977,1136,4.2895675
977,1036,4.1935387
977,2918,4.070375
977,2947,4.0673065
977,1270,4.064812
977,1288,3.9796827
977,1097,3.976286
977,1213,3.8889253
977,1060,3.7812304
977,2406,3.766416
977,3253,3.754594
977,1215,3.6500401
977,2600,3.638012
977,1394,3.556733
977,21,3.4871156
977,2003,3.3346052
977,1676,3.0163293
977,2532,2.9363108
4715,2571,4.5172663
4715,1233,4.5092983
4715,111,4.396941
4715,3198,4.3891387
4715,2329,4.386389
4715,1276,4.3521633
4715,1266,4.3400126
4715,1199,4.310351
4715,1953,4.257445
4715,150,4.1777077
4715,1222,4.128253
4715,32,4.112095
4715,1220,4.09454
4715,3104,4.089058
4715,176,4.05378
4715,3101,3.9287605
4715,3361,3.9140642
4715,2366,3.9110858
4715,3412,3.8620634
4715,1345,3.8497262
4715,3450,3.713581
4715,1407,3.6880634
4715,2245,3.5981164
4715,1129,3.5718796
4715,288,3.5340698
4715,2105,3.526399
4715,2416,3.3856726
4715,1627,3.325964
4715,2038,3.2699451
4715,434,3.2666683
4715,2792,3.109087
4715,2458,3.015149
4715,2606,2.8682249
4715,3048,2.6983113
4715,3273,2.527472
4715,2119,2.4443488
4715,2986,2.4240022
4715,2338,2.1687963
4715,2380,1.9067762
2203,260,4.948636
2203,2067,4.8136153
2203,1210,4.7406487
2203,3451,4.667325
2203,1291,4.649519
2203,3811,4.6318007
2203,3061,4.6283784
2203,446,4.6106224
2203,1263,4.588479
2203,3363,4.572486
2203,2949,4.5636053
2203,3421,4.5492225
2203,2352,4.5051966
2203,3255,4.4636965
2203,3039,4.444992
2203,590,4.43894
2203,2239,4.4363694
2203,1937,4.4325466
2203,3868,4.405975
2203,592,4.3866067
2203,3210,4.3801603
2203,780,4.368147
2203,3585,4.317234
2203,2669,4.300228
2203,2015,4.2715983
2203,2527,4.2690916
2203,25,4.2431784
2203,552,4.236157
2203,3244,4.230101
2203,3873,4.22659
2203,2073,4.192672
2203,3197,4.186983
2203,3591,4.13827
2203,292,4.1314926
2203,2143,4.0642657
2203,2363,3.9851894
2203,2533,3.983025
2203,2641,3.9408607
2203,1009,3.9397843
2203,426,3.8889916
2203,2145,3.8343148
2203,2724,3.8170412
2203,157,3.810819
2203,2378,3.8104243
2203,3394,3.74407
2203,2717,3.690215
2203,2052,3.570312
2203,1037,3.563454
2203,2699,3.5619915
2203,435,3.5604749
2203,3431,3.5428195
2203,2411,3.5385022
2203,836,3.4845827
2203,485,3.4708538
2203,44,3.4015055
2203,1779,3.3779926
2203,2369,3.3436558
2203,2448,3.2871487
2203,172,3.279711
2203,2986,3.251278
2203,2616,3.2158952
2203,2807,2.2117915
1890,2019,4.231516
1890,1198,4.2100277
1890,919,4.004942
1890,1299,3.9762125
1890,1247,3.9181685
1890,2396,3.8555183
1890,800,3.8163304
1890,1214,3.7921872
1890,2944,3.7683299
1890,3362,3.7453911
1890,2303,3.6928053
1890,1265,3.6788235
1890,918,3.6135015
1890,3871,3.581628
1890,2857,3.500135
1890,1527,3.449336
1890,34,3.4146018
1890,2946,3.3925185
1890,492,3.3732376
1890,2987,3.347823
1890,3163,3.3050754
1890,2112,3.3046227
1890,2969,3.238877
1890,595,3.1048064
1890,2054,2.525371
3539,593,4.7259865
3539,50,4.717691
3539,914,4.708558
3539,951,4.7061486
3539,1198,4.6804924
3539,1617,4.592169
3539,2692,4.583849
3539,971,4.581726
3539,1278,4.5754213
3539,2329,4.5722795
3539,111,4.566446
3539,2947,4.5494804
3539,497,4.496955
3539,306,4.4670877
3539,2542,4.464725
3539,2396,4.44807
3539,1246,4.445625
3539,1240,4.4422565
3539,1394,4.390526
3539,902,4.385244
3539,1357,4.3796887
3539,110,4.378005
3539,2018,4.37307
3539,1270,4.353812
3539,2739,4.3275
3539,2671,4.3187213
3539,1672,4.305908
3539,356,4.2936506
3539,627,4.291404
3539,2686,4.2752666
3539,1345,4.2624893
3539,2580,4.2578497
3539,592,4.250033
3539,314,4.2432284
3539,3604,4.242842
3539,3267,4.2427244
3539,1047,4.22324
3539,3213,4.220964
3539,125,4.195348
3539,2640,4.1696243
3539,2889,4.1673684
3539,2407,4.1480846
3539,3052,4.141712
3539,2420,4.137685
3539,3398,4.1329045
3539,1378,4.126479
3539,650,4.1162224
3539,3260,4.105109
3539,852,4.1038485
3539,2291,4.103265
3539,454,4.099759
3539,317,4.0958557
3539,2174,4.0813227
3539,235,4.0716324
3539,3272,4.0440164
3539,3020,4.0423994
3539,2926,4.02125
3539,735,4.0075464
3539,3181,3.9973927
3539,68,3.9781222
3539,2023,3.9750655
3539,695,3.9442315
3539,2507,3.9255252
3539,2641,3.9093504
3539,638,3.9071589
3539,2146,3.90646
3539,781,3.8956022
3539,785,3.892784
3539,2416,3.8904984
3539,1020,3.8881567
3539,3706,3.8713388
3539,1355,3.8536353
3539,3707,3.8410866
3539,1767,3.804613
3539,2491,3.778705
3539,42,3.7555227
3539,2882,3.729905
3539,1687,3.7219863
3539,1593,3.699622
3539,2316,3.670402
3539,1405,3.6517155
3539,4,3.642435
3539,1888,3.595264
3539,2421,3.5918012
3539,1831,3.581208
3539,370,3.5755813
3539,1544,3.5731444
3539,2253,3.550216
3539,881,3.4259558
3539,611,3.361462
3539,179,3.3475332
3539,3394,3.3198829
3539,880,3.308723
3539,3688,3.2718518
3539,65,3.2004218
3539,1562,3.1577685
3539,3393,3.137567
3539,2815,3.074506
3539,3438,3.0671506
3539,1126,2.8095489
3539,810,2.3512034
2186,457,4.3491955
2186,1222,4.2975163
2186,590,4.2870646
2186,1291,4.2253475
2186,1261,4.121332
2186,6,4.0866437
2186,3702,4.0656214
2186,1587,3.9032893
2186,1376,3.894514
2186,2393,3.8365514
2186,2991,3.8334985
2186,2490,3.826889
2186,2353,3.8084989
2186,3275,3.805773
2186,1918,3.6869252
2186,1101,3.6742969
2186,145,3.6637118
2186,1385,3.61156
2186,3917,3.6024997
2186,3269,3.5960412
2186,282,3.5873816
2186,2723,3.5200994
2186,511,3.4866114
2186,466,3.460537
2186,3638,3.4602866
2186,2421,3.3430421
2186,168,3.3233237
2186,1100,3.2697558
2186,387,3.1703112
2186,1591,3.0861478
2186,2835,2.9552982
2186,2815,2.95399
2186,3919,2.6759636
2186,173,2.657022
2186,3190,2.4583716
2186,2412,2.1640282
5831,318,4.6177616
5831,922,4.569684
5831,750,4.5290403
5831,1193,4.496152
5831,3022,4.4788218
5831,912,4.430958
5831,1197,4.3653774
5831,1213,4.333264
5831,3198,4.3125343
5831,1939,4.3106503
5831,3897,4.304632
5831,296,4.284794
5831,2726,4.27814
5831,947,4.2119274
5831,1797,4.191284
5831,3819,4.186013
5831,994,4.1767225
5831,1095,4.1182284
5831,1080,4.0989156
5831,3654,4.094899
5831,2795,4.069006
5831,838,4.0439425
5831,1073,4.0414352
5831,1060,4.038494
5831,2081,4.038493
5831,1103,4.018668
5831,1220,4.0102754
5831,2502,4.0024457
5831,1171,4.0015516
5831,1282,3.9996614
5831,2312,3.9948883
5831,2686,3.983611
5831,6,3.9792066
5831,1333,3.9781523
5831,1374,3.9707072
5831,597,3.9606588
5831,80,3.947585
5831,1965,3.9419053
5831,62,3.9396782
5831,1298,3.9317374
5831,349,3.9151478
5831,2288,3.8977656
5831,3101,3.8890295
5831,223,3.885128
5831,3052,3.876172
5831,3787,3.8694992
5831,3753,3.8537278
5831,222,3.8503242
5831,587,3.849228
5831,2087,3.845043
5831,3028,3.844037
5831,2779,3.843576
5831,2301,3.8405683
5831,1297,3.8395646
5831,2178,3.8331633
5831,2916,3.8140974
5831,300,3.8016675
5831,329,3.799053
5831,663,3.790729
5831,350,3.779386
5831,3398,3.77435
5831,3163,3.7726774
5831,316,3.769246
5831,3032,3.7569163
5831,1909,3.756489
5831,1485,3.752594
5831,3450,3.7214048
5831,2985,3.7132769
5831,736,3.7107904
5831,2077,3.7100532
5831,2889,3.6940405
5831,1898,3.688043
5831,253,3.6649864
5831,198,3.6552138
5831,1033,3.6284456
5831,2420,3.6193695
5831,2736,3.6130245
5831,3863,3.6120903
5831,1378,3.5850928
5831,2881,3.572834
5831,3441,3.5658019
5831,1049,3.5579436
5831,45,3.5553975
5831,381,3.5300815
5831,2146,3.528057
5831,3497,3.525749
5831,1487,3.515815
5831,3827,3.512532
5831,1371,3.4924212
5831,3712,3.4660451
5831,1130,3.4559908
5831,2405,3.4302835
5831,1377,3.4088328
5831,3428,3.404434
5831,3014,3.383186
5831,3708,3.3792694
5831,2822,3.367626
5831,3791,3.3418977
5831,1974,3.3159723
5831,3120,3.3158236
5831,2615,3.312945
5831,1320,3.2929301
5831,3254,3.258006
5831,3173,3.2322547
5831,2613,3.2310824
5831,2616,3.2106938
5831,259,3.2089
5831,2535,3.2059212
5831,1037,3.1525943
5831,237,3.1393871
5831,276,3.1205375
5831,2072,3.111484
5831,694,3.1102393
5831,2411,3.0888941
5831,208,2.8888648
5831,234,2.8743925
5831,1987,2.8027315
5831,173,2.7925677
5831,3802,2.700737
5831,2642,2.6894975
5831,1381,2.4508965
5831,2265,2.339055
5831,2643,2.2143583
5831,737,2.123678
5831,2383,1.770856
3112,1260,3.899015
3112,1235,3.7523565
3112,2858,3.73649
3112,3095,3.6986163
3112,1291,3.6566553
3112,2599,3.6030204
3112,2398,3.5954134
3112,1277,3.5896053
3112,1246,3.5439086
3112,3178,3.5031419
3112,3360,3.4908118
3112,3034,3.484909
3112,3396,3.4749532
3112,588,3.4474113
3112,480,3.4435806
3112,1097,3.434942
3112,3019,3.427878
3112,357,3.3956666
3112,2687,3.3679888
3112,164,3.337976
3112,25,3.2995272
3112,2012,3.264189
3112,300,3.2411506
3112,1088,3.2085693
3112,2105,3.1282897
3112,367,2.960792
3112,3438,2.6476803
1600,1196,4.363293
1600,919,4.306125
1600,3198,4.276315
1600,1228,4.203824
1600,1206,4.118773
1600,2791,4.0766172
1600,589,4.0532346
1600,1292,4.019965
1600,199,3.924956
1600,1517,3.8229656
1600,2730,3.7930675
1600,2916,3.790025
1600,233,3.7799373
1600,2301,3.772492
1600,2423,3.700927
1600,1183,3.611513
1600,3763,3.6066573
1600,2420,3.5892522
1600,2527,3.5471206
1600,597,3.5465004
1600,3441,3.4833791
1600,316,3.4463701
1600,2712,3.415505
1600,1049,3.389132
1600,2105,3.371714
1600,2402,3.3252935
1600,2378,3.1903512
1600,2877,3.1800115
1600,2,3.1567297
1600,1409,3.0536628
1600,2369,2.984507
1600,1676,2.940738
1600,2533,2.7492595
1600,2950,2.2423587
1600,2471,2.239314
1600,427,2.1382551
1600,12,1.9327688
1600,2386,1.6567783
1600,1731,1.3563433
2581,318,4.9493027
2581,2019,4.902935
2581,969,4.8699455
2581,1207,4.776807
2581,2804,4.714998
2581,3683,4.6232686
2581,1953,4.605139
2581,2208,4.574234
2581,1952,4.5598264
2581,2612,4.526303
2581,1704,4.4669952
2581,924,4.46488
2581,1411,4.440821
2581,293,4.436473
2581,1080,4.4334984
2581,2917,4.428731
2581,1,4.416121
2581,1060,4.4127054
2581,778,4.357567
2581,2248,4.339897
2581,34,4.337249
2581,3019,4.3053527
2581,2395,4.26342
2581,902,4.2483077
2581,3062,4.2069206
2581,3543,4.1849065
2581,2943,4.133646
2581,1345,4.0004067
2581,3476,3.995103
2581,2181,3.9483867
2581,934,3.8973489
2581,1885,3.8916159
2581,2764,3.8542857
2581,222,3.700905
2581,417,3.5898266
2581,1350,3.5160103
2581,1721,3.286134
2581,1339,3.2048485
2581,3798,3.0141957
2581,3744,2.9043524
2581,2881,2.6578746
2581,237,2.6168587
156,899,4.8889074
156,916,4.8391294
156,2302,4.519333
156,1,4.4926667
156,3114,4.4777985
156,2670,4.4688115
156,1683,4.229708
156,3219,4.22381
156,2881,4.1540794
156,2490,4.145042
156,3155,4.122118
156,86,4.07625
156,3528,4.038472
156,21,4.0125933
156,2433,3.891716
156,2316,3.6474671
4355,858,4.3965025
4355,3789,4.135642
4355,3068,3.7218118
4355,3527,3.6594357
4355,1721,3.5331821
4355,780,3.4094033
442,318,4.9644785
442,2324,4.7534313
442,1250,4.6937847
442,1225,4.686893
442,1272,4.5798855
442,1213,4.5788302
442,1267,4.563133
442,1246,4.531204
442,3498,4.5118036
442,2692,4.511019
442,1537,4.47808
442,150,4.475215
442,1288,4.4481573
442,3668,4.432434
442,1923,4.4072533
442,3007,4.3697205
442,590,4.3507533
442,1270,4.3445597
442,1073,4.321485
442,1282,4.305687
442,1962,4.298346
442,2502,4.264832
442,357,4.250436
442,3361,4.2335725
442,3175,4.1859317
442,2716,4.1819363
442,1271,4.1358485
442,2395,4.1349154
442,1298,4.126377
442,3397,4.086311
442,69,3.9799774
442,2746,3.956059
442,2025,3.896387
442,1393,3.7134128
442,2245,3.6716254
442,1648,3.5695796
442,2926,3.28437
442,2151,3.2606816
442,1777,3.2438493
442,2408,2.7821314
442,3257,2.723816
442,2380,1.9840324
3025,3307,4.752631
3025,899,4.7444425
3025,1247,4.696185
3025,898,4.670823
3025,910,4.6583176
3025,1537,4.559325
3025,1294,4.4922757
3025,921,4.3411903
3025,2565,4.3074484
3025,595,4.2879257
3025,2303,4.2715383
3025,3545,4.2649126
3025,2080,4.240223
3025,1035,4.201803
3025,3675,4.0873995
3025,1188,4.0682054
3025,2174,4.011981
3025,1416,3.547048
3025,1926,3.4241035
3025,1688,3.2266755
3025,48,2.5531828
148,50,4.448285
148,1221,4.4235005
148,858,4.395359
148,3462,4.232286
148,911,4.2245584
148,1210,4.203366
148,3062,4.146848
148,480,4.1455493
148,1291,4.1263943
148,475,4.0891743
148,539,4.087689
148,2872,3.9911993
148,3527,3.987151
148,1307,3.9781227
148,1301,3.9732876
148,1101,3.9501905
148,1286,3.9337587
148,3101,3.8968947
148,3668,3.874145
148,2648,3.8736546
148,1962,3.8409247
148,3082,3.8259811
148,1517,3.7903938
148,2669,3.7898254
148,2470,3.7811785
148,2628,3.7672763
148,1376,3.762863
148,648,3.7617986
148,1183,3.7606273
148,1580,3.7580836
148,1479,3.7205386
148,2496,3.7153983
148,2640,3.7073367
148,3142,3.7069054
148,3107,3.7018368
148,292,3.6985188
148,2335,3.698317
148,3452,3.6979527
148,2968,3.6896214
148,534,3.6805828
148,2661,3.675176
148,552,3.6738467
148,3247,3.6376767
148,2409,3.634468
148,2100,3.6025543
148,3029,3.5877903
148,830,3.5742621
148,2013,3.5600934
148,231,3.5466235
148,786,3.5363226
148,351,3.524584
148,442,3.5095909
148,2416,3.5008502
148,2805,3.4977546
148,423,3.4867682
148,44,3.4848833
148,2042,3.4257104
148,2110,3.4189181
148,485,3.4109666
148,2498,3.3898673
148,3432,3.3321598
148,2053,3.19616
4981,1247,4.569193
4981,926,4.5659094
4981,3789,4.4427814
4981,446,4.4166164
4981,1537,4.4135175
4981,232,4.3916364
4981,1288,4.364462
4981,800,4.323739
4981,1079,4.2560434
4981,2289,4.2454467
4981,1259,4.2390203
4981,32,4.226021
4981,2303,4.1402526
4981,2682,4.132889
4981,2302,4.104151
4981,3067,4.0856066
4981,535,4.0688505
4981,123,4.0595274
4981,1180,4.05847
4981,1279,4.0482874
4981,2671,4.0260906
4981,3100,4.0257235
4981,3175,3.9687357
4981,1408,3.9588163
4981,1653,3.9344926
4981,1633,3.9243798
4981,2150,3.917357
4981,492,3.8723655
4981,1542,3.867103
4981,2006,3.8112192
4981,1870,3.8041282
4981,271,3.7668238
4981,1569,3.7380943
4981,2062,3.725325
4981,339,3.7043724
4981,380,3.5046914
4981,1600,3.4442892
1100,3481,3.67766
1100,497,3.4809246
1100,2750,3.2874198
1100,441,3.1872382
1100,3266,3.1403794
1100,595,3.1217976
1100,3210,3.102309
1100,2018,3.0972629
1100,2795,2.9347148
1100,2000,2.8771493
1100,2245,2.7538269
1100,2282,2.664808
1100,1884,2.6236117
1100,2087,2.6113303
1100,2301,2.5910811
1100,2140,2.5233011
1100,2836,2.4466996
1100,2657,2.2684016
1100,3448,2.2675529
1100,718,2.2160916
1100,2470,2.0711129
1100,3591,2.0463367
1100,1848,1.9839613
1100,616,1.9670033
1100,2261,1.8173871
1100,3258,1.8012848
1100,1030,1.7972076
1100,1629,1.7580829
1100,216,1.7292999
1100,2861,1.6753767
1100,2500,1.6690309
1100,1010,1.662586
1100,317,1.6395938
1100,2095,1.6274228
1100,2587,1.625746
1100,500,1.5487001
1100,3841,1.5225618
1100,387,1.5057294
1100,1911,1.4516733
1100,3120,1.4427277
1100,719,1.4159027
1100,586,1.3665035
1100,420,1.3551941
1100,762,1.2543734
1100,3254,1.2436703
1100,2123,1.2258456
1100,1881,1.2225183
1100,1167,1.1581811
1100,174,1.1563051
1100,3041,1.0893413
1100,2450,1.0703702
4483,858,4.012575
4483,1196,3.9652412
4483,2692,3.7786758
4483,110,3.7548993
4483,1213,3.7080839
4483,2000,3.6010787
4483,1674,3.5542126
4483,2872,3.550565
4483,123,3.5336514
4483,16,3.4949322
4483,1396,3.4064894
4483,1873,3.1594343
4483,3699,3.1412008
4483,3111,3.1342402
4483,736,3.1299314
4483,2427,2.7701762
4483,218,2.6258168
2931,318,4.9565005
2931,50,4.8095555
2931,1198,4.684015
2931,246,4.4559917
2931,3481,4.450762
2931,2268,4.3770604
2931,1266,4.372768
2931,32,4.313781
2931,3160,4.3103323
2931,36,4.288459
2931,595,4.285204
2931,2908,4.213501
2931,1673,4.199251
2931,1527,4.162716
2931,3246,4.1392584
2931,1784,4.1022577
2931,3624,4.0570784
2931,1343,4.0320525
2931,39,4.0119376
2931,539,3.938928
2931,377,3.7879114
2931,648,3.6652083
2931,2709,3.6622913
2931,2628,3.6205902
2931,1372,3.4408267
2931,3477,3.0987093
2931,172,2.676063
2931,3596,2.586839
3182,1136,4.1680965
3182,608,4.1390524
3182,1193,4.1258025
3182,2028,4.1205325
3182,1189,4.007842
3182,1225,3.9907022
3182,1265,3.899652
3182,1,3.868949
3182,356,3.826717
3182,2863,3.8017554
3182,1060,3.7867315
3182,3499,3.766075
3182,2791,3.7610798
3182,1274,3.7597992
3182,1285,3.7179143
3182,32,3.7143445
3182,34,3.6802137
3182,2366,3.648107
3182,1732,3.6315114
3182,2750,3.5688794
3182,2987,3.5174742
3182,2529,3.512828
3182,3608,3.4581523
3182,1663,3.3888261
3182,198,3.3746715
3182,2155,3.3207426
3182,2403,3.3202362
3182,3426,3.2820876
3182,2100,3.2465477
3182,2420,3.2447639
3182,3591,3.2386088
3182,2340,3.2311735
3182,1093,3.2095985
3182,1380,3.1953084
3182,3261,3.19324
3182,2836,3.1921813
3182,39,3.189672
3182,2749,3.1814704
3182,367,3.174334
3182,2746,3.1321878
3182,380,3.1269093
3182,663,3.1036546
3182,3425,3.091798
3182,1573,3.027456
3182,429,2.895661
3182,2269,2.8820298
3182,1777,2.878405
3182,3882,2.8500886
3182,3298,2.8485992
3182,1061,2.8469875
3182,2990,2.8124835
3182,3785,2.7556162
3182,2702,2.7353663
3182,3173,2.663624
3182,3707,2.5635512
3182,532,2.5051584
3182,3177,2.4939127
3182,2369,2.4772222
3182,330,2.4615226
3182,3388,2.4301252
3182,3674,2.4159865
3182,1373,2.4061143
3182,432,2.2867053
3182,2163,2.2469602
3182,370,2.1772428
3182,255,2.1626172
3182,2296,2.158087
3182,694,2.1492217
3182,3689,1.9359998
3182,2122,1.82602
3182,2027,1.668447
3182,762,1.6102356
3182,2383,1.3795278
3666,1196,4.4792385
3666,1214,4.3280697
3666,2944,4.2020617
3666,1210,4.143321
3666,1220,4.0633936
2878,904,4.3909445
2878,750,4.2968187
2878,923,4.2876287
2878,3000,4.1416974
2878,3578,4.099408
2878,1231,4.0840435
2878,1303,4.082267
2878,1219,4.046409
2878,1307,4.033926
2878,2609,4.013894
2878,2624,3.9869237
2878,1200,3.9788644
2878,1097,3.9591446
2878,2947,3.9382257
2878,529,3.9210525
2878,1224,3.916761
2878,497,3.8819818
2878,3552,3.875187
2878,1635,3.8529284
2878,944,3.8347487
2878,948,3.830772
2878,2150,3.8116567
2878,1955,3.805421
2878,780,3.7722936
2878,3168,3.756566
2878,3870,3.7533636
2878,2117,3.743237
2878,892,3.732428
2878,1396,3.7260482
2878,104,3.7236679
2878,3418,3.720589
2878,3368,3.697084
2878,1085,3.668254
2878,2991,3.6572633
2878,3052,3.6359594
2878,2437,3.6231494
2878,300,3.6049876
2878,3175,3.5945945
2878,2181,3.5598435
2878,1918,3.5576246
2878,2414,3.5046997
2878,2747,3.4964046
2878,2141,3.4903893
2878,2718,3.4836435
2878,231,3.4445658
2878,2942,3.4385686
2878,31,3.4111834
2878,3557,3.3970582
2878,362,3.3801823
2878,1020,3.3756468
2878,1059,3.3744736
2878,3827,3.3734941
2878,2335,3.3658743
2878,1018,3.3614793
2878,1342,3.3422914
2878,3144,3.3291888
2878,674,3.266887
2878,46,3.2493415
2878,532,3.2365425
2878,784,3.1992617
2878,1011,3.162496
2878,3608,3.1461978
2878,2245,3.1184053
2878,1747,3.0918808
2878,3243,2.9723237
2878,3248,2.893972
2878,888,2.245051
2878,258,2.2256272
3681,50,4.710663
3681,1250,4.705953
3681,541,4.6426015
3681,1961,4.5427833
3681,1247,4.485914
3681,1097,4.4524546
3681,1625,4.4230433
3681,589,4.42085
3681,1923,4.415738
3681,2313,4.4056253
3681,3147,4.3783464
3681,32,4.365276
3681,2791,4.354536
3681,1663,4.343473
3681,3735,4.3420887
3681,2352,4.3128357
3681,3105,4.301218
3681,1060,4.285281
3681,3548,4.2761106
3681,3681,4.266154
3681,553,4.258908
3681,1282,4.2518196
3681,474,4.237322
3681,2660,4.213495
3681,480,4.21188
3681,441,4.2108727
3681,2011,4.2047706
3681,1127,4.2042947
3681,3481,4.1966763
3681,3255,4.1802855
3681,2353,4.1737237
3681,2117,4.167509
3681,1466,4.1333594
3681,1673,4.1144533
3681,1183,4.0737734
3681,3253,4.0659895
3681,648,4.065838
3681,1101,4.0554724
3681,2005,4.0291004
3681,1620,4.0272465
3681,3203,4.0261793
3681,230,4.0085716
3681,2490,3.9898415
3681,3755,3.9759727
3681,3070,3.9758668
3681,1688,3.965509
3681,1088,3.9626026
3681,3301,3.9426868
3681,1375,3.9386992
3681,1027,3.9350464
3681,1205,3.9155738
3681,2420,3.9051805
3681,2427,3.9031148
3681,2145,3.8933313
3681,3444,3.8860488
3681,2683,3.8753386
3681,2340,3.8497465
3681,3254,3.6881254
3681,2699,3.6436152
3681,177,3.6301603
3681,2468,3.6301458
3681,3156,3.6078622
3681,996,3.6016083
3681,153,3.5748098
3681,2827,3.5625176
3681,95,3.5438826
3681,3355,3.5220928
3681,818,3.4851801
3681,315,3.4475574
3681,3715,3.4388156
3681,208,3.3868678
3681,1488,3.1474156
3681,3802,3.102431
3681,3354,2.9626932
3681,2902,2.7395039
3681,93,2.7370539
3681,3710,2.6922395
3681,1126,2.6645126
3681,2422,2.53609
3681,1326,2.4550297
3681,1976,2.2518547
3681,3877,2.0735302
3681,2382,1.9695482
4384,1291,4.673379
4384,1321,4.4410586
4384,1394,4.4329553
4384,1610,4.4304285
4384,589,4.4289794
4384,2797,4.4243793
4384,180,4.4077196
4384,1923,4.4013653
4384,1954,4.3881907
4384,2302,4.3751416
4384,1097,4.3463173
4384,1270,4.3410215
4384,597,4.3300085
4384,539,4.2805157
4384,1374,4.240038
4384,319,4.205882
4384,2288,4.188921
4384,500,4.1860123
4384,3948,4.1833086
4384,587,4.155136
4384,1376,4.1522493
4384,2580,4.142677
4384,25,4.1206408
4384,2470,4.0820317
4384,377,3.9924076
4384,3566,3.9776344
4384,3524,3.9273546
4384,490,3.7802382
4384,2124,3.7614849
4384,2735,3.6675205
4384,3500,3.5755615
4384,3752,3.5312877
4384,2241,3.488532
4384,3243,3.3954487
4384,429,3.37734
5518,2571,4.5522895
5518,1240,4.2758484
5518,589,4.2139797
5518,2302,4.166192
5518,2424,3.9698179
5518,1732,3.9606357
5518,2355,3.9531248
5518,368,3.8145883
5518,1441,3.807844
5518,2499,3.7671647
5518,2263,3.762864
5518,344,3.6669974
5518,2976,3.657837
5518,160,3.1762564
1812,2324,4.476405
1812,1275,4.4225845
1812,969,4.3831773
1812,1104,4.3208857
1812,2973,4.3121204
1812,1023,4.3081884
1812,2692,4.251811
1812,1279,4.2157545
1812,3104,4.1817894
1812,2671,4.1723104
1812,380,4.170397
1812,1077,4.168096
1812,3071,4.1497393
1812,2333,4.095622
1812,733,4.08962
1812,2915,4.0859575
1812,2985,4.0530367
1812,597,4.0192037
1812,342,3.9969642
1812,3868,3.989532
1812,1290,3.9768567
1812,2236,3.949801
1812,1268,3.9381943
1812,2022,3.926055
1812,1179,3.9077473
1812,3519,3.898265
1812,2174,3.886934
1812,1013,3.868561
1812,2463,3.8646126
1812,2418,3.846036
1812,2252,3.844726
1812,3869,3.806926
1812,3103,3.8040645
1812,2094,3.7856355
1812,1722,3.7795312
1812,1544,3.7725139
1812,1088,3.7514105
1812,3274,3.7307062
1812,2372,3.6874356
1812,1030,3.6765873
1812,517,3.6238055
1812,1391,3.6219864
1812,365,3.6151736
1812,2605,3.6135173
1812,60,3.5939271
1812,2413,3.5831687
1812,3540,3.5713034
1812,1377,3.54616
1812,1614,3.5427163
1812,2188,3.4800508
1812,2445,3.4205353
1812,2590,3.407362
1812,2120,3.3983278
1812,3721,3.3702528
1812,2316,3.3670921
1812,1591,3.3605957
1812,2032,3.1814766
1812,2720,2.3518636
3885,318,4.817853
3885,527,4.6599817
3885,745,4.6431656
3885,951,4.468441
3885,1217,4.336215
3885,2028,4.334019
3885,1084,4.301461
3885,1214,4.276606
3885,2918,4.2366724
3885,3471,4.215103
3885,162,4.2101674
3885,1274,4.160061
3885,2289,4.158093
3885,3521,4.0488734
3885,1921,4.0409923
3885,2951,4.0138025
3885,671,4.0026245
3885,1610,3.9688668
3885,1584,3.9632418
3885,3159,3.948071
3885,3448,3.9028666
3885,2988,3.8664827
3885,2278,3.8159115
3885,2929,3.8110802
3885,2596,3.809663
3885,3927,3.8054047
3885,1372,3.8036282
3885,661,3.7902417
3885,3868,3.7855887
3885,2470,3.744406
3885,592,3.7170696
3885,2915,3.7079296
3885,3628,3.6668506
3885,1518,3.646436
3885,3527,3.6337807
3885,2105,3.6110258
3885,3029,3.584324
3885,198,3.5499494
3885,1876,3.5153093
3885,1321,3.4949136
3885,3699,3.4590762
3885,3807,3.457357
3885,2663,3.4393682
3885,3686,3.4309063
3885,481,3.3867135
3885,3708,3.3319874
3885,748,3.2511735
3885,3441,3.2050533
3885,2617,3.118219
3885,464,2.9447398
3885,2986,2.7653308
3885,3705,2.749486
3885,1483,2.6781242
3885,3764,2.0988173
3885,737,2.0628633
3885,3766,1.9438987
3885,3931,1.883836
3885,2450,1.8490824
2967,2019,4.2434297
2967,908,4.109236
2967,1203,4.0869546
2967,1250,4.0456185
2967,3030,4.034758
2967,1219,4.0248404
2967,903,4.0235457
2967,910,4.0072412
2967,905,3.9917192
2967,1260,3.986992
2967,2324,3.9671326
2967,1237,3.9418733
2967,3683,3.9336967
2967,1147,3.904358
2967,296,3.9042757
2967,1196,3.9000294
2967,1247,3.8671005
2967,1244,3.8592992
2967,1236,3.826874
2967,916,3.825704
2967,800,3.8182483
2967,2959,3.8088105
2967,3671,3.769638
2967,1206,3.762978
2967,3742,3.761534
2967,3424,3.7449515
2967,3363,3.7177255
2967,2791,3.6936207
2967,1938,3.658835
2967,1759,3.657449
2967,456,3.6452634
2967,2243,3.6237998
2967,1292,3.6159089
2967,1210,3.6015997
2967,1305,3.5668468
2967,3364,3.5619574
2967,3747,3.5045412
2967,1885,3.4925957
2967,596,3.4913366
2967,702,3.4735932
2967,3104,3.4454107
2967,3685,3.4392636
2967,471,3.4304526
2967,3408,3.4055974
2967,3108,3.3606782
2967,1859,3.350883
2967,2065,3.3456435
2967,1865,3.3294592
2967,2622,3.2464297
2967,2290,3.1929507
2967,2348,3.1913102
2967,224,3.1353452
2967,1173,3.097942
2967,2813,3.0970254
2967,1092,3.0672724
2967,2518,3.0618415
2967,2406,3.038071
2967,3702,2.9167428
2967,2528,2.8609715
2967,2632,2.5892344
2967,2617,2.4135978
2967,2054,2.3212419
2967,3355,1.9468509
4048,260,4.4046416
4048,910,4.3256044
4048,2028,4.289752
4048,942,4.2863445
4048,356,4.2520084
4048,2959,4.2147317
4048,3421,4.1970553
4048,1950,4.194071
4048,1097,4.13344
4048,597,4.126993
4048,1784,4.1065083
4048,3451,4.0859313
4048,3114,4.065009
4048,3545,4.022965
4048,2728,4.022151
4048,3733,4.015333
4048,1277,4.003604
4048,902,4.003452
4048,940,3.990939
4048,2881,3.969917
4048,2355,3.9476798
4048,2081,3.9278247
4048,1374,3.9124618
4048,364,3.8918297
4048,262,3.8882499
4048,3255,3.8868232
4048,2096,3.8715851
4048,2640,3.8693955
4048,1835,3.840261
4048,216,3.8140926
4048,350,3.811959
4048,1676,3.7991595
4048,2077,3.7809386
4048,1515,3.779289
4048,317,3.7768493
4048,3608,3.7756877
4048,2015,3.7420068
4048,2168,3.732018
4048,616,3.7247155
4048,1359,3.6871235
4048,1367,3.6802583
4048,1547,3.6726325
4048,344,3.6358058
4048,1009,3.6282513
4048,2103,3.6246781
4048,1438,3.610164
4048,1373,3.5983734
4048,3705,3.5685515
4048,2043,3.5605326
4048,2616,3.5536547
4048,2792,3.507937
4048,2535,3.5057325
4048,208,3.4998465
4048,2092,3.478943
4048,438,3.474102
4048,2088,3.4441252
4048,485,3.4111853
4048,3287,3.40805
4048,3258,3.377694
4048,3388,3.3616056
4048,126,3.1851778
4048,1381,2.998488
3942,50,4.0403347
3942,260,4.0030913
3942,1148,3.9879684
3942,908,3.867244
3942,969,3.7756476
3942,541,3.6837096
3942,1237,3.525176
3942,1201,3.4719195
3942,32,3.4696813
3942,3019,3.3535
3942,2644,3.3533604
3942,2947,3.3396773
3942,3671,3.3133845
3942,16,3.2520626
3942,235,3.0930808
3942,2288,3.0344567
3942,1374,3.0183253
3942,3658,2.9944048
3942,2633,2.9688387
3942,1517,2.9504752
3942,1029,2.9053433
3942,2427,2.9008534
3942,2144,2.8787155
3942,1345,2.8674908
3942,3174,2.864927
3942,1092,2.8581285
3942,1673,2.85268
3942,2423,2.8359034
3942,2081,2.7911456
3942,2867,2.7495782
3942,1372,2.7312403
3942,2987,2.7030942
3942,2844,2.6954265
3942,1589,2.6828783
3942,3809,2.6680193
3942,3550,2.6212854
3942,2005,2.5176418
3942,145,2.4342506
3942,2699,2.409848
3942,788,2.3820758
3942,1627,2.3463137
3942,2702,2.34124
3942,3107,2.2872877
3942,2985,2.2004862
3942,2647,2.1404374
3942,748,2.1029882
3942,2410,2.000701
3942,1377,1.9229908
3942,3688,1.8534822
3942,327,1.7670572
3942,1825,1.7491515
3942,2898,1.7072707
3942,761,1.6095278
3942,2411,1.4986701
3942,1373,1.4809949
3942,173,1.2215931
3942,2450,1.200087
3942,1979,1.1705694
3942,1978,1.1529065
972,110,3.8838832
972,2130,3.4349847
972,3675,3.2550988
3861,1213,4.4405565
3861,3147,4.29644
3861,356,4.2237616
3861,589,4.1297975
3861,1411,4.055086
3861,1639,3.8577833
3861,3082,3.7398472
3861,3081,3.5799809
3861,2485,3.5146062
1752,1201,4.220724
1752,1617,4.212926
1752,2692,4.209822
1752,2918,4.196447
1752,1291,4.165057
1752,150,4.1353316
1752,800,4.1293073
1752,2248,4.0988035
1752,1210,4.0802684
1752,589,4.0796103
1752,1784,4.069427
1752,2997,4.0402417
1752,32,3.9936414
1752,3168,3.9839556
1752,555,3.9769924
1752,1954,3.9602025
1752,1466,3.954593
1752,3044,3.94695
1752,1101,3.9211857
1752,3386,3.867099
1752,1921,3.8650827
1752,1732,3.845566
1752,523,3.808808
1752,3723,3.7756991
1752,2916,3.746105
1752,648,3.7238712
1752,1120,3.7166529
1752,968,3.710404
1752,1729,3.668152
1752,1127,3.6613169
1752,2915,3.645214
1752,1799,3.6268435
1752,3032,3.5783284
1752,1372,3.5709813
1752,301,3.555627
1752,1676,3.4765396
1752,2641,3.3606968
1752,434,3.3310328
1752,292,3.2974896
1752,442,3.160714
1752,2122,2.4336505
1752,3826,1.9231278
3189,2324,3.9844213
3189,1,3.9034557
3189,3148,3.8756723
3189,1997,3.757051
3189,1374,3.7266479
3189,1407,3.7090178
3189,2080,3.6795015
3189,2001,3.658864
3189,1584,3.65477
3189,3175,3.6547356
3189,104,3.6427298
3189,597,3.6410794
3189,1220,3.6093361
3189,1101,3.605193
3189,2058,3.6017735
3189,1088,3.5226698
3189,592,3.5134501
3189,1754,3.508624
3189,2541,3.4893749
3189,2600,3.464931
3189,3082,3.461648
3189,2683,3.4012709
3189,586,3.3642063
3189,3917,3.343444
3189,344,3.3326902
3189,1479,3.310991
3189,1616,3.2706914
3189,2402,3.1895862
3189,1603,3.177996
3189,2428,3.1254566
3189,273,3.1215074
3189,2322,3.0486274
3189,2699,3.0273209
3189,1342,2.9997916
3189,3113,2.963561
3189,3324,2.9421833
3189,1831,2.8609083
3189,2805,2.7821827
3189,3454,2.7803135
3189,379,2.7246575
3189,76,2.6981108
3189,829,2.5641415
3189,2953,2.53839
3189,1655,2.4582155
3189,1037,2.3208442
3189,173,2.265704
3189,374,2.2531772
3189,762,2.2466683
3189,880,2.1740632
3189,2368,1.8458949
5738,858,4.326332
5738,912,4.2761497
5738,593,4.122619
5738,1131,4.062175
5738,2804,4.0502853
5738,1196,4.00402
5738,3095,4.0037985
5738,2859,3.9590728
5738,1287,3.9444585
5738,1222,3.912877
5738,1084,3.9081132
5738,3350,3.8273237
5738,2858,3.8221817
5738,1089,3.808607
5738,2664,3.7714972
5738,1301,3.7636583
5738,3448,3.717609
5738,223,3.6886697
5738,3405,3.6595554
5738,1394,3.6568074
5738,1982,3.6309516
5738,3521,3.619484
5738,3076,3.61926
5738,3203,3.579611
5738,493,3.5564668
5738,2841,3.5432608
5738,1909,3.4656634
5738,3107,3.3609238
5738,2880,3.3410962
5738,3029,3.3007264
5738,592,3.2932134
5738,2407,3.2916768
5738,2657,3.238271
5738,1769,3.2349741
5738,3476,3.2257247
5738,1347,3.2200358
5738,3519,3.1227412
5738,3219,3.063327
5738,2513,2.9934726
5738,2377,2.9718392
5738,2717,2.9707983
5738,1371,2.9211159
5738,1676,2.9000793
5738,2367,2.7890053
5738,2531,2.7820995
5738,3113,2.7588105
5738,532,2.717985
5738,1762,2.7172203
5738,1544,2.7170846
5738,196,2.620771
5738,1373,2.5700283
5738,1342,2.4678886
5738,466,2.4484732
5738,473,2.2239475
5738,1882,2.038668
5738,2461,1.9511364
5738,2451,1.8563324
5738,1995,1.8467534
5738,2456,1.7959081
5738,2515,1.4642378
175,318,4.7463646
175,899,4.616902
175,2571,4.5708346
175,1203,4.560989
175,2762,4.47667
175,3578,4.4732347
175,1197,4.427436
175,1278,4.42052
175,1089,4.334961
175,759,4.2839565
175,1246,4.243881
175,2871,4.216732
175,2959,4.2151394
175,1997,4.200573
175,1962,4.178627
175,3071,4.0916533
175,73,4.0362635
175,934,4.012624
175,2000,4.0103655
175,3397,4.008506
175,1407,3.8729458
175,766,3.8447552
175,1840,3.8237653
175,2076,3.8211887
175,1959,3.8133287
175,2097,3.8044724
175,1721,3.7993298
175,3753,3.7345386
175,2059,3.594211
175,434,3.4080548
175,3157,3.3781154
175,42,3.2102804
2918,2762,4.610141
2918,3683,4.3720474
2918,1198,4.3689446
2918,1172,4.3460937
2918,306,4.318605
2918,1449,4.3159933
2918,2064,4.2760873
2918,2318,4.0928764
2918,34,4.052348
2918,3060,4.0155253
2918,265,3.9927254
2918,1921,3.9612625
2918,562,3.9270356
2918,1914,3.9161708
2918,3538,3.8960187
2918,549,3.8950853
2918,1188,3.8125496
2918,1306,3.7894526
2918,3159,3.703651
2918,1611,3.5956578
2918,647,3.5525715
2918,2770,3.484393
2918,1810,3.3941922
2918,2433,3.288998
2918,3544,3.1739898
2918,2683,3.1577895
2918,517,3.0079181
2918,2416,2.6674705
2918,520,2.4645526
2918,170,2.4388719
2918,2616,2.2918408
2918,185,1.9950968
2275,2959,4.400789
2275,2908,4.2404532
911,1234,4.38588
911,1949,4.2997117
911,1197,4.2471285
911,1242,4.224365
911,3359,4.199829
911,914,4.1635127
911,2761,4.1452065
911,911,4.1334076
911,508,4.1015472
911,2819,4.090708
911,1307,4.0582366
911,2949,4.0229654
911,3159,3.9889576
911,2302,3.9884539
911,1296,3.973974
911,2018,3.9572093
911,1103,3.9245362
911,62,3.920648
911,3068,3.8951178
911,1625,3.8773024
911,2944,3.8708239
911,1393,3.8676422
911,590,3.864115
911,3494,3.8629506
911,1186,3.8363612
911,1957,3.8324852
911,3418,3.8044841
911,1029,3.802589
911,367,3.7830572
911,1653,3.7778535
911,2890,3.7724352
911,2006,3.755294
911,2470,3.7474923
911,1951,3.746934
911,3269,3.7417896
911,647,3.7203996
911,991,3.713775
911,292,3.7044716
911,2140,3.7002945
911,3155,3.6730576
911,2433,3.5592132
911,3157,3.5360112
911,1327,3.5301745
911,1385,3.5162988
911,2378,3.5156128
911,3827,3.4914148
911,3489,3.3937225
911,3610,3.3648887
911,3841,3.2528803
911,485,3.169364
1389,913,4.723187
1389,541,4.717921
1389,1196,4.7055254
1389,1233,4.6633654
1389,1172,4.5827255
1389,1272,4.4962835
1389,3000,4.4580393
1389,1301,4.3477774
1389,1719,4.34186
1389,428,4.25636
1389,2662,4.2290754
1389,920,4.228167
1389,2890,4.223233
1389,2951,4.2195663
1389,1784,4.214516
1389,529,4.2085757
1389,1968,4.2038026
1389,247,4.171662
1389,6,4.16532
1389,272,4.1197343
1389,588,4.0789475
1389,235,4.042846
1389,1810,4.015183
1389,3256,4.005865
1389,2993,3.9887838
1389,3253,3.8526545
1389,480,3.7858746
1389,3608,3.6434784
1389,3893,3.5809789
1389,2006,3.469465
1389,597,3.4678717
1389,2115,3.4596057
1389,2105,3.4000785
1389,1777,3.1758847
1389,802,3.1744204
1389,780,2.964824
1389,1391,2.6888494
1389,2497,2.4920282
1389,2668,2.0587053
1389,429,1.798064
4430,232,3.6513019
4430,356,3.4515026
4430,247,3.355335
4430,58,3.2891243
4430,101,3.2614405
4430,1392,3.223796
4430,588,3.0690594
4430,94,2.941124
4430,1057,2.8237264
4430,1777,2.6928074
4430,280,2.6844206
4430,1611,2.6564925
4430,1061,2.631421
4430,2706,2.3037903
4430,532,2.1912122
4430,1876,2.067546
4430,537,1.9948812
4430,1569,1.9028109
4430,3,1.8301342
4430,273,1.7782067
4430,2252,1.7684321
4430,2335,1.76456
4430,24,1.6700262
4430,788,1.667109
4430,19,1.5179075
4430,305,1.4266472
4430,153,1.378447
4430,518,1.3325511
4430,355,1.3079855
5789,954,4.3365307
5789,1240,4.092147
5789,1281,4.0847974
5789,589,3.997844
5789,3606,3.8586612
5789,3379,3.8567843
5789,3371,3.7298973
5789,3487,3.6972375
5789,3304,3.527238
5789,2712,3.1570346
4440,318,4.573636
4440,1278,4.2527695
4440,3578,4.199149
4440,1263,4.196048
4440,2918,4.1880107
4440,1259,4.143098
4440,2944,4.1374607
4440,3152,4.068377
4440,1997,3.9880958
4440,1982,3.8930156
4440,3798,3.6137948
4440,653,3.501636
4440,2346,3.4897895
4440,2428,3.0830197
4440,2514,2.045904
1395,2019,4.9410524
1395,750,4.687819
1395,1208,4.628469
1395,541,4.5831466
1395,1197,4.5505047
1395,3897,4.5241385
1395,1200,4.422792
1395,3911,4.3901777
1395,17,4.3597136
1395,3624,4.0982013
1395,1729,4.0762105
1395,671,4.0340643
1395,2395,4.033531
1395,3703,4.031659
1395,2005,3.9917583
1395,7,3.9766781
1395,151,3.9295852
1395,2116,3.9278598
1395,3398,3.9211836
1395,2681,3.8572965
1395,1205,3.854095
1395,2275,3.8124857
1395,2600,3.801932
1395,3240,3.762803
1395,3785,3.6594868
1395,2826,3.6187286
1395,3394,3.4469638
1395,3534,3.4399784
1395,3838,3.1627374
1395,2408,2.9230928
1395,2450,2.660925
1395,3601,2.5030835
1395,737,2.1790175
2803,2858,4.4716063
2803,1617,4.420308
2803,1089,4.3745775
2803,1244,4.3073163
2803,1269,4.2833166
2803,1294,4.242039
2803,2973,4.1554675
2803,589,4.097696
2803,3019,4.051486
2803,3067,4.007904
2803,235,4.0004034
2803,3420,3.5857146
2803,592,3.2499733
2803,2384,3.1312122
5485,2571,4.20203
5485,1240,4.01134
5485,1035,3.8018222
5485,2662,3.7716312
5485,2716,3.7252123
5485,900,3.7184393
5485,1127,3.5404108
5485,1594,3.5231833
5485,1376,3.401083
5485,1031,3.327023
5485,3698,3.0685532
1842,904,4.999154
1842,1212,4.9714174
1842,908,4.8956947
1842,3365,4.7588882
1842,2997,4.702086
1842,1997,4.6405115
1842,2871,4.640306
1842,1294,4.612543
1842,3147,4.609513
1842,3671,4.5863924
1842,34,4.5131073
1842,2366,4.424334
1842,2686,4.422124
1842,838,4.4135437
1842,1912,4.378006
1842,1680,4.35325
1842,3163,4.316028
1842,3420,4.295121
1842,1845,4.2917137
1842,2916,4.1700563
1842,342,4.1629405
1842,2991,4.148091
1842,388,4.13018
1842,3556,4.1279335
1842,3448,4.124907
1842,1747,4.122299
1842,1466,4.113995
1842,2841,4.108108
1842,3318,4.0412354
1842,3203,4.0217156
1842,991,4.0044703
1842,1339,3.8766935
1842,1589,3.8502004
1842,2539,3.7723913
1842,112,3.72569
1842,3863,3.475817
1842,3754,2.7291656
1842,2428,2.4761047
1842,3646,2.1467013
1842,2701,1.7871423
1842,2568,1.7130306
3746,50,4.697259
3746,608,4.5266533
3746,541,4.4910855
3746,111,4.3487206
3746,590,4.3125153
3746,428,4.2955885
3746,3421,4.2572956
3746,1060,4.174652
3746,2951,4.173592
3746,588,4.1692705
3746,2194,4.159446
3746,3098,4.1491947
3746,1682,4.128194
3746,1641,4.1023235
3746,1408,4.0902376
3746,1101,4.069472
3746,1580,4.044321
3746,1639,4.0314827
3746,1527,3.9694667
3746,2144,3.948641
3746,592,3.9203138
3746,3020,3.8896828
3746,2403,3.8074641
3746,2474,3.7844388
3746,1917,3.7727787
3746,2002,3.719102
3746,3740,3.6794798
3746,3441,3.6674743
3746,586,3.4702487
3746,3254,3.4065309
3746,3259,3.4005299
3746,2054,3.3122907
3746,3120,3.0152063
3746,3438,2.8909922
3746,3802,2.0424242
92,910,3.6309144
92,2396,3.62183
92,6,3.4874845
92,1641,3.4560513
92,3543,3.3200853
92,588,3.3095698
92,1047,3.1758826
92,3253,3.1029177
92,1032,3.0719953
92,2134,3.0546606
92,1573,3.0254216
92,3040,3.0055017
92,1031,3.0043082
92,2011,2.9604576
92,2077,2.8667667
92,3882,2.7955437
92,1688,2.709639
92,3752,2.693887
92,3861,2.640979
92,1405,2.6048627
92,3269,2.5699284
92,3107,2.5553694
92,3785,2.4733505
92,2072,2.4352767
92,1064,2.3937762
92,1881,2.375723
92,217,2.3013966
92,2559,2.0924077
92,2572,1.985911
92,2876,1.9355937
92,3225,1.8932269
92,1499,1.87131
92,455,1.8621736
92,126,1.7267377
92,546,1.5488605
4001,527,4.3395634
4001,1299,4.1695056
4001,1213,4.1236863
4001,1961,4.058315
4001,428,3.9349492
4001,2359,3.8553233
4001,1962,3.833192
4001,2312,3.7413054
4001,2125,3.7166312
4001,333,3.707652
4001,1674,3.702763
4001,3418,3.6991463
4001,39,3.6965182
4001,2243,3.663634
4001,222,3.6634278
4001,230,3.629922
4001,24,3.5985394
4001,2236,3.5957036
4001,543,3.584504
4001,1187,3.5487604
4001,2395,3.5175033
4001,2883,3.5068643
4001,3270,3.471232
4001,344,3.4692023
4001,3112,3.4490347
4001,3614,3.4397461
4001,2738,3.4231946
4001,3262,3.4183097
4001,2736,3.3911054
4001,3107,3.3795383
4001,2104,3.3781242
4001,3308,3.3769846
4001,1390,3.3660464
4001,2746,3.3562965
4001,45,3.338181
4001,585,3.3290677
4001,1624,3.2335436
4001,673,3.2260387
4001,466,3.157826
4001,135,3.0212188
4001,2806,2.8671293
4001,3690,2.7511055
4001,355,2.711795
4001,19,2.6863828
4001,1381,2.6499827
4001,1335,2.3296394
380,1210,4.2130766
380,2289,4.1515837
380,3448,3.9584963
380,3948,3.91449
380,3510,3.7336407
380,3253,3.5900314
380,2003,3.5429509
380,2683,3.4630966
4725,2571,3.7352772
4725,597,3.668014
4725,1961,3.6545053
4725,2194,3.526854
4725,1249,3.5243077
4725,1301,3.523522
4725,349,3.4791033
4725,1954,3.4277503
4725,1297,3.4185092
4725,1285,3.4134166
4725,377,3.3947778
4725,1097,3.3911796
4725,3468,3.384923
4725,2687,3.3741915
4725,2959,3.3660212
4725,3247,3.36238
4725,529,3.3614535
4725,2078,3.3572166
4725,2662,3.3488758
4725,1457,3.3298569
4725,1500,3.326423
4725,2085,3.3192117
4725,368,3.3166003
4725,2348,3.3109965
4725,1631,3.3025322
4725,2533,3.302486
4725,1215,3.2973375
4725,3623,3.2966568
4725,2077,3.2966127
4725,671,3.290308
4725,3096,3.2898717
4725,1690,3.2837186
4725,1429,3.2763538
4725,3810,3.262906
4725,2402,3.2618852
4725,2344,3.2545977
4725,2724,3.2522995
4725,1031,3.248015
4725,2249,3.2471523
4725,3029,3.2450812
4725,986,3.2437434
4725,3270,3.2394018
4725,2694,3.2358105
4725,3409,3.2332716
4725,3040,3.2300417
4725,2174,3.229056
4725,2723,3.2195306
4725,3524,3.202814
4725,2081,3.1998467
4725,3708,3.1939635
4725,3526,3.1787786
4725,2240,3.1758142
4725,3770,3.1737187
4725,2015,3.170077
4725,2616,3.1697905
4725,3015,3.1672006
4725,1124,3.1645398
4725,269,3.1553924
4725,2615,3.1545813
4725,3157,3.153633
4725,9,3.1529896
4725,2746,3.15245
4725,1544,3.1506515
4725,504,3.1398873
4725,1991,3.1377609
4725,2355,3.1377404
4725,1573,3.1334014
4725,2625,3.1316323
4725,2021,3.1285532
4725,2403,3.1276262
4725,224,3.1201313
4725,1753,3.1129599
4725,2524,3.107279
4725,196,3.1037517
4725,1885,3.1011357
4725,315,3.0996618
4725,3269,3.0929942
4725,303,3.0839465
4725,2770,3.0788074
4725,836,3.078042
4725,3717,3.07675
4725,1333,3.0763016
4725,3387,3.0678732
4725,2416,3.0647416
4725,1623,3.0623178
4725,3674,3.0522397
4725,203,3.0432572
4725,479,3.0409908
4725,2453,3.021644
4725,2269,2.9934978
4725,265,2.9730763
4725,1588,2.9647624
4725,3590,2.948665
4725,160,2.9467432
4725,1089,2.898394
4725,410,2.893231
4725,2034,2.873329
4725,1453,2.854393
4725,2710,2.8510063
4725,419,2.8392363
4725,3190,2.8224707
4725,2265,2.8202944
4725,3054,2.7854023
4725,1391,2.7705894
4725,193,2.6821303
4725,2088,2.67513
4725,3773,2.6409578
4725,181,2.510289
4725,2530,2.3843508
1126,808,2.0226254
4169,969,4.618455
4169,296,4.5440955
4169,3949,4.536633
4169,1267,4.527989
4169,1224,4.525934
4169,1283,4.504037
4169,1172,4.498154
4169,945,4.4592285
4169,1089,4.454231
4169,906,4.436677
4169,1963,4.4318805
4169,947,4.419222
4169,3037,4.380395
4169,1287,4.371951
4169,1266,4.3668623
4169,1086,4.3511543
4169,2670,4.34033
4169,1834,4.319046
4169,1259,4.307165
4169,1273,4.298797
4169,581,4.2922196
4169,2732,4.2822876
4169,3481,4.277335
4169,2575,4.274746
4169,2010,4.2630396
4169,58,4.2627444
4169,3808,4.234163
4169,1340,4.231739
4169,2944,4.229664
4169,615,4.224167
4169,3606,4.221728
4169,1099,4.2121925
4169,2919,4.1914244
4169,3160,4.1883125
4169,2396,4.1810436
4169,1678,4.176323
4169,3668,4.174823
4169,1301,4.1613517
4169,535,4.1594696
4169,2716,4.1580987
4169,3783,4.1547604
4169,1641,4.1527195
4169,3545,4.1403184
4169,3870,4.1255765
4169,1954,4.125134
4169,41,4.1155457
4169,1095,4.1035023
4169,3342,4.098867
4169,2109,4.0890126
4169,2029,4.0778866
4169,3747,4.0743923
4169,1663,4.0710683
4169,80,4.067578
4169,2302,4.0615416
4169,715,4.057043
4169,2366,4.022326
4169,3736,4.020754
4169,3230,4.0042877
4169,3653,4.0037956
4169,3076,3.9946582
4169,531,3.993935
4169,1682,3.9887218
4169,25,3.9649897
4169,3074,3.960307
4169,3183,3.9546726
4169,3852,3.9477115
4169,3947,3.942585
4169,441,3.9336708
4169,3111,3.9203532
4169,522,3.9201746
4169,3479,3.9188938
4169,2291,3.9113042
4169,3417,3.9080176
4169,1179,3.9060678
4169,1958,3.8999758
4169,3143,3.8954911
4169,976,3.890369
4169,2321,3.8845618
4169,2436,3.8835397
4169,3812,3.8766584
4169,2744,3.8644562
4169,480,3.8512263
4169,1101,3.8511357
4169,970,3.8502383
4169,26,3.8474693
4169,2727,3.8462985
4169,1029,3.845383
4169,2443,3.8411064
4169,3329,3.8378303
4169,3448,3.8373914
4169,1596,3.8370156
4169,233,3.814485
4169,147,3.8132026
4169,3302,3.8070705
4169,3734,3.8052835
4169,52,3.7997665
4169,785,3.7896338
4169,1286,3.7635043
4169,2896,3.7581253
4169,2112,3.7333555
4169,3763,3.7278838
4169,2707,3.7141776
4169,1447,3.7068014
4169,2311,3.6859765
4169,3466,3.6741076
4169,253,3.6521466
4169,2105,3.649097
4169,2245,3.647931
4169,1366,3.641827
4169,3873,3.6245706
4169,2573,3.614963
4169,2844,3.6086137
4169,183,3.5917273
4169,2037,3.5910616
4169,2455,3.5897307
4169,35,3.5658116
4169,3853,3.5484612
4169,2021,3.5446458
4169,481,3.540611
4169,2049,3.5247388
4169,1943,3.511571
4169,565,3.5082908
4169,2734,3.5030656
4169,339,3.4982672
4169,1650,3.486792
4169,242,3.485346
4169,1376,3.4852104
4169,605,3.4842236
4169,1317,3.471853
4169,165,3.4709706
4169,3535,3.46598
4169,2554,3.464662
4169,381,3.4613647
4169,3524,3.4602199
4169,3154,3.4574873
4169,753,3.4557617
4169,2159,3.443737
4169,353,3.4415784
4169,1733,3.4325824
4169,2363,3.4124308
4169,70,3.3894339
4169,653,3.3857975
4169,1614,3.373973
4169,113,3.3713133
4169,361,3.3625093
4169,2496,3.3615437
4169,3049,3.3602142
4169,3197,3.3542514
4169,3846,3.3508613
4169,580,3.336093
4169,1616,3.3355746
4169,3699,3.329063
4169,1458,3.3239367
4169,22,3.2968216
4169,1024,3.2802134
4169,1371,3.275137
4169,726,3.2707155
4169,1479,3.270577
4169,3428,3.2697537
4169,188,3.2563882
4169,587,3.255465
4169,3235,3.2548194
4169,292,3.2529469
4169,344,3.2426713
4169,372,3.2425063
4169,1121,3.2149205
4169,3016,3.1941476
4169,1390,3.1877217
4169,3514,3.1656766
4169,1627,3.158485
4169,2901,3.1533499
4169,2520,3.1231022
4169,3141,3.111083
4169,46,3.0883987
4169,2826,3.0803533
4169,2711,3.0578794
4169,1457,3.0382633
4169,630,3.033401
4169,469,3.0295887
4169,1926,3.0165656
4169,2517,2.946575
4169,1841,2.9460285
4169,1003,2.9444997
4169,2723,2.9287562
4169,2415,2.8838449
4169,2445,2.8703232
4169,1769,2.8492908
4169,1501,2.8446586
4169,2369,2.8402693
4169,2377,2.8370965
4169,1876,2.8273513
4169,1601,2.819888
4169,2399,2.796513
4169,694,2.7963386
4169,436,2.7900286
4169,1043,2.7871094
4169,3324,2.77898
4169,2829,2.775094
4169,554,2.7743258
4169,201,2.7644887
4169,478,2.7409637
4169,3431,2.7395313
4169,2755,2.7381444
4169,849,2.691364
4169,782,2.6815622
4169,3933,2.634822
4169,1991,2.6093576
4169,3024,2.6073182
4169,415,2.6003609
4169,842,2.5926447
4169,1515,2.59136
4169,256,2.5902581
4169,2534,2.573464
4169,459,2.5574527
4169,3754,2.5497668
4169,3165,2.5410724
4169,3331,2.474848
4169,2526,2.4727294
4169,2446,2.4510963
4169,315,2.4200654
4169,3921,2.4071455
4169,880,2.4035358
4169,2806,2.3802423
4169,435,2.3513546
4169,2811,2.2721503
4169,679,2.2004542
4169,444,2.1153536
4169,160,1.9600053
4169,712,1.9344558
4169,2214,1.9344558
4169,607,1.9216146
4169,2701,1.6478966
4169,2380,1.5079829
482,50,4.391406
482,750,4.2431135
482,953,4.186451
482,1213,4.151923
482,1208,4.1511183
482,1219,4.1439753
482,1256,4.0940313
482,910,4.080733
482,1272,4.039151
482,924,3.918567
482,2067,3.907398
482,1247,3.9069462
482,1222,3.885203
482,428,3.851329
482,1947,3.8298502
482,1935,3.8259706
482,2302,3.7183635
482,2318,3.7035298
482,1302,3.683576
482,2355,3.6549873
482,1028,3.653357
482,1968,3.6457865
482,180,3.6279023
482,1580,3.6226807
482,1639,3.6027815
482,1917,3.601521
482,3098,3.6002789
482,322,3.5991716
482,934,3.5900927
482,3072,3.5633435
482,2109,3.5628529
482,1673,3.5518851
482,1019,3.541196
482,3111,3.5203393
482,2078,3.496773
482,2231,3.4835088
482,3163,3.4775486
482,2144,3.457656
482,230,3.4539924
482,1120,3.4349954
482,2134,3.4324307
482,514,3.4294043
482,2528,3.399844
482,1186,3.3691573
482,1729,3.3251173
482,650,3.323189
482,1441,3.3137715
482,1569,3.2903557
482,266,3.2788296
482,3502,3.2639856
482,3036,3.2508068
482,2476,3.241244
482,1129,3.2349033
482,2002,3.233038
482,1395,3.2315178
482,2803,3.2001204
482,2478,3.1807542
482,3308,3.1796932
482,3566,3.1652632
482,1614,3.162044
482,2353,3.1612413
482,367,3.1565628
482,1689,3.1372876
482,1676,3.1087565
482,3917,3.053714
482,3608,3.010819
482,3707,2.9315462
482,2124,2.9071603
482,2091,2.8662698
482,2901,2.8594553
482,2524,2.8432565
482,1037,2.809382
482,273,2.7647855
482,378,2.6755571
482,2421,2.5371377
482,196,2.4882047
482,153,2.4473119
482,782,2.4410996
482,2719,2.3288436
482,19,2.2352138
482,1359,2.117263
482,71,1.8026719
482,1503,1.7797043
482,1995,1.6908338
1262,296,4.1879797
1262,1358,4.0420423
1262,3317,3.8454213
1262,1968,3.7651315
1262,3108,3.503573
1262,1297,3.4988325
1262,2915,3.4087124
1262,3555,3.205062
1262,2478,2.9382234
1262,3316,2.1209912
5054,3435,3.8950386
5054,1136,3.8895264
5054,593,3.8458617
5054,923,3.8329513
5054,3429,3.826432
5054,1208,3.8097687
5054,541,3.7811909
5054,3134,3.755041
5054,3090,3.699603
5054,3468,3.698986
5054,2788,3.6902633
5054,1291,3.669909
5054,800,3.6323464
5054,2686,3.6254888
5054,2313,3.6149464
5054,1674,3.6075888
5054,2947,3.5927737
5054,1077,3.5829175
5054,1199,3.5687027
5054,2000,3.56781
5054,1035,3.5412138
5054,36,3.5342903
5054,356,3.5118449
5054,1625,3.5025218
5054,265,3.498941
5054,1955,3.4981256
5054,728,3.4911916
5054,1259,3.465858
5054,959,3.4420877
5054,3547,3.419775
5054,2671,3.4176645
5054,1104,3.4075236
5054,2064,3.4067135
5054,2160,3.3879194
5054,3105,3.3789356
5054,2171,3.3684006
5054,1057,3.3562818
5054,3751,3.349644
5054,1230,3.3359423
5054,230,3.3178375
5054,1350,3.3047912
5054,1307,3.3014612
5054,2664,3.2808867
5054,2550,3.2630749
5054,2874,3.2576547
5054,2455,3.2399678
5054,3699,3.216488
5054,1187,3.1777382
5054,1923,3.159291
5054,506,3.126627
5054,2245,3.1045747
5054,3608,3.0640707
5054,2407,2.9811864
5054,1049,2.9672825
5054,254,2.8196177
5054,1943,2.7775104
5054,3623,2.7541187
5054,45,2.7194035
5054,1191,2.7189438
5054,2146,2.7064936
5054,3249,2.6957197
5054,2699,2.4048126
5054,1977,1.812702
5054,1981,1.6577997
5054,1978,1.6049558
4884,260,4.602919
4884,913,4.53244
4884,1233,4.5218024
4884,1213,4.4620953
4884,593,4.4536753
4884,1617,4.360671
4884,1278,4.2908354
4884,1394,4.2597933
4884,1200,4.2318454
4884,3114,4.19931
4884,3508,4.1901393
4884,1292,4.1686134
4884,1387,4.168022
4884,2248,4.1666784
4884,2948,4.146432
4884,2951,4.070952
4884,1261,4.062749
4884,1912,3.9443717
4884,1967,3.9185064
4884,3267,3.8395672
4884,2287,3.7367926
4884,151,3.7268448
4884,647,3.7032866
4884,3633,3.645383
4884,2628,3.617724
4884,2393,3.6057522
4884,1597,3.6054487
4884,1616,3.3073235
4884,2722,3.2428312
4884,196,3.1106071
4884,1779,3.0765927
4884,416,2.4871402
1587,1293,4.1252594
1587,1358,4.115529
1587,910,4.0888505
1587,915,3.9845424
1587,2917,3.890751
1587,1333,3.847054
1587,3072,3.8019917
1587,32,3.7993312
1587,1678,3.7860773
1587,364,3.7747488
1587,1954,3.7717347
1587,1873,3.7667499
1587,1186,3.7253957
1587,1302,3.7055106
1587,538,3.698703
1587,2321,3.6726432
1587,1982,3.660307
1587,1183,3.6337085
1587,3178,3.577804
1587,2125,3.5359578
1587,592,3.5329623
1587,3081,3.5184686
1587,3480,3.5164335
1587,2406,3.4971597
1587,1012,3.476629
1587,1290,3.4697192
1587,1870,3.3772235
1587,266,3.3565745
1587,45,3.3142056
1587,2640,3.2571526
1587,1711,3.2520356
1587,3253,3.2449713
1587,2641,3.2217302
1587,352,3.2071755
1587,2469,3.1493976
1587,1821,3.1484756
1587,1347,3.1304438
1587,2424,2.982682
1587,3264,2.9753487
1587,1088,2.8897119
1587,550,2.8401875
1587,1409,2.802155
1587,4,2.7892275
1587,122,2.7725046
1587,2405,2.7720609
1587,3785,2.6949797
1587,2884,2.528667
1587,724,2.476087
1587,3257,2.416956
1587,818,2.3968575
1587,3705,2.2448165
1587,2051,2.0581563
1587,1779,2.032841
1587,3248,1.8942109
5575,2762,4.103816
5575,3061,3.7544641
5575,2863,3.6231227
5575,1019,3.6187158
5575,2138,3.585189
5575,2000,3.520383
5575,1959,3.4254227
5575,21,3.3907475
5575,2301,3.3839986
5575,952,3.381872
5575,2193,3.3760934
5575,1517,3.3686054
5575,2394,3.354348
5575,342,3.3334072
5575,2065,3.329397
5575,543,3.2854538
5575,2141,3.2782707
5575,1378,3.1612563
5575,468,3.1366343
5575,2506,3.1320019
5575,2105,3.1171486
5575,3099,3.115225
5575,2124,3.1134882
5575,3247,3.0272346
5575,2431,2.9786792
5575,2860,2.9700212
5575,107,2.9646523
5575,218,2.8800764
5575,237,2.858682
5575,1064,2.8446672
5575,653,2.7773495
5575,2710,2.7663903
5575,2054,2.7133694
5575,2088,2.6942773
5575,1353,2.6559298
5575,2387,2.6376035
5575,1367,2.5021157
5575,327,2.2729104
5575,3130,2.199055
5575,2713,2.147671
5575,688,1.933025
5575,64,1.7441508
5575,186,1.7003243
3995,1036,3.9208298
3995,1240,3.840417
3995,1610,3.7802672
3995,3105,3.7358956
3995,1784,3.6823628
3995,2140,3.5975158
3995,1396,3.5665085
3995,3418,3.5215378
3995,25,3.5031586
3995,3107,3.478788
3995,2334,3.405377
3995,1690,3.38936
3995,3301,3.3627164
3995,423,3.3585098
3995,2826,3.3214817
3995,288,3.2274466
3995,3299,2.9876862
2223,1148,3.9863167
2223,2762,3.8954825
2223,678,3.875724
2223,541,3.8200989
2223,508,3.7108662
2223,1238,3.6090822
2223,2662,3.592721
2223,1682,3.5262208
2223,2788,3.4685059
2223,1517,3.4571218
2223,2006,3.398692
2223,2058,3.3012953
2223,1580,3.261261
2223,596,3.2238164
2223,3018,3.2210462
2223,3210,3.201404
2223,1060,3.1866782
2223,2002,3.177261
2223,1376,3.1725583
2223,1965,3.1364868
2223,3809,3.1139972
2223,1339,3.0982082
2223,3552,3.0886595
2223,2605,3.0426407
2223,3526,3.033442
2223,1729,3.019361
2223,367,2.9869199
2223,736,2.9748423
2223,107,2.9128313
2223,277,2.8679338
2223,2278,2.8613997
2223,2321,2.8588567
2223,423,2.8032646
2223,2694,2.7842937
2223,3565,2.769552
2223,2805,2.7535956
2223,1566,2.7136722
2223,3263,2.583934
2223,2369,2.4915988
2223,2142,2.384183
2223,2004,2.3592582
2223,2713,2.2920065
2223,1562,2.268602
2223,312,2.1947396
2223,2719,2.0143714
2223,2986,1.9998107
2223,2701,1.8709024
2223,1556,1.3849145
1394,593,3.8178544
1394,2454,2.838079
1394,3920,2.7908578
1394,3300,2.4607756
528,1136,4.2910776
528,541,4.2341175
528,1307,4.1606383
528,2028,4.1124215
528,3114,4.0933714
528,2918,4.058155
528,2890,4.017736
528,1060,4.0124936
528,110,4.007601
528,1954,3.977638
528,3448,3.9324555
528,1873,3.902832
528,1393,3.888182
528,3328,3.86698
528,104,3.84973
528,1680,3.849673
528,2321,3.8458328
528,733,3.8272667
528,2144,3.774985
528,280,3.759036
528,1542,3.743339
528,1029,3.7363331
528,2875,3.7278972
528,1611,3.7121522
528,1792,3.705748
528,1821,3.6939192
528,3267,3.690963
528,141,3.6590338
528,2420,3.6531508
528,1688,3.649255
528,3033,3.6156998
528,2353,3.5978432
528,18,3.5956824
528,2059,3.5757856
528,3250,3.5601447
528,2834,3.554193
528,377,3.5324955
528,3740,3.5323703
528,648,3.50585
528,2506,3.4940982
528,1676,3.4770212
528,1713,3.4743195
528,516,3.4181297
528,2002,3.398052
528,2378,3.3909183
528,2145,3.3830762
528,1835,3.3766835
528,3,3.3563116
528,3869,3.3529968
528,3752,3.3274522
528,2541,3.2553127
528,1432,3.2220073
528,1911,3.1958601
528,852,3.1912792
528,1100,3.0868993
528,1752,3.0138087
528,185,2.982037
528,2497,2.9534116
528,23,2.9490037
528,2505,2.9178226
528,2379,2.6644053
528,19,2.6303022
528,3225,2.6233025
528,65,2.1180723
528,102,1.9506978
528,169,1.7392786
2903,1206,4.499296
2903,3210,4.430642
2903,32,4.4031754
2903,380,4.386772
2903,266,4.060736
2903,1686,4.016238
2903,2540,3.9397187
2903,2334,3.8707585
2903,3489,3.740444
1168,3083,4.070793
1168,2997,3.917926
1168,1682,3.8779352
1168,562,3.8625963
1168,1678,3.820455
1168,1965,3.7128727
1168,1633,3.6869125
1168,1966,3.6685596
1168,3052,3.6627252
1168,2006,3.6614513
1168,3418,3.656035
1168,2424,3.6463416
1168,2058,3.6338553
1168,1875,3.5907912
1168,1372,3.5605574
1168,329,3.4043865
1168,1569,3.3701649
1168,543,3.3601277
1168,2155,3.3440318
1168,2723,3.1061769
1168,1513,3.0600638
1168,1405,2.9700794
1168,1552,2.8389647
1168,157,2.7555394
1168,2590,2.5950377
1168,3004,2.453135
714,1198,4.984456
714,1617,4.9365745
714,593,4.924744
714,910,4.8133135
714,47,4.750711
714,16,4.5859
714,2137,4.5547976
714,2018,4.5172896
714,2125,4.511861
714,364,4.5115128
714,647,4.476693
714,69,4.421855
714,594,4.3905206
714,3081,4.38219
714,1682,4.3483405
714,491,4.335776
714,1748,4.3256693
714,524,4.2345333
714,2846,4.232888
714,367,4.215305
714,1024,4.196618
714,785,4.168833
714,1918,4.157814
714,1544,4.1400337
714,2106,4.1309366
714,3534,4.0371094
714,2399,4.0105658
714,3301,3.9818118
714,89,3.9090903
714,239,3.8718238
714,186,3.7906463
714,1489,3.7533429
714,2142,3.6480465
714,3821,3.587367
714,1855,3.5174742
714,2389,3.496283
714,419,3.424014
714,2296,3.4009638
714,673,3.3237884
714,3440,2.923121
714,3593,2.4662726
4140,1234,4.320729
4140,1262,4.218721
4140,3359,4.105992
4140,1276,4.0968294
4140,3507,4.096407
4140,1201,4.07203
4140,1287,4.039149
4140,2947,4.008052
4140,594,3.9358487
4140,2194,3.925772
4140,1079,3.925085
4140,1275,3.9237962
4140,1028,3.8999465
4140,3479,3.836422
4140,1610,3.8027756
4140,3100,3.7772465
4140,337,3.775563
4140,1396,3.668761
4140,3203,3.662241
4140,2144,3.6622107
4140,380,3.6444635
4140,2114,3.6125426
4140,3424,3.6084082
4140,3108,3.5305717
4140,2734,3.4791994
4140,1376,3.4670403
4140,3261,3.441766
4140,1047,3.4393563
4140,3763,3.4359295
4140,465,3.4110835
4140,45,3.3244877
4140,3450,3.2829375
4140,3426,3.2663493
4140,241,3.242602
4140,2527,3.2291703
4140,340,3.2164416
4140,2111,3.1945868
4140,2478,3.186985
4140,7,3.1640892
4140,2145,3.1334858
4140,2409,3.1284359
4140,3109,3.1159925
4140,2792,2.9750257
4140,3740,2.957288
4140,2054,2.956471
4140,140,2.952827
4140,2699,2.9522073
4140,585,2.9490523
4140,2405,2.8766558
4140,3707,2.8605182
4140,2369,2.8381276
4140,24,2.8083272
4140,185,2.7977805
4140,3698,2.7683635
4140,3269,2.7554557
4140,442,2.7405543
4140,2378,2.6830075
4140,95,2.644041
4140,569,2.643898
4140,2253,2.5286891
4140,315,2.5058134
4140,2269,2.4823444
4140,2016,2.3207986
4140,2408,2.2993453
4140,2411,2.264044
4140,2616,2.128152
4140,1499,1.8073688
4140,519,1.4592178
1573,3948,4.1671247
1573,3618,3.8763466
1573,3324,3.5144403
1573,3564,2.612431
1298,50,4.620953
1298,1036,4.4060245
1298,1284,4.3961906
1298,1287,4.3068433
1298,1235,4.201043
1298,1446,4.1963563
1298,1968,4.1914372
1298,2268,4.142541
1298,2565,4.138105
1298,1617,4.127734
1298,1411,4.112197
1298,1580,4.084608
1298,2018,4.0668344
1298,1784,4.0603943
1298,3210,4.0559673
1298,39,4.0206666
1298,3868,4.0150986
1298,2318,3.9899812
1298,1527,3.9890785
1298,2366,3.9885392
1298,314,3.9875565
1298,837,3.9864001
1298,1216,3.9811862
1298,235,3.9418488
1298,205,3.9151716
1298,2321,3.9132984
1298,353,3.9099863
1298,3733,3.9068587
1298,2476,3.8857293
1298,2993,3.878526
1298,1042,3.876914
1298,647,3.8581436
1298,2005,3.856395
1298,1569,3.8449879
1298,700,3.8225121
1298,60,3.8009038
1298,3081,3.7526186
1298,2628,3.7461
1298,2133,3.738637
1298,224,3.7274046
1298,2104,3.7029321
1298,2427,3.6886287
1298,1876,3.6697454
1298,673,3.6554408
1298,2054,3.649684
1298,2453,3.6330032
1298,2416,3.6324086
1298,808,3.6317282
1298,2789,3.6260383
1298,1100,3.608484
1298,1513,3.5456831
1298,442,3.5101666
1298,3705,3.4747744
1298,1831,3.4279141
1298,1882,3.2992375
1298,2053,3.2203712
1298,1822,3.2017443
1298,2392,3.1847873
1298,502,2.7861989
1298,1826,2.27898
3947,1193,4.888986
3947,1278,4.5971045
3947,924,4.4929705
3947,1097,4.4599485
3947,2706,4.3401365
3947,441,4.26632
3947,2193,4.0699673
3947,2174,4.0539293
3947,3785,2.741677
3390,1196,4.51387
3390,2351,4.5123444
3390,1256,4.45595
3390,1961,4.437066
3390,1953,4.40251
3390,909,4.3877707
3390,3152,4.3499975
3390,1244,4.3388643
3390,1096,4.312047
3390,920,4.2853656
3390,978,4.2642965
3390,2160,4.263647
3390,2238,4.102758
3390,2239,4.0960836
3390,3078,4.078604
3390,2355,4.0611777
3390,2075,4.0605063
3390,2943,4.043818
3390,1012,3.9988294
3390,1186,3.9256935
3390,3813,3.7207065
3390,3798,3.50651
3390,2720,1.700031
4096,858,4.4552026
4096,1136,4.220038
4096,110,4.1003723
4096,1258,3.9856157
4096,1,3.946028
4096,1923,3.8827908
4096,1079,3.7686126
4096,3654,3.680931
4096,2243,3.5504546
4096,3763,3.4371088
4096,1129,3.3802075
4096,2640,3.327357
4096,2116,3.076549
4096,2087,3.0518875
4096,783,3.0062513
4096,1379,2.79109
4096,1431,2.6168566
4096,2641,2.6081762
4096,653,2.4366326
4096,2616,2.3763232
4096,3439,1.3005214
5777,260,4.6485286
5777,1945,4.64543
5777,1219,4.58331
5777,903,4.5312624
5777,2028,4.4214816
5777,1196,4.3959274
5777,1230,4.3889017
5777,2366,3.8593588
5777,3499,3.8566744
5777,480,3.2184136
5777,2772,2.2566118
5777,1586,1.9817452
869,50,4.405018
869,1219,4.307448
869,2599,4.1372886
869,3504,4.0828714
869,900,4.0535936
869,1333,4.0476007
869,1527,4.016657
869,2908,3.9681594
869,2529,3.9592292
869,3675,3.9480362
869,2371,3.941883
869,380,3.9396143
869,441,3.9115396
869,11,3.864324
869,1639,3.8554518
869,3512,3.837875
869,2393,3.8193777
869,1029,3.7263336
869,1020,3.7209547
869,2657,3.7126226
869,2145,3.709026
869,3624,3.703776
869,1372,3.680234
869,2861,3.668739
869,1441,3.6661217
869,2645,3.6656613
869,1476,3.6535382
869,2567,3.6478727
869,339,3.62642
869,2003,3.6192312
869,1014,3.616807
869,2195,3.614634
869,1135,3.6139588
869,586,3.6093292
869,3489,3.604892
869,2826,3.6016762
869,2447,3.5899334
869,2297,3.549383
869,273,3.5212374
869,719,3.5044365
869,2327,3.489245
869,237,3.4793403
869,2142,3.4543347
869,2416,3.4535122
869,328,3.4177842
869,2279,3.371318
869,63,3.3658664
869,2253,3.337059
869,3113,3.2963886
869,1460,3.2647421
869,2107,3.2505054
869,818,3.2492504
869,239,3.2423568
869,2468,3.2065544
869,2367,3.1355247
869,3324,3.1154547
869,2558,3.0931578
869,1426,3.044965
869,1605,2.9728076
869,3754,2.9617386
869,840,2.8483956
869,1126,2.8054123
869,2719,2.71024
869,2385,2.6951802
869,466,2.663877
869,3439,2.586001
869,2092,2.5740252
869,2162,2.4467869
869,3942,2.4334807
869,3054,2.2989144
869,3665,2.2190943
869,1978,2.214684
869,2368,2.1288338
1235,1704,3.8283777
1235,802,3.3225002
1235,1721,2.9760497
1235,2269,2.9173176
3118,318,4.5623007
3118,1234,4.3416677
3118,969,4.3326173
3118,1197,4.3192363
3118,1217,4.290326
3118,1208,4.2749434
3118,3683,4.25119
3118,1304,4.2035017
3118,2300,4.177354
3118,1258,4.1192904
3118,1997,4.079302
3118,2944,4.047776
3118,2728,4.018661
3118,759,4.016032
3118,595,4.0005994
3118,1301,3.9992127
3118,2176,3.9585345
3118,1960,3.952528
3118,3836,3.9364257
3118,3451,3.9344804
3118,1277,3.93032
3118,2732,3.894209
3118,2949,3.8724115
3118,2662,3.8271317
3118,2080,3.8159912
3118,1921,3.8102424
3118,2355,3.7323616
3118,3101,3.6996188
3118,2115,3.6965258
3118,2349,3.6716008
3118,1527,3.6314077
3118,2661,3.6107023
3118,592,3.6053777
3118,917,3.5724914
3118,2987,3.5675025
3118,1587,3.489214
3118,3199,3.4288547
3118,2291,3.400793
3118,2527,3.3395438
3118,2376,3.285139
3118,1552,3.2433686
3118,1721,3.1932676
3118,2023,3.1772192
3118,1792,3.1726866
3118,1429,3.1420794
3118,329,3.0573416
3118,3732,2.8830824
3118,1544,2.8641305
3118,3316,2.655449
3118,606,1.755105
5787,1278,4.5483723
5787,969,4.5361776
5787,912,4.508098
5787,1260,4.4516115
5787,3030,4.437996
5787,909,4.393691
5787,947,4.340214
5787,2010,4.302658
5787,741,4.273176
5787,110,4.249231
5787,2973,4.230838
5787,2020,4.185663
5787,1291,4.15143
5787,3521,4.1312413
5787,247,4.104166
5787,364,4.0560436
5787,1265,4.0444145
5787,2791,4.0343375
5787,2797,3.9512572
5787,2081,3.9426816
5787,3604,3.8959105
5787,2138,3.8819785
5787,2951,3.8406649
5787,1081,3.838727
5787,2529,3.8252316
5787,3576,3.814578
5787,147,3.7934198
5787,1028,3.7790158
5787,3612,3.7678862
5787,2099,3.7026377
5787,3852,3.662084
5787,45,3.6577313
5787,3032,3.6108599
5787,588,3.6082187
5787,3685,3.5979524
5787,3549,3.5620165
5787,3706,3.487043
5787,2915,3.4294176
5787,2077,3.3408191
5787,266,3.3293138
5787,1129,3.3105671
5787,112,3.2633061
5787,2454,3.2521262
5787,1380,3.2451253
5787,3492,3.1912298
5787,1339,3.1672907
5787,1088,3.0722928
5787,3155,2.8814979
5787,3672,2.8145285
5787,327,2.7180114
5787,185,2.5771067
5787,208,2.2154455
5787,455,1.9094532
5099,2571,4.482477
5099,2001,4.147497
5099,1387,4.1077194
5099,2881,4.0300646
5099,2706,4.0255537
5099,1682,3.9756193
5099,180,3.951425
5099,3404,3.9139457
5099,2174,3.815842
5099,2011,3.7942061
5099,367,3.760582
5099,3254,3.7200487
5099,1983,3.6902928
5099,1639,3.644324
5099,2770,3.6087866
5099,1969,3.5718708
5099,2701,3.5170999
5099,235,3.2086549
3098,1193,4.14047
3098,3801,4.0480466
3098,2997,3.89469
3098,589,3.7651687
3098,3751,3.7117803
3098,94,3.6838636
3098,1216,3.521809
3098,1965,3.4467587
3098,145,3.2409308
3098,370,2.8270736
3098,3452,2.7929995
3098,2532,2.6101215
3098,3190,1.8125701
3824,2804,3.818786
3824,3198,3.6867719
3824,2067,3.6097565
3824,1210,3.5559888
3824,1249,3.5386949
3824,2359,3.5209744
3824,2467,3.5162544
3824,2970,3.4936905
3824,1231,3.4883971
3824,1952,3.4817357
3824,2971,3.4686615
3824,3359,3.4640512
3824,2819,3.4525166
3824,2268,3.4518425
3824,1222,3.432025
3824,1279,3.4166653
3824,2150,3.4084735
3824,1500,3.4028497
3824,2857,3.389297
3824,1288,3.3705072
3824,1259,3.370164
3824,1721,3.3525271
3824,3396,3.3490162
3824,1251,3.342222
3824,1161,3.3399138
3824,2073,3.3289971
3824,2347,3.3225484
3824,2108,3.3196325
3824,2852,3.3144324
3824,2366,3.3005536
3824,1393,3.294663
3824,1083,3.2814302
3824,1542,3.2774026
3824,3682,3.2682602
3824,2915,3.2437105
3824,1564,3.2149472
3824,1722,3.2101552
3824,1964,3.2082613
3824,3102,3.2065897
3824,329,3.1876957
3824,1129,3.1858268
3824,648,3.1784477
3824,3087,3.176273
3824,194,3.1713605
3824,2628,3.1554418
3824,1573,3.1522837
3824,2403,3.123558
3824,2912,3.1124363
3824,3240,3.1096137
3824,2287,3.0986214
3824,2178,3.0699887
3824,2096,3.0441465
3824,2420,3.0157886
3824,112,3.008707
3824,3371,2.9974737
3824,353,2.9931936
3824,1917,2.9883966
3824,367,2.9741433
3824,2151,2.9589386
3824,3107,2.9531908
3824,2232,2.9416506
3824,13,2.9144244
3824,3771,2.9093206
3824,3846,2.8818803
3824,2659,2.8369367
3824,2370,2.8244858
3824,2796,2.8155632
3824,2459,2.800417
3824,2146,2.7891958
3824,2241,2.7588007
3824,1894,2.7180912
3824,2095,2.7041056
3824,2014,2.7025247
3824,3491,2.7021182
3824,3459,2.6629748
3824,3308,2.6508217
3824,1779,2.5898325
3824,2402,2.568727
3824,2147,2.4771478
3824,2051,2.4003463
3824,2416,2.3757288
3824,432,2.2684643
3824,1606,2.0750346
3824,3692,1.997284
3824,3843,1.9757016
3824,2642,1.9059277
3824,2379,1.8282344
3824,3768,1.8044244
3824,3433,1.767082
3824,688,1.6833272
5039,3741,3.2106395
5039,2966,3.201519
5039,2983,3.0084429
5039,1617,2.972345
5039,1649,2.9284596
5039,1797,2.8744373
5039,593,2.861562
5039,1827,2.8415072
5039,866,2.787777
5039,1732,2.7763026
5039,3185,2.7346523
5039,2551,2.4009194
5039,3746,2.33242
5039,2023,2.2473254
5039,3129,2.200362
5039,3256,2.1746378
5039,3118,2.1029384
5039,482,2.0587313
5039,1370,1.9826258
5039,1909,1.9358401
5039,2996,1.933276
5039,2159,1.8178968
5039,3515,1.7780602
5039,3102,1.72611
5039,1459,1.5221341
5039,3717,1.4707791
5039,407,1.4264661
5039,3113,1.3883396
5039,2995,1.3666203
5039,76,1.3160572
5039,103,1.2804546
5039,3273,1.2741308
5039,782,1.1363311
5039,1752,1.1363311
1146,260,4.1649485
1146,2858,3.8217554
1146,293,3.7476287
1146,1089,3.6439013
1146,551,3.5315013
1146,2160,3.456088
1146,1215,3.3229094
1146,3256,3.3128238
1146,2763,3.3073146
1146,454,3.261432
1146,2278,3.2563558
1146,253,3.1960402
1146,377,3.1016908
1146,1130,3.04364
1146,1370,2.9963226
1146,3005,2.9893594
1146,1472,2.975362
1146,3450,2.9060116
1146,423,2.8779287
1146,3863,2.8638303
1146,89,2.8605762
1146,95,2.8493927
1146,2327,2.7768211
1146,132,2.7320328
1146,1422,2.7247577
1146,1327,2.6940758
1146,3557,2.6905015
1146,2505,2.68794
1146,3708,2.617792
1146,1438,2.5951529
1146,2004,2.5540102
1146,2367,2.5152793
1146,3696,2.512262
1146,3918,2.5051088
1146,2713,2.3277833
1146,1598,2.3253794
1146,1977,2.2572389
1146,2655,2.1595364
1146,3709,2.0296748
1146,2479,2.0091577
5324,1617,4.654296
5324,1358,4.496337
5324,1,4.461373
5324,589,4.2114344
5324,1610,4.0473146
5324,2231,4.035682
5324,3418,3.9994876
5324,1729,3.9325018
5324,1183,3.9003153
5324,482,3.837862
5324,3555,3.8004785
5324,2987,3.750289
5324,1459,3.7206585
5324,1339,3.5509872
5324,1049,3.3190422
5324,2694,2.9852085
556,909,3.7936401
556,1947,3.7680907
556,1210,3.7139947
556,3668,3.653385
556,2716,3.5753076
556,1580,3.5106444
556,3034,3.4732738
556,2005,3.4471934
556,2009,3.4238567
556,1031,3.321339
556,3259,3.2980504
556,1286,3.2865996
556,1380,3.1898494
556,2405,3.1178231
556,3638,3.0948024
556,586,3.0694678
556,2014,3.0358746
556,1460,2.6946917
556,158,2.614945
3965,912,4.5291405
3965,593,4.4683075
3965,1036,4.446791
3965,3062,4.375903
3965,2194,4.3373914
3965,3671,4.3287277
3965,1968,4.2695074
3965,1673,4.2519093
3965,2302,4.2489777
3965,587,4.1669283
3965,1732,4.1603994
3965,2395,4.1355863
3965,2890,4.0902863
3965,3005,4.056977
3965,454,4.016824
3965,785,3.9908733
3965,350,3.9438515
3965,780,3.9276223
3965,1479,3.8760824
3965,1792,3.8748488
3965,458,3.835002
3965,2427,3.8307807
3965,2587,3.8072922
3965,3301,3.6735573
3965,1833,3.6157205
3965,2598,3.5975223
3965,3146,3.467585
3965,3773,3.4327645
3965,516,3.4184043
3965,880,2.91371
4509,858,4.45499
4509,111,4.189658
4509,1950,4.1524606
4509,1222,4.091779
4509,1294,4.0889072
4509,150,4.057751
4509,1080,4.0436525
4509,3498,4.04326
4509,3421,4.0333843
4509,1210,3.988882
4509,1394,3.9676442
4509,2871,3.9564204
4509,2391,3.9081545
4509,1732,3.8797343
4509,3104,3.8323622
4509,2268,3.8312685
4509,2144,3.7591
4509,3476,3.5941477
4509,733,3.5836728
4509,353,3.5419068
4509,1753,3.5063257
4509,3176,3.4351816
5250,2571,4.418124
5250,111,4.249052
5250,590,4.1804442
5250,1041,4.145652
5250,3006,4.139244
5250,364,4.133018
5250,32,4.1117506
5250,2890,4.066993
5250,1704,4.0446234
5250,380,3.9901857
5250,3471,3.9894133
5250,968,3.9813933
5250,3252,3.9554312
5250,1693,3.9155889
5250,1179,3.9108005
5250,14,3.902206
5250,1120,3.8988414
5250,272,3.888985
5250,2112,3.857351
5250,802,3.7971075
5250,3594,3.7464294
5250,85,3.746285
5250,1347,3.70576
5250,1088,3.6966584
5250,1620,3.667813
5250,1805,3.663077
5250,2885,3.6001549
5250,1676,3.568718
5250,3565,3.536519
5250,788,3.416674
5250,1711,3.3810086
5250,2888,3.3733642
5250,1894,3.3430374
5250,3264,3.297362
5250,1750,3.1325352
5250,1702,2.9949245
5250,528,2.975285
5250,1456,2.845921
5250,1644,2.6427975
5250,891,2.6159043
5250,3661,2.5568526
5250,2515,2.3026757
5250,3573,2.2993052
5250,2974,2.238518
1072,908,4.4052887
1072,2858,4.2933054
1072,296,4.2790537
1072,1293,4.1675963
1072,1266,4.1371717
1072,1704,4.128297
1072,2599,3.971747
1072,3072,3.9153793
1072,3408,3.913866
1072,2160,3.878315
1072,3379,3.8577883
1072,2770,3.5445738
5077,260,4.3553114
5077,922,4.2876797
5077,1248,4.2141027
5077,1219,4.2032857
5077,1247,4.132829
5077,593,4.072487
5077,1172,4.02034
5077,1089,4.0169153
5077,2336,3.9748545
5077,1348,3.9533372
5077,1086,3.930256
5077,1251,3.9149404
5077,2511,3.8452322
5077,3347,3.8431456
5077,714,3.787935
5077,497,3.7517395
5077,2791,3.7361705
5077,1357,3.7281058
5077,1982,3.7208447
5077,3733,3.6384907
5077,3330,3.6219263
5077,3203,3.5989726
5077,1912,3.570597
5077,3476,3.4746048
5077,2633,3.4664783
5077,3167,3.4288344
5077,2770,3.3871367
5077,2712,3.365601
5077,3072,3.2535257
5077,1094,3.2414823
5077,3699,3.20243
5077,2606,2.9502938
5077,2120,2.7029514
5077,2328,2.6644602
5077,3588,2.6039956
1266,1237,4.3855586
1266,2858,4.304171
1266,1228,4.290189
1266,1944,4.2569246
1266,1245,4.130361
1266,162,4.114057
1266,2599,4.1085415
1266,778,4.082041
1266,1784,4.032634
1266,595,4.0191455
1266,2580,3.9742115
1266,3751,3.9584327
1266,2797,3.9246254
1266,3072,3.896161
1266,337,3.890322
1266,1962,3.8867545
1266,1748,3.8726594
1266,190,3.8478878
1266,2391,3.8393166
1266,261,3.8102806
1266,1584,3.8018126
1266,3852,3.7911072
1266,647,3.7849803
1266,2390,3.7779086
1266,3052,3.7759004
1266,3203,3.770979
1266,3598,3.7625835
1266,2087,3.7462265
1266,3255,3.7057652
1266,3081,3.7034526
1266,2005,3.6809542
1266,1875,3.6497078
1266,1758,3.6413486
1266,3608,3.6397488
1266,3831,3.5568824
1266,1351,3.5524416
1266,2424,3.5477724
1266,1648,3.5237896
1266,3719,3.5223522
1266,2048,3.5082068
1266,648,3.5015845
1266,339,3.4969015
1266,2628,3.3635654
1266,2573,3.223064
1266,1399,2.9359646
1266,1015,2.8998754
1266,3254,2.7726464
1266,60,2.748804
1266,2378,2.5236292
1266,1894,2.4808714
1266,3489,2.4792442
1266,3528,2.38627
1266,1388,2.37214
1266,1983,2.3625972
1266,3909,2.1685996
1266,3946,2.121133
1266,420,1.7223082
1266,577,1.6354829
1266,3889,1.6087563
1266,435,1.5174222
1266,2534,1.5148635
1266,3908,1.5141966
1266,3895,1.4602597
1266,2754,1.2373494
1266,631,1.2137775
1266,888,1.2124646
1266,3891,1.2091229
1266,181,1.0820248
2627,750,4.068992
2627,593,3.948459
2627,903,3.930262
2627,1172,3.9172297
2627,3730,3.8909228
2627,1617,3.849338
2627,1358,3.8487227
2627,1719,3.7721362
2627,446,3.7451668
2627,3481,3.70475
2627,1089,3.6919942
2627,1674,3.6508436
2627,3317,3.6427703
2627,1060,3.6294076
2627,1834,3.6221743
2627,2761,3.607963
2627,1035,3.598593
2627,1394,3.5770123
2627,1103,3.5746517
2627,2194,3.558438
2627,2997,3.5465229
2627,3728,3.53961
2627,1500,3.5311494
2627,1270,3.5277047
2627,778,3.5134518
2627,319,3.510157
2627,2248,3.5087113
2627,2391,3.475319
2627,1215,3.474644
2627,594,3.4587235
2627,1649,3.400706
2627,1673,3.3984761
2627,3788,3.3531919
2627,2664,3.3468232
2627,1407,3.328106
2627,2529,3.3102708
2627,3302,3.3073893
2627,2750,3.2246888
2627,2065,3.2052784
2627,3948,3.1579232
2627,3539,3.153345
2627,1729,3.1362283
2627,2852,3.1305609
2627,3598,3.1283958
2627,3928,3.104073
2627,3176,3.0725024
2627,2916,3.061668
2627,1587,3.0232172
2627,268,2.9981809
2627,2926,2.9876027
2627,2003,2.9617827
2627,2100,2.9429512
2627,1711,2.9305096
2627,2134,2.918026
2627,2097,2.9032629
2627,2710,2.752513
2627,2247,2.7501457
2627,2802,2.7151546
2627,1904,2.6835637
2627,2792,2.640545
2627,3896,2.6372783
2627,2402,2.4529274
2627,2421,2.1200967
2627,3553,2.0716574
2627,2008,2.0073814
5496,34,3.906999
5496,36,3.7966104
5496,357,3.6608996
5496,2572,3.5096848
5496,2428,3.2826338
5496,429,3.2742229
5496,2699,3.2200012
5496,2712,2.7707655
2880,2019,4.4155874
2880,260,4.3251996
2880,750,4.2812815
2880,1208,4.214102
2880,913,4.2040205
2880,1217,4.1594377
2880,1197,4.1543493
2880,3683,4.112591
2880,111,4.0741425
2880,2692,4.027219
2880,3504,3.9296317
2880,3742,3.913918
2880,2918,3.8288517
2880,3421,3.8113945
2880,32,3.7957807
2880,2716,3.7270923
2880,3408,3.7158496
2880,3396,3.6708484
2880,2108,3.580977
2880,2700,3.5338125
2880,3868,3.5098157
2880,3578,3.4814146
2880,3108,3.4086478
2880,2065,3.3932314
2880,3703,3.379911
2880,1396,3.3676372
2880,3549,3.3673775
2880,2987,3.3531756
2880,2282,3.2738886
2880,3608,3.0432816
2880,112,2.9030368
2880,2005,2.8865232
2880,733,2.8287911
2880,2712,2.7675123
2880,3698,2.637336
2880,1377,2.2604117
2880,327,1.7407919
2880,3754,1.6102726
3263,1250,4.352651
3263,2067,4.109085
3263,1240,4.1086864
3263,1387,4.0580797
3263,3366,3.9140189
3263,1610,3.882125
3263,1101,3.8128102
3263,3405,3.797274
3263,3653,3.767942
3263,1356,3.7156265
3263,151,3.6147006
3263,329,3.5892532
3263,3441,3.5605562
3263,1334,3.4608111
53,858,5.240029
53,2858,5.179943
53,1212,5.1637516
53,3095,4.934721
53,1296,4.933119
53,232,4.9309444
53,1211,4.8994937
53,914,4.8522224
53,1961,4.8404565
53,1270,4.8233423
53,1046,4.8191094
53,1274,4.810153
53,1222,4.786936
53,17,4.7831054
53,3342,4.7705536
53,364,4.7673993
53,247,4.7634463
53,581,4.7451215
53,3471,4.7277
53,1103,4.713641
53,920,4.710972
53,3175,4.7077885
53,281,4.696419
53,3246,4.694707
53,3252,4.6828504
53,2919,4.675646
53,1580,4.67418
53,1374,4.6606846
53,3527,4.6199207
53,588,4.61858
53,1035,4.617735
53,1967,4.617306
53,309,4.605333
53,2366,4.5935874
53,302,4.564588
53,1019,4.558239
53,3685,4.55556
53,3751,4.537755
53,3153,4.515089
53,1013,4.5002947
53,1365,4.496413
53,3255,4.4730406
53,165,4.4351797
53,353,4.4028463
53,494,4.397808
53,2346,4.3935604
53,2987,4.3925247
53,2114,4.370343
53,316,4.341365
53,377,4.338822
53,2291,4.336028
53,2012,4.3293085
53,2394,4.324448
53,2161,4.306278
53,1660,4.2817707
53,482,4.2646494
53,1290,4.239732
53,3174,4.2378674
53,2641,4.222558
53,2311,4.1851487
53,2363,4.1457453
53,2712,4.14038
53,2802,4.1371512
53,1689,4.120114
53,1030,4.100081
53,587,4.0493364
53,1686,4.045027
53,3045,3.9158506
53,2316,3.6524596
53,3326,3.586523
53,1991,3.460215
53,196,3.4005969
53,2642,3.2631412
53,1037,3.240756
53,2450,3.233858
53,2091,3.1858354
53,1779,3.120994
53,2315,3.0569382
53,2162,3.032595
53,1861,2.9085572
53,1522,2.875945
53,2322,2.8605592
53,849,2.8189373
53,611,2.801763
53,126,2.700572
53,1760,2.1491334
5890,318,4.650253
5890,858,4.6099496
5890,1256,4.4709578
5890,3360,4.3887777
5890,1230,4.3266797
5890,3088,4.2364693
5890,457,4.224952
5890,1944,4.1861534
5890,1961,4.183638
5890,1997,4.150334
5890,2020,4.1046715
5890,1231,4.079055
5890,1962,4.038054
5890,1028,3.9943275
5890,3507,3.9891021
5890,3068,3.9836388
5890,1035,3.9553843
5890,534,3.9484355
5890,2065,3.8316326
5890,1912,3.8213723
5890,322,3.7953596
5890,2022,3.657326
5890,1393,3.612074
5890,3087,3.5922244
5890,3128,3.4579976
5890,2916,3.4287605
5890,3298,3.376651
5890,2730,3.3534503
5890,517,3.322234
5890,2470,3.2360973
5890,2469,3.1397147
5890,1924,3.0649567
5890,3269,2.6865845
2235,293,4.251641
2235,2071,4.1447034
2235,3255,4.089657
2235,141,4.023973
2235,2890,3.9315999
2235,543,3.9130132
2235,5,3.821919
2235,2249,3.8177729
2235,1895,3.8096642
2235,3614,3.8027132
2235,2539,3.7968519
2235,2335,3.7968097
2235,2124,3.7571952
2235,2683,3.7512655
2235,1884,3.7136393
2235,785,3.6698048
2235,19,3.5632632
2235,2953,3.5497472
2235,2036,3.5256636
2235,2886,3.5022154
2235,435,3.4740615
2235,2152,3.3655102
5931,1204,4.2177515
5931,2028,4.1077795
5931,1210,3.7698479
5931,2791,3.751621
5931,2872,3.5077298
5931,2174,3.1254663
5931,1093,3.0725236
5981,858,4.529235
5981,1283,4.228643
5981,951,4.1936994
5981,1178,4.184948
5981,2208,4.1820955
5981,1304,4.151497
5981,111,4.1162825
5981,1253,4.085523
5981,3365,4.0630918
5981,1256,4.0590777
5981,3334,4.0328975
5981,3508,3.9728982
5981,2732,3.9634194
5981,1954,3.8731458
5981,1078,3.8196435
5981,1913,3.7785008
5981,2068,3.7042487
5981,1345,3.51717
5981,1959,3.4098926
5981,2640,3.278275
5981,680,3.0882154
5981,596,2.9840298
5981,3157,2.3516412
5981,2405,2.0509183
5224,2987,3.5322087
5224,2013,3.2673492
5621,858,4.3450804
5621,296,4.307208
5621,2571,4.1255484
5621,2959,3.9907293
5621,1089,3.9808488
5621,232,3.9794893
5621,1704,3.9571729
5621,3897,3.9354582
5621,2788,3.9206102
5621,1997,3.858929
5621,1079,3.8579032
5621,1099,3.8522577
5621,1333,3.840612
5621,1931,3.833359
5621,2467,3.8207357
5621,3471,3.7945538
5621,2076,3.7250717
5621,223,3.653126
5621,1921,3.6220822
5621,2529,3.5854516
5621,538,3.5470285
5621,2268,3.4668462
5621,2174,3.321189
5621,2000,3.2036617
5621,2463,3.1821337
5621,2301,3.177979
5621,3052,3.0841486
5621,1511,2.9530694
5621,2085,2.9440026
5621,2114,2.8969247
5621,2193,2.853512
5621,1350,2.8323815
5621,1777,2.8186116
5621,3649,2.7826815
5621,3087,2.7501853
5621,329,2.7191885
5621,1645,2.5352788
5621,180,2.525509
5621,3253,2.5078185
5621,454,2.4860492
5621,1792,2.4333427
5621,2120,2.2184289
5621,673,2.1303086
5621,413,1.6481104
5621,3391,1.547584
2941,745,4.377135
2941,260,4.344984
2941,908,4.3411956
2941,913,4.2991314
2941,1262,4.2465067
2941,1224,4.1751833
2941,899,4.1744976
2941,1199,4.089303
2941,1211,4.075276
2941,2692,4.0504074
2941,1214,3.9582198
2941,17,3.8694332
2941,1834,3.8332994
2941,1274,3.8292775
2941,1210,3.8085072
2941,588,3.7723618
2941,549,3.7663581
2941,2922,3.7499847
2941,3175,3.673019
2941,1032,3.6175072
2941,2171,3.611288
2941,3034,3.59903
2941,539,3.4821362
2941,2687,3.4185197
2941,2987,3.4171395
2941,3703,3.406273
2941,2278,3.4050257
2941,1345,3.3155627
2941,2527,3.3076982
2941,3070,3.2127547
2941,1031,3.1749673
2941,377,3.166656
2941,2393,3.1407623
2941,7,2.9865193
2941,2641,2.93488
2941,1007,2.9316428
6035,527,4.218458
6035,1358,3.932141
6035,2686,3.726675
6035,1682,3.6715941
6035,3246,3.477516
6035,3255,3.3090467
6035,1747,3.243568
6035,1580,2.9965243
6035,224,2.9931903
6035,329,2.917593
6035,372,2.8824973
6035,2455,2.8658493
6035,1777,2.8238204
6035,231,2.707151
6035,2046,2.5541868
6035,605,2.535465
6035,1020,2.4501648
6035,2387,2.3228042
6035,2059,2.307315
6035,1391,2.197454
6035,1689,2.181032
6035,1586,1.9056697
6035,1806,1.8931142
6035,3208,1.8205001
6035,2335,1.800123
6035,1431,1.7073803
6035,1831,1.669143
6035,512,1.5941712
6035,2408,1.5725002
6035,2456,1.5133481
6035,2296,1.4080817
6035,1707,1.278089
6035,1494,1.2596353
6035,185,1.2310369
6035,1855,1.2214831
6035,2720,1.2081841
2232,260,4.749737
2232,527,4.713641
2232,2947,4.5071335
2232,3147,4.4835424
2232,3481,4.449011
2232,1387,4.4373026
2232,1206,4.4318466
2232,555,4.4221673
2232,2336,4.417961
2232,3911,4.403966
2232,36,4.3806744
2232,924,4.3677416
2232,535,4.327652
2232,2080,4.2961974
2232,265,4.2819996
2232,1035,4.2556014
2232,2949,4.242796
2232,2968,4.240111
2232,938,4.1681376
2232,272,4.1351314
2232,2763,4.126293
2232,10,4.1050177
2232,1747,4.035715
2232,2394,4.0332766
2232,198,4.0285916
2232,448,4.0168653
2232,2407,3.9987106
2232,780,3.9639742
2232,1372,3.9535992
2232,3566,3.9371657
2232,3107,3.921508
2232,1589,3.8972685
2232,2427,3.831044
2232,1566,3.7937288
2232,3535,3.7624068
2232,2105,3.7179966
2232,24,3.5391712
2232,196,3.4599793
2232,3177,3.448545
2232,731,3.1768215
3718,3022,3.9858422
3718,1230,3.9624324
3718,2858,3.9366195
3718,953,3.9355369
3718,1945,3.9307451
3718,608,3.8630147
3718,1237,3.8327591
3718,1211,3.831781
3718,1247,3.8048282
3718,2132,3.7956314
3718,919,3.7630577
3718,1228,3.7629828
3718,1207,3.7221048
3718,1041,3.7124557
3718,1249,3.710084
3718,916,3.680593
3718,2959,3.6485772
3718,1263,3.6434011
3718,1214,3.6401303
3718,1066,3.5989757
3718,1238,3.5972514
3718,2908,3.5123024
3718,3868,3.5116506
3718,2282,3.5027347
3718,3093,3.4852521
3718,1028,3.470963
3718,25,3.3536959
3718,952,3.3111105
3718,3418,3.2592645
3718,2600,2.988059
5820,1193,3.9154792
5820,2716,3.565703
5820,2396,3.5532384
5820,1079,2.947299
2202,1203,4.2360106
2202,1873,3.7184367
2202,258,1.7200421
2202,3299,1.6036161
5367,1252,4.185914
5367,1104,4.138609
5367,1262,4.1338873
5367,2324,4.132764
5367,1224,4.109709
5367,1213,4.1033173
5367,1197,4.0862856
5367,3435,4.0228624
5367,1218,4.013818
5367,1199,3.9639893
5367,1041,3.932575
5367,3095,3.9099984
5367,2997,3.8941662
5367,3265,3.8760204
5367,1080,3.874349
5367,1266,3.8630471
5367,3363,3.832841
5367,1079,3.8012877
5367,2318,3.7867913
5367,2395,3.7583032
5367,1294,3.7404962
5367,714,3.6964107
5367,2599,3.6920772
5367,838,3.6858056
5367,1246,3.6594195
5367,1274,3.6296973
5367,3007,3.6206121
5367,6,3.614493
5367,1748,3.5896568
5367,2268,3.5496953
5367,474,3.4813764
5367,3071,3.4638333
5367,589,3.4588816
5367,25,3.4301088
5367,1610,3.430018
5367,150,3.4190545
5367,2993,3.3743844
5367,2580,3.343646
5367,1693,3.3391342
5367,431,3.2793195
5367,3174,3.2655082
5367,2987,3.2191648
5367,1298,3.1928444
5367,3153,3.1718493
5367,1729,3.1674592
5367,3213,3.0750525
5367,2278,3.0688374
5367,3261,3.0563717
5367,508,3.0470123
5367,3947,3.0048168
5367,1587,2.9895685
5367,3535,2.9623456
5367,2915,2.944811
5367,380,2.9301758
5367,3398,2.8804512
5367,1527,2.8673673
5367,2414,2.797707
5367,1347,2.7871125
5367,1290,2.7633877
5367,3040,2.7344718
5367,231,2.6395903
5367,3755,2.5931017
5367,1608,2.561254
5367,1372,2.5252273
5367,1405,2.516739
5367,3107,2.4902453
5367,1485,2.4327455
5367,3773,2.4305222
5367,805,2.4257288
5367,372,2.375506
5367,1015,2.3601327
5367,344,2.3504078
5367,1191,2.347446
5367,491,2.3439598
5367,2094,2.3358881
5367,3869,2.1998987
5367,145,2.1758666
5367,1049,2.1631517
5367,2717,2.1250868
5367,3707,2.0931091
5367,2106,2.0849385
5367,466,2.0306585
5367,2752,2.012001
5367,8,1.957721
5367,504,1.954029
5367,2942,1.9349724
5367,3254,1.9197047
5367,305,1.9161433
5367,1385,1.9147255
5367,3355,1.851284
5367,2796,1.7838843
5367,3717,1.7768852
5367,511,1.7653532
5367,2468,1.741849
5367,370,1.7080362
5367,2399,1.6986185
5367,2451,1.583304
5367,420,1.5596167
5367,2253,1.5307982
5367,267,1.5174646
5367,2042,1.4916177
5367,762,1.4517658
5367,3243,1.4190304
5367,432,1.4096953
5367,1985,1.3470918
5367,1604,1.3320946
5367,2815,1.3109537
5367,436,1.3012365
5367,2950,1.2859986
5367,2265,1.2792382
5367,502,1.2052234
5367,1445,1.1556108
5367,1626,1.1390005
5367,737,1.1354262
5367,2449,1.1299863
5367,1681,1.1111822
5367,181,1.0874083
5367,2555,1.0544701
5367,1981,1.0439954
2127,2028,3.9857965
2127,593,3.9553032
2127,919,3.9427545
2127,908,3.904683
2127,1023,3.7122748
2127,1097,3.615214
2127,3408,3.4584475
2127,165,3.365683
2127,2599,3.3499012
2127,2470,3.3372123
2127,2572,3.3101673
2127,1732,3.287375
2127,252,3.122845
2127,2485,3.0580487
2127,2447,2.8205884
2127,2806,2.7783725
2127,2719,2.7236598
2127,432,2.7079914
2127,520,2.705298
2127,784,2.650825
2084,260,4.502473
2084,899,4.3697815
2084,1217,4.369314
2084,1250,4.355382
2084,111,4.2435894
2084,2329,4.22044
2084,1206,4.078458
2084,1721,4.0377393
2084,475,4.0185757
2084,920,4.0108123
2084,480,3.906063
2084,1095,3.8152661
2084,1500,3.812698
2084,1672,3.7990584
2084,45,3.631033
2084,377,3.4495778
5042,1148,4.22153
5042,1247,4.043708
5042,919,3.9967613
5042,2324,3.9797907
5042,1537,3.9100618
5042,1222,3.9083784
5042,3088,3.906113
5042,3471,3.9026375
5042,1269,3.900054
5042,2313,3.8850536
5042,1073,3.8546214
5042,3019,3.842731
5042,32,3.8224044
5042,2739,3.7882028
5042,3210,3.7657528
5042,1419,3.7532158
5042,920,3.7377777
5042,1357,3.7116957
5042,1188,3.670406
5042,1012,3.6575992
5042,2355,3.6574545
5042,357,3.6283991
5042,846,3.5676212
5042,3046,3.5351315
5042,2348,3.4791443
5042,2926,3.4098563
5042,592,3.4010797
5042,1290,3.396498
5042,1393,3.288453
5042,3263,3.112926
5042,3791,2.9775224
5042,317,2.951643
5042,724,2.908183
5042,435,2.7493327
5042,2699,2.7343564
5042,166,2.5239618
5042,153,2.4139063
5042,444,2.1007779
839,2019,4.9303675
839,2028,4.741167
839,2804,4.7372
839,1225,4.6424994
839,1293,4.6395826
839,3114,4.6383543
839,111,4.628709
839,1953,4.6286736
839,1231,4.6066895
839,3007,4.4628477
839,778,4.4582186
839,1960,4.4400544
839,2020,4.4081683
839,2739,4.4040236
839,1307,4.3935227
839,3095,4.391553
839,3168,4.3877444
839,2761,4.373293
839,1028,4.3419333
839,1357,4.33543
839,1635,4.3323975
839,1090,4.3165236
839,3362,4.3037434
839,1266,4.301826
839,589,4.258565
839,1302,4.2497053
839,3578,4.217005
839,1466,4.1960726
839,125,4.16714
839,2857,4.157069
839,3703,4.15434
839,2810,4.131709
839,3952,4.1213956
839,233,4.0963917
839,1633,4.095771
839,3499,4.0905247
839,508,4.0762153
839,3476,4.073531
839,3169,4.0418534
839,1747,4.031046
839,3260,4.005784
839,1393,3.9753702
839,1611,3.9010067
839,2344,3.874546
839,1840,3.870062
839,524,3.8372672
839,2628,3.70514
839,353,3.7046366
839,3809,3.703414
839,3427,3.6545444
839,1835,3.6324594
839,3684,3.5951524
839,610,3.58841
839,104,3.5747511
839,10,3.5725613
839,2423,3.4809241
839,1544,3.41964
839,1587,3.4169352
839,2145,3.3283114
839,3834,3.3199377
839,1049,3.3138669
839,3755,3.2744243
839,2723,3.247725
839,3638,3.1837234
839,1805,3.15301
839,1801,3.0998492
839,1037,3.0888562
839,2722,2.9804578
839,2468,2.7539907
839,1562,2.3512769
1399,1262,4.4456067
1399,260,4.437726
1399,593,4.3735695
1399,1197,4.334564
1399,903,4.291133
1399,1036,4.220488
1399,1258,4.1958857
1399,1358,4.1928678
1399,1089,4.1455874
1399,1199,4.100669
1399,2501,4.1000595
1399,3510,4.090542
1399,3471,4.045571
1399,32,4.0281467
1399,2599,4.0268965
1399,1625,4.013957
1399,733,3.9362285
1399,1580,3.882355
1399,3328,3.8797076
1399,2916,3.8201737
1399,2700,3.8020058
1399,1639,3.7894733
1399,2058,3.7022796
1399,3275,3.6955605
1399,1527,3.672681
1399,2174,3.647204
1399,3527,3.6428819
1399,1620,3.5770228
1399,3827,3.5533144
1399,3896,3.4642985
1399,3744,3.4078164
1399,1205,3.4028075
1399,1352,3.37171
1399,328,3.282792
1399,3686,3.0692563
1399,2322,3.061222
1399,2600,2.9476397
1399,1320,2.8891048
1399,196,2.775278
1399,3889,2.4413502
1399,416,2.2985284
1399,2338,2.0267851
4144,1136,3.9749258
4144,1214,3.7316957
4144,1953,3.6597922
4144,1230,3.6557024
4144,3366,3.5855231
4144,589,3.5322325
4144,3361,3.4319365
4144,2020,3.3485699
4144,1356,3.235878
4144,1527,3.007917
4144,2009,3.007469
4144,2174,2.9873857
4144,2427,2.8949413
4454,2571,4.105513
4454,1089,3.9548879
4454,589,3.7212286
4454,1748,3.5601735
4454,2594,3.5375736
4454,1396,3.4774945
4454,1653,3.423887
4454,3753,2.79556
4454,3755,2.7130105
4454,70,2.4550104
4454,2387,2.1288435
4454,1686,1.9624127
4454,2002,1.9144166
4454,2428,1.8940508
4454,1676,1.8397741
4951,2019,4.402739
4951,908,4.2993026
4951,1211,4.034239
4951,1111,4.000521
4951,2973,3.9738288
4951,2797,3.905761
4951,2791,3.8881304
4951,2248,3.8830748
4951,1946,3.869421
4951,589,3.859244
4951,2664,3.7858696
4951,1673,3.7778192
4951,1220,3.7421489
4951,1948,3.7082953
4951,247,3.7027805
4951,3405,3.6682785
4951,3703,3.625143
4951,162,3.624598
4951,262,3.6223512
4951,3361,3.5337532
4951,2144,3.52599
4951,206,3.4890196
4951,2407,3.4128776
4951,1554,3.403062
4951,3194,3.3236153
4951,3298,3.3003492
4951,3745,3.2917929
4951,3685,3.2832842
4951,1907,3.1901424
4951,3127,3.128327
4951,24,2.6659436
4285,260,4.466041
4285,1210,4.3182797
4285,539,4.2894096
4285,1201,4.2861633
4285,1226,4.283167
4285,2918,4.265444
4285,2804,4.2554436
4285,733,4.159276
4285,497,4.142723
4285,364,4.051438
4285,1220,4.0482516
4285,1527,4.0110483
4285,2000,4.0103855
4285,2506,3.9622684
4285,2406,3.941062
4285,3487,3.8841603
4285,1088,3.8770864
4285,21,3.8719141
4285,3702,3.8562055
4285,329,3.830978
4285,2335,3.8287337
4285,2860,3.8023636
4285,39,3.8017726
4285,3156,3.7582967
4285,3301,3.7566607
4285,2520,3.7233655
4285,494,3.7140257
4285,785,3.7072513
4285,830,3.7061396
4285,1894,3.7003076
4285,2735,3.6962268
4285,2582,3.6913064
4285,2485,3.6904335
4285,1373,3.6799004
4285,420,3.6797543
4285,1010,3.6690712
4285,1920,3.6475623
4285,1888,3.6449132
4285,3157,3.641426
4285,3715,3.6323657
4285,2052,3.608183
4285,3385,3.6070085
4285,1887,3.6043162
4285,1550,3.5944948
4285,2524,3.5847845
4285,2530,3.5536137
4285,355,3.5081682
4285,2450,3.5061808
4285,762,3.4748335
4285,435,3.4740167
4285,1391,3.4226959
4285,810,3.0692358
1403,1214,4.038518
1403,589,3.9783092
1403,2105,3.572022
1403,653,3.5603387
1403,2100,3.5489151
1403,671,3.5199068
1403,3701,3.2828097
4386,1207,4.6715345
4386,904,4.656475
4386,750,4.58372
4386,2324,4.5424037
4386,953,4.505809
4386,2396,4.4681063
4386,1196,4.4337854
4386,2804,4.3877335
4386,1288,4.356891
4386,1242,4.3273425
4386,2973,4.3175683
4386,1961,4.3002853
4386,3359,4.2934847
4386,3814,4.269118
4386,3000,4.2502384
4386,1263,4.2448316
4386,1080,4.2219195
4386,1199,4.2062044
4386,778,4.200353
4386,2924,4.170966
4386,1954,4.167808
4386,3067,4.1450024
4386,2467,4.13165
4386,2302,4.1110373
4386,3007,4.106562
4386,1302,4.105343
4386,1259,4.097601
4386,866,4.0967546
4386,364,4.0944757
4386,1271,4.0829906
4386,924,4.07777
4386,2599,4.068227
4386,1517,4.067279
4386,162,4.0662847
4386,3408,4.061204
4386,539,4.035935
4386,265,4.0332985
4386,32,4.031327
4386,3071,4.0304413
4386,1393,4.025627
4386,380,4.0031676
4386,2401,3.9879937
4386,2890,3.9831913
4386,3074,3.9777675
4386,3932,3.9766183
4386,509,3.9708009
4386,1035,3.952602
4386,11,3.9466507
4386,30,3.9428995
4386,2872,3.935021
4386,3793,3.890325
4386,10,3.8446825
4386,3010,3.8268905
4386,3624,3.824838
4386,1958,3.8237894
4386,2353,3.821793
4386,1013,3.8043005
4386,610,3.8024082
4386,2065,3.7948084
4386,2001,3.7783377
4386,2518,3.7743175
4386,2455,3.7525387
4386,2928,3.7333794
4386,1027,3.6756022
4386,3478,3.663943
4386,3753,3.6479626
4386,2294,3.612806
4386,2551,3.6059675
4386,2311,3.59267
4386,2143,3.5800385
4386,2470,3.5797372
4386,3510,3.5697699
4386,3444,3.525588
4386,3614,3.5055308
4386,3300,3.5044074
4386,3638,3.4847882
4386,1676,3.385892
4386,288,3.376073
4386,2369,3.3759494
4386,442,3.3201234
4386,2263,3.3083296
4386,3791,3.3054862
4386,177,3.2342443
4386,366,3.1143577
4386,3082,3.099801
4386,435,3.0465612
4386,784,2.9737175
4386,2699,2.9532957
4386,485,2.947125
4386,3355,2.892736
4386,2107,2.824456
4386,2372,2.799597
4386,1552,2.64529
4386,153,2.5180967
4386,3248,2.3471546
4386,173,2.2866461
4386,2315,2.255078
4386,2456,2.08535
4386,1996,1.9829775
989,945,4.772999
989,3341,4.6252065
989,2863,4.4092517
989,1035,4.265638
989,2583,4.2247396
1688,745,4.514758
1688,720,4.436203
1688,1256,4.1791263
1688,914,4.157442
1688,741,4.11273
1688,2761,4.087276
1688,1,4.0773597
1688,1214,4.0736475
1688,1275,3.8900638
1688,3793,3.8788295
1688,2987,3.7316835
1688,2628,3.6448169
1688,3112,3.5808861
1688,2280,3.5792623
1688,2678,3.5409067
1688,2541,3.5389676
1688,708,3.5308049
1688,3185,3.521279
1688,2962,3.4490793
1688,2709,3.2989638
1688,2617,3.297185
1688,2995,2.6077712
1688,3945,1.327764
5422,2324,4.4616194
5422,1288,4.2942705
5422,942,4.2222853
5422,3363,3.9813476
5422,3543,3.9676688
5422,1517,3.96658
5422,946,3.9570675
5422,357,3.88989
5422,21,3.876268
5422,3101,3.8693573
5422,2301,3.7751865
5422,2282,3.7291632
5422,2335,3.6416864
5422,2145,3.6355681
5422,224,3.5996387
5422,2100,3.5952516
5422,1711,3.5864105
5422,586,3.5841
5422,1409,3.4157138
5422,2375,3.154698
5422,153,2.4350882
2959,1196,4.5705395
2959,1288,4.328399
2959,2761,4.289181
2959,3037,4.2563624
2959,364,4.1205215
2959,2160,4.1051917
2959,2580,4.0675173
2959,2716,4.0660686
2959,3420,3.9718523
2959,2707,3.830701
2959,2490,3.722446
2959,2746,3.6095912
3520,1136,4.4161286
3520,3683,4.329481
3520,1258,4.228704
3520,2300,4.222051
3520,1281,4.195216
3520,2132,4.1940784
3520,3481,4.1474133
3520,1246,4.108831
3520,1220,4.0197067
3520,2599,4.0196505
3520,2020,3.9820144
3520,1734,3.9617057
3520,1957,3.9483347
3520,1095,3.9387467
3520,3424,3.927438
3520,1968,3.9050045
3520,3916,3.8926258
3520,3521,3.8602269
3520,357,3.84255
3520,1392,3.7822537
3520,1295,3.7750206
3520,3108,3.707402
3520,482,3.699651
3520,2987,3.6545033
3520,1916,3.6399693
3520,52,3.6374135
3520,2145,3.471496
3520,3863,3.456324
3520,377,3.3648787
3520,3865,3.2533588
3520,3786,3.144938
3520,3752,3.0901332
3520,3825,2.8779304
3520,3830,2.6738298
3520,3326,2.6221488
3520,3225,2.354725
3520,3908,1.9879405
3251,1077,4.358216
3251,3148,4.352891
3251,3622,4.154607
1300,3897,4.742577
1300,968,4.2535133
1300,3175,4.2296495
1300,2700,4.207069
1300,1513,3.8110564
1300,724,3.7680435
1300,1320,3.5936637
1300,2771,3.524494
1300,2492,3.4453855
1300,3316,3.2003946
1300,196,3.116012
1300,2806,2.983495
1300,1991,2.9464884
1300,3826,2.9208274
1300,2107,2.8440504
1300,3190,1.9729573
1300,2548,1.9700625
1300,66,1.4084712
5148,50,4.9478483
5148,1060,4.419507
5148,1732,4.173976
5148,2302,3.9940462
5148,1660,3.9211814
5148,3253,3.8486032
5148,1580,3.8153653
5148,1573,3.150901
5148,225,2.8862412
5148,4,2.8800378
347,50,4.4179044
347,720,4.3526654
347,923,4.307143
347,1225,4.2163086
347,1950,4.115326
347,2804,4.093688
347,3911,4.054019
347,2859,4.030131
347,265,3.9276698
347,1419,3.8210561
347,1957,3.7329879
347,2106,3.1072674
785,593,3.7364483
785,2826,3.4177697
785,3527,3.2664478
785,1370,3.2659912
785,1385,3.2239482
785,3452,3.1512127
785,2582,3.1032598
785,2808,3.0525906
785,3740,3.0516622
785,3766,2.9313383
785,2135,2.9039867
785,1954,2.9026065
785,227,2.8604097
90,2542,3.9247181
90,2791,3.8244524
90,2108,3.7669468
90,2908,3.7508512
90,3408,3.6683378
90,440,3.6470532
90,281,3.6283255
90,3175,3.602273
90,2273,3.5845122
90,802,3.5771246
90,353,3.5577059
90,3186,3.5387678
90,986,3.50281
90,350,3.4868789
90,647,3.460213
90,1673,3.4494908
90,1390,3.4379373
90,383,3.4346042
90,367,3.4207487
90,1401,3.4146233
90,2331,3.391465
90,1783,3.3804095
90,993,3.3565235
90,1769,3.3458352
90,1894,3.343813
90,185,3.323041
90,3826,3.054461
1019,912,4.2091413
1019,1252,3.9749115
1019,2858,3.9715772
1019,1617,3.9542627
1019,2925,3.918218
1019,720,3.9087331
1019,678,3.9075181
1019,969,3.9064996
1019,246,3.8781471
1019,556,3.858042
1019,2313,3.8453546
1019,2066,3.8370984
1019,3196,3.7958822
1019,1222,3.770815
1019,3362,3.7611785
1019,945,3.7535105
1019,2859,3.743764
1019,3467,3.7062807
1019,1041,3.6959705
1019,2732,3.6730504
1019,1923,3.6435256
1019,1150,3.6335747
1019,910,3.6325836
1019,1162,3.5511801
1019,1344,3.5258138
1019,589,3.520766
1019,1946,3.5109692
1019,3317,3.462637
1019,1466,3.4127784
1019,535,3.3886437
1019,933,3.372595
1019,3451,3.3668432
1019,3681,3.3329668
1019,3606,3.295864
1019,2921,3.2944202
1019,1635,3.2631435
1019,3543,3.1424499
1019,1298,3.134181
1019,1186,3.122788
1019,348,3.0873063
1019,2727,3.0692496
1019,156,3.041387
1019,1215,2.9777055
1019,3871,2.9643946
1019,2245,2.9479282
1019,1129,2.8868082
1019,3614,2.8759227
1019,45,2.8539119
1019,543,2.8212655
1019,1711,2.8023071
1019,1699,2.760279
1019,2134,2.7464113
1019,3827,2.7426958
1019,3304,2.7091255
1019,592,2.7032518
1019,1573,2.669197
1019,11,2.6603045
1019,417,2.6176665
1019,3544,2.5333242
1019,2527,2.5276613
1019,536,2.4728973
1019,2105,2.451605
1019,1569,2.4089468
1019,3744,2.407689
1019,3525,2.3911645
1019,2003,2.2782812
1019,3441,2.2518773
1019,3426,2.235752
1019,344,2.2035525
1019,3112,2.1939328
1019,1007,2.1893969
1019,561,2.1591256
1019,2794,2.158263
1019,1339,2.1315713
1019,2374,2.112922
1019,2606,2.0954585
1019,1405,2.090943
1019,2752,2.0859187
1019,2060,2.0712929
1019,254,1.9426281
1019,2241,1.8721454
1019,5,1.8093333
1019,2458,1.7884283
1019,719,1.7624528
1019,216,1.7446847
1019,784,1.634863
1019,275,1.6171848
1019,3048,1.5537953
1019,276,1.323375
1019,2953,1.3025416
1019,1640,1.1654997
3163,2019,5.0086956
3163,50,4.959314
3163,2186,4.8763733
3163,1193,4.813512
3163,2329,4.7546167
3163,1258,4.691367
3163,3147,4.6859636
3163,2959,4.624841
3163,1387,4.5939074
3163,2788,4.5669146
3163,965,4.560736
3163,2064,4.5517845
3163,2183,4.528591
3163,2997,4.4730897
3163,1214,4.4706955
3163,2071,4.467171
3163,1446,4.4522505
3163,1947,4.4207134
3163,3062,4.413711
3163,1282,4.391582
3163,3019,4.390226
3163,2948,4.376904
3163,3034,4.362553
3163,940,4.361928
3163,1957,4.339926
3163,1057,4.3362937
3163,2671,4.3053427
3163,1216,4.304987
3163,364,4.296363
3163,3256,4.2363577
3163,1584,4.1880016
3163,154,4.18208
3163,52,4.1783366
3163,555,4.169551
3163,493,4.1423607
3163,1372,4.125643
3163,3635,4.1150837
3163,2134,4.1067505
3163,1916,4.0963073
3163,1347,4.0946655
3163,2991,4.092067
3163,805,4.080726
3163,1017,4.017091
3163,3081,4.014537
3163,163,4.006073
3163,2916,3.983191
3163,2331,3.978806
3163,1465,3.968083
3163,3868,3.9604588
3163,2001,3.9596455
3163,3699,3.9586456
3163,1205,3.9556417
3163,155,3.9473867
3163,1425,3.9394522
3163,2115,3.934671
3163,2779,3.9008727
3163,3760,3.8976948
3163,1658,3.895255
3163,2617,3.867414
3163,514,3.8469517
3163,467,3.8362827
3163,1407,3.814845
3163,1173,3.7845955
3163,372,3.7806573
3163,3033,3.7210498
3163,1573,3.6380687
3163,2106,3.589207
3163,288,3.5858274
3163,2628,3.5748384
3163,3712,3.5458508
3163,2372,3.4893017
3163,2358,3.465558
3163,2124,3.4590046
3163,2007,3.4525235
3163,2120,3.3716288
3163,1479,3.2446175
3163,2447,3.2255547
3163,784,3.1399872
3163,1377,3.1293344
3163,2034,3.0759044
3163,2822,2.9544163
3163,3752,2.8564625
3163,3688,2.7836657
3163,2092,2.7568164
3163,2004,2.7366943
3163,2471,2.690116
3163,1460,2.6448135
3163,3031,2.176924
5075,1252,4.811184
5075,1240,4.5265083
5075,2664,4.346691
5075,2529,4.208563
5075,3503,3.9572701
5075,2527,3.7870624
5075,2364,3.0513754
538,3114,4.6486692
538,2997,4.5274596
538,3654,4.406266
538,2355,4.1984034
5387,1219,4.3425984
5387,3429,4.3017116
5387,906,4.2178946
5387,446,4.1961155
5387,953,4.16955
5387,994,4.157646
5387,3097,4.1530094
5387,457,4.1401944
5387,3341,4.1315756
5387,1280,4.1282434
5387,3334,4.127271
5387,1041,4.103105
5387,1307,4.102213
5387,2336,4.0483303
5387,1673,4.036361
5387,1960,4.033456
5387,1625,3.984081
5387,1177,3.9708326
5387,1643,3.9319243
5387,176,3.9245834
5387,1500,3.921931
5387,2210,3.9075377
5387,3408,3.8866973
5387,1982,3.8842955
5387,1279,3.872152
5387,1914,3.862124
5387,1374,3.8596668
5387,3044,3.8539767
5387,534,3.8430793
5387,300,3.835023
5387,373,3.8332474
5387,3256,3.8317323
5387,2080,3.8193285
5387,627,3.7950203
5387,25,3.7614715
5387,937,3.731111
5387,1343,3.7139738
5387,302,3.7086172
5387,1285,3.702813
5387,261,3.7016675
5387,3072,3.677164
5387,2284,3.6617868
5387,1669,3.5699084
5387,2205,3.5563104
5387,1611,3.54482
5387,2097,3.5354445
5387,1339,3.5190563
5387,339,3.5097606
5387,3199,3.4708364
5387,2867,3.4676638
5387,2712,3.431975
5387,412,3.4249654
5387,2781,3.4139903
5387,2617,3.2822595
5387,2875,3.2818112
5387,2613,3.2261658
5387,224,3.2066662
5387,552,3.1920147
5387,1672,3.1843922
5387,3863,3.136946
5387,1377,3.101386
5387,1367,3.0818033
5387,1770,3.0170412
5387,648,3.003908
5387,2424,2.9863048
5387,2469,2.976283
5387,2163,2.8243172
5387,662,2.8055043
5387,1515,2.4517426
5387,697,2.2149932
3,1196,4.425457
3,1291,4.3080206
3,1210,4.2044115
3,590,4.1569557
3,1261,4.0655346
3,2115,3.9974933
3,2355,3.8717372
4112,3801,4.664193
4112,1254,4.6352153
4112,2871,4.388981
4112,3448,4.322363
4112,3494,4.2526097
4112,2288,4.213811
4112,1552,4.18519
4112,141,4.1750374
4112,1374,4.152857
4112,3087,4.0914283
4112,2012,4.072546
4112,2167,4.051485
4112,3199,4.0441504
4112,592,4.0291734
4112,3771,3.9844873
4112,3699,3.962616
4112,3506,3.9618828
4112,1371,3.9382734
4112,2,3.934626
4112,3099,3.9029503
4112,2645,3.888573
4112,3156,3.8107567
4112,344,3.800832
4112,2772,3.7275076
4112,2793,3.6828601
4112,2473,3.4730854
4112,1911,3.4720695
4112,611,3.398441
4112,374,2.931641
1413,1196,4.512586
1413,2028,4.319804
1413,1244,4.2286463
1413,1089,4.141974
1413,3949,4.115773
1413,373,4.018401
1413,1265,3.9845347
1413,1610,3.8451161
1413,72,3.7472177
1413,3823,3.6244826
1413,3538,3.544531
1413,2763,3.4616213
1413,3598,3.3096056
1413,3514,2.7979524
1413,3885,2.6936674
1413,2704,2.6603553
1413,3300,2.6491275
1413,1598,2.4092102
3213,1198,4.2615557
3213,1,3.9351106
3213,508,3.8697894
3213,1387,3.8623366
3213,1307,3.703103
3213,1370,3.58083
3213,3129,3.5761669
3213,1777,3.4942727
3213,1873,3.4556952
3213,3052,3.3928604
3213,337,3.3833551
3213,3261,3.3787181
3213,1641,3.3420887
3213,2166,3.3140345
3213,3565,3.2004292
3213,86,3.1554532
3001,2028,4.7818155
3001,608,4.638409
3001,1240,4.5199275
3001,2997,4.4608917
3001,1394,4.440138
3001,2951,4.271967
3001,1968,4.245098
3001,474,4.1753664
3001,1356,4.124901
3001,280,4.1042113
3001,10,4.101076
3001,587,4.0922403
3001,2596,4.011164
3001,2490,3.9930224
3001,1205,3.93106
3001,3763,3.930273
3001,1645,3.921373
3001,292,3.821791
3001,3441,3.7986164
3001,1422,3.6751828
3001,1573,3.63197
3001,1391,3.485896
3001,3764,3.475833
3001,436,3.4438152
3001,3177,3.3490205
3001,415,3.335761
3001,2699,3.232318
3001,891,2.97373
3001,1590,2.972512
3001,2818,1.9651194
3001,66,1.7589078
3551,1172,4.167809
3551,2028,4.099545
3551,2289,3.9753678
3551,2908,3.8625517
3551,1094,3.6973286
3551,1392,3.6796727
3551,2967,3.651626
3551,2697,3.6166687
3551,3257,3.2445612
475,1230,4.6659374
475,541,4.61906
475,1307,4.5816817
475,1222,4.5404115
475,3421,4.5025096
475,1580,4.332095
475,2662,4.3181505
475,3925,4.2901144
475,1073,4.2403603
475,2423,4.2073584
475,1215,4.1819973
475,316,4.155444
475,1620,4.0489063
475,2926,3.9894176
475,1676,3.9737659
475,1876,3.9023929
475,2478,3.8656316
475,168,3.8196073
475,1831,3.454899
475,3387,3.4189515
475,3688,3.345529
475,2815,3.29281
475,435,3.1456146
475,2642,2.9599915
3095,3897,4.449904
3095,497,4.16379
3095,1968,4.152029
3095,2406,4.138886
3095,2716,4.0749583
3095,3526,4.0661507
3095,555,3.9985704
3095,141,3.9949243
3095,2687,3.9866118
3095,2671,3.9847343
3095,3210,3.9590392
3095,1183,3.8598228
3095,1339,3.811335
3095,2506,3.8108578
3095,3179,3.8053248
3095,3594,3.7703037
3095,3534,3.755754
3095,1569,3.6991918
3095,3146,3.6736455
3095,2145,3.6661015
3095,378,3.6424427
3095,1888,3.5549338
3095,1353,3.5191338
3095,2497,3.4779575
3095,2154,3.440486
884,1221,4.860057
884,1258,4.5412674
884,1719,4.494357
884,34,4.3896666
884,1035,4.3692584
884,1994,4.271297
884,1982,4.191724
884,3081,4.041155
884,216,3.8424172
884,1388,3.2495413
884,1993,2.019066
4556,260,4.672511
4556,527,4.6578555
4556,3114,4.4634247
4556,1942,4.4268456
4556,1287,4.3219156
4556,1947,4.283554
4556,3668,4.2185287
4556,531,4.1400366
4556,3074,4.0629697
4556,3675,4.047694
4556,2080,4.004387
4556,596,3.965967
4556,2109,3.9297075
4556,3034,3.7582414
4556,480,3.6267526
4556,2459,3.51656
4556,3515,3.4069488
4556,2142,3.1125546
4556,1020,2.5330598
4556,842,2.2455401
4556,3273,2.228934
4556,2642,2.1284733
4556,1359,1.5487548
5501,1250,4.3512783
5501,1267,4.333421
5501,1211,4.261351
5501,29,4.1306767
5501,3508,4.1282063
5501,1266,4.1281414
5501,32,4.1229587
5501,3481,4.1186275
5501,1257,4.102363
5501,1301,4.0835924
5501,1073,4.0576477
5501,3363,4.033214
5501,2359,4.0202637
5501,3671,3.9864712
5501,2872,3.972344
5501,1653,3.911428
5501,1784,3.885786
5501,1396,3.778502
5501,2109,3.7497034
5501,1127,3.674345
5501,2108,3.6640792
5501,1580,3.6165373
5501,3524,3.5931025
5501,2013,3.5584753
5501,1794,3.5249188
5501,2174,3.4512763
5501,2003,3.4286728
5501,1297,3.4204502
5501,2707,3.3997488
5501,2001,3.3739429
5501,3087,3.3705196
5501,2941,3.3069642
5501,329,3.2743468
5501,2014,3.2666054
5501,3263,3.2007353
5501,2657,3.1808345
5501,2337,3.1763935
5501,367,3.048749
5501,648,3.0447206
5501,3638,3.0432587
5501,371,2.9901147
5501,2723,2.9295206
5501,3033,2.9288578
5501,585,2.5649188
5501,1379,2.5552902
5501,2252,2.526946
5501,317,2.505704
5501,122,2.4325774
5501,2485,2.414988
5501,2095,2.4114287
5501,196,2.2355247
5501,1091,2.0320249
5501,3497,1.8044475
5501,445,1.6584419
3135,912,4.5445027
3135,903,4.498122
3135,326,4.4902606
3135,2351,4.476825
3135,1237,4.444757
3135,2692,4.338684
3135,296,4.27423
3135,34,4.128878
3135,1594,3.938128
3135,3503,3.8032887
3135,1093,3.6669636
1784,924,3.8933861
1784,2693,3.5232043
1784,1527,3.1471314
3641,1272,4.641266
3641,923,4.561873
3641,3508,4.3745356
3641,3037,4.347028
3641,1259,4.3212223
3641,3467,4.311271
3641,1387,4.3111773
3641,1307,4.2801285
3641,2194,4.253504
3641,3198,4.229642
3641,3735,4.198784
3641,3098,4.172738
3641,3019,4.170808
3641,3068,4.06294
3641,1517,4.062267
3641,2890,4.036317
3641,2076,4.0309377
3641,1356,3.935919
3641,3499,3.931785
3641,509,3.9061842
3641,3487,3.9006968
3641,1580,3.8700006
3641,3448,3.8599746
3641,2112,3.7563653
3641,2490,3.6304176
3641,785,3.6040246
3641,2867,3.5518334
3641,3087,3.50418
3641,1645,3.4779224
3641,2111,3.4097095
3641,7,3.3047607
3641,3036,3.2635274
3641,216,3.2503655
3641,2710,3.152855
3641,3846,3.1026142
3641,2335,2.9692576
3641,3707,2.94224
3641,2054,2.8712387
3641,382,2.6927192
3641,2404,2.246615
3641,3243,1.8430597
3641,2383,1.1988337
4007,318,4.083841
4007,750,4.0780416
4007,1262,4.0176487
4007,1136,3.9137459
4007,1287,3.8336353
4007,2804,3.7598016
4007,1270,3.6735435
4007,3751,3.6437843
4007,3897,3.5900636
4007,2944,3.5787816
4007,2716,3.5755792
4007,1161,3.5298743
4007,3339,3.4551704
4007,3210,3.427444
4007,2070,3.393822
4007,3524,3.3746023
4007,2797,3.366919
4007,2150,3.3387485
4007,2706,3.3272972
4007,345,3.291056
4007,1356,3.2858024
4007,1777,3.2443771
4007,1527,3.230601
4007,3032,3.16895
4007,3501,3.1539583
4007,3255,3.1515844
4007,562,3.1458054
4007,2746,3.1329522
4007,2600,3.0870657
4007,2353,3.0772636
4007,163,3.0679765
4007,1186,3.0494766
4007,3809,2.99886
4007,2723,2.9830244
4007,1917,2.9269352
4007,3409,2.9166393
4007,198,2.9009545
4007,368,2.869762
4007,145,2.8468325
4007,2046,2.8392615
4007,543,2.8387132
4007,3263,2.8226624
4007,1621,2.7576203
4007,3760,2.7449446
4007,2262,2.658262
4007,2717,2.618829
4007,351,2.5890563
4007,2688,2.5071337
4007,2253,2.401074
4007,2147,2.392729
4007,303,2.369268
4007,2375,2.364879
4007,879,2.334193
4007,2364,2.3295105
4007,3403,2.2651722
4007,1320,2.1983626
4007,510,2.1660023
4007,3864,2.0523186
4007,168,1.9749186
4007,2815,1.81215
4637,527,4.54109
4637,1197,4.354669
4637,3147,4.2611356
4637,2686,4.170933
4637,3551,4.0710773
4637,1947,4.064975
4637,2908,4.0370274
4637,3102,3.9943871
4637,1028,3.9847083
4637,1784,3.978968
4637,2020,3.9541216
4637,1639,3.9367247
4637,2076,3.933279
4637,1393,3.9301624
4637,104,3.9285033
4637,2690,3.9120255
4637,380,3.8985422
4637,2080,3.8735538
4637,3244,3.8251421
4637,1962,3.8242545
4637,7,3.7779908
4637,3253,3.700286
4637,1688,3.6816854
4637,2099,3.6654932
4637,2763,3.6093283
4637,3,3.568397
4637,1459,3.5298605
4637,1367,3.5114686
4637,3638,3.4461427
4637,2709,3.4030504
4637,3483,3.398397
4637,2059,3.3973823
4637,381,3.3625891
4637,231,3.348233
4637,1727,3.3242142
4637,216,3.2538135
4637,259,3.240197
4637,1460,3.2315462
4637,267,3.2051682
4637,2724,3.1398566
4637,2521,3.1326628
4637,2827,3.1291568
4637,153,3.1222146
4637,415,3.080429
4637,2038,3.0515947
4637,818,3.0355086
4637,1985,3.012251
4637,2253,2.8088026
4637,1839,2.3259706
4637,169,2.098199
5539,318,4.4677896
5539,3435,4.3891997
5539,1234,4.246003
5539,1248,4.2245245
5539,296,4.1678534
5539,919,4.1603074
5539,926,4.1462336
5539,2300,4.1451955
5539,1147,4.139452
5539,3801,4.1047006
5539,1300,4.0856276
5539,1294,4.0848393
5539,1449,4.0583344
5539,2920,4.05237
5539,2599,3.964572
5539,3421,3.9529
5539,1960,3.8888938
5539,3019,3.8062024
5539,3342,3.7813122
5539,2398,3.776757
5539,2137,3.7752385
5539,3871,3.7496674
5539,235,3.7245386
5539,337,3.7172477
5539,2542,3.6929884
5539,3125,3.6781187
5539,551,3.6559753
5539,1729,3.6528773
5539,1285,3.6326613
5539,1179,3.6292734
5539,1965,3.6270444
5539,2291,3.5915513
5539,2366,3.5910692
5539,3244,3.5864139
5539,3078,3.5741599
5539,970,3.5440419
5539,3753,3.5329664
5539,3700,3.4484973
5539,2550,3.4075165
5539,2912,3.3771062
5539,3914,3.358705
5539,2929,3.3304896
5539,3145,3.269579
5539,129,3.2189393
5539,1088,2.9500988
5539,2710,2.925517
5539,3004,1.7903694
6014,260,4.480629
6014,750,4.475335
6014,899,4.338132
6014,1270,4.0486913
6014,2971,3.848408
6014,2076,3.7209425
6014,2857,3.7099109
6014,1014,3.5550306
6014,3441,3.4606404
6014,1391,3.1382816
6014,2950,2.2184007
1880,318,4.442779
1880,1262,4.4074445
1880,1213,4.2247224
1880,608,4.1433163
1880,1036,4.1264534
1880,1253,4.0628963
1880,1266,4.027076
1880,1610,4.026499
1880,1023,4.0022163
1880,1263,3.99583
1880,2761,3.9913054
1880,1249,3.9898305
1880,1244,3.9860888
1880,3265,3.9709225
1880,3481,3.9494007
1880,1,3.9442563
1880,3360,3.9414287
1880,1084,3.9244223
1880,595,3.9071848
1880,3499,3.8635728
1880,1073,3.807686
1880,1374,3.794686
1880,2970,3.79396
1880,1964,3.7844214
1880,1500,3.7841358
1880,3256,3.7722769
1880,3552,3.7638218
1880,3210,3.7526462
1880,2160,3.7475553
1880,2662,3.7434351
1880,3066,3.736967
1880,1078,3.7033887
1880,509,3.7004328
1880,2502,3.6666083
1880,1162,3.6378343
1880,2171,3.6340637
1880,3252,3.633193
1880,1183,3.6309354
1880,3386,3.5902948
1880,2700,3.576408
1880,1019,3.5624928
1880,3763,3.5584247
1880,1290,3.5407481
1880,2344,3.5394201
1880,3087,3.5293374
1880,2278,3.517057
1880,3550,3.4912663
1880,3108,3.4397893
1880,2240,3.4366312
1880,616,3.377587
1880,3926,3.3442311
1880,2370,3.3319745
1880,3426,3.32904
1880,3927,3.3186278
1880,2110,3.298851
1880,3506,3.298471
1880,3525,3.2719266
1880,2770,3.271383
1880,3445,3.2477596
1880,3254,3.23989
1880,3930,3.1195397
1880,491,3.117906
1880,1552,3.101322
1880,2011,3.0862868
1880,1573,3.0416331
1880,2657,3.0316317
1880,1479,3.0278056
1880,289,3.0158896
1880,3300,3.0001948
1880,1371,2.984603
1880,1544,2.9761071
1880,1769,2.9751878
1880,1690,2.8741052
1880,2829,2.841687
1880,3672,2.8333266
1880,2616,2.7759862
1880,2402,2.772902
1880,48,2.7406828
1880,1021,2.7096796
1880,2792,2.6815085
1880,2047,2.5538056
1880,786,2.5384781
1880,2699,2.518853
1880,424,2.3673017
1880,1703,2.3657143
1880,3024,2.2638464
1880,208,2.1882067
1880,3243,2.180535
1880,3710,2.173162
1880,1882,2.1574178
1880,1359,2.0479743
1880,473,2.003475
1880,1562,1.9250783
5475,1196,4.7285833
5475,2858,4.727106
5475,1225,4.6919556
5475,2959,4.4775743
5475,1210,4.372059
5475,2109,4.3101864
5475,2302,4.239355
5475,3060,4.2251167
5475,2542,4.2235184
5475,3396,4.171887
5475,538,4.140607
5475,551,4.111686
5475,3526,4.0932903
5475,2073,4.048757
5475,2065,4.04126
5475,1081,4.032083
5475,1297,4.0216336
5475,3480,4.014156
5475,21,4.000844
5475,3253,3.8810136
5475,3608,3.8657753
5475,1042,3.7862287
5475,10,3.7852776
5475,1393,3.769026
5475,230,3.7636936
5475,1395,3.6882544
5475,2746,3.6672676
5475,3087,3.6391647
5475,231,3.4887693
5475,367,3.4788618
5475,2470,3.342396
5475,2133,3.17134
5475,1454,3.1547122
5475,3005,3.0234852
5475,2860,2.907791
5475,3285,2.2671587
5475,173,1.5938594
4609,2571,3.8199863
4609,2010,3.4555497
4609,2167,3.275391
4609,3450,3.2295976
4609,3033,3.2261338
4609,2193,3.1852007
4609,3684,3.1799865
4609,2867,3.1677625
4609,1339,3.14611
4609,674,3.1003432
4609,2801,3.0982606
4609,329,3.0965333
4609,3712,3.0923252
4609,3751,3.052809
4609,57,3.0054286
4609,2507,2.9986076
4609,585,2.9738493
4609,2513,2.8828268
4609,2672,2.8685985
4609,3070,2.8535204
4609,1924,2.844966
4609,2822,2.7609768
4609,3436,2.7277627
4609,2710,2.692203
4609,1665,2.6005383
4609,2316,2.4817162
1409,2019,4.886488
1409,2324,4.5861864
1409,1228,4.561436
1409,2858,4.532422
1409,457,4.4825115
1409,1080,4.351749
1409,1175,4.335657
1409,3499,4.226783
3715,1148,4.9985905
3715,1220,4.7377944
3715,1274,4.5561194
3715,595,4.5499005
3715,2139,4.4609275
3715,2599,4.430834
3715,1025,4.3686566
3715,3159,4.332135
3715,2454,4.2342052
3715,2294,4.195997
3715,3033,4.065647
3715,785,3.998777
3715,1093,3.9931111
3715,2012,3.9775293
3715,2046,3.8819501
3715,1629,3.6137276
3715,2840,3.4723623
3715,2093,3.412467
3715,2723,3.3852522
3715,2253,3.3333335
3715,2123,3.1626549
3715,2722,2.8648326
3715,2876,2.743363
3715,3401,2.5388248
3715,1126,2.3397
3715,1760,2.0879984
3715,737,1.9590005
3916,50,5.027562
3916,1208,4.99057
3916,1254,4.943533
3916,919,4.906823
3916,1197,4.858588
3916,1288,4.8184137
3916,1211,4.768708
3916,2313,4.7169967
3916,1449,4.7166615
3916,529,4.6887913
3916,2396,4.6511054
3916,920,4.6403027
3916,2761,4.5977173
3916,2959,4.5715504
3916,3504,4.538347
3916,3044,4.531291
3916,162,4.444749
3916,431,4.4236145
3916,1873,4.4093027
3916,3129,4.3696527
3916,2929,4.3539047
3916,1594,4.3513403
3916,1297,4.2292376
3916,1967,4.2141027
3916,2022,4.1774616
3916,1994,4.154046
3916,1883,4.1450562
3916,1810,4.098779
3916,2371,4.071882
3916,1356,4.007136
3916,543,3.885439
3916,2916,3.8617442
3916,2346,3.813164
3916,491,3.7215848
3916,3896,3.7001147
3916,333,3.6669977
3916,2003,3.6634712
3916,2628,3.2940214
3916,2374,3.1335573
3916,2826,3.1114278
3916,784,2.9637122
3916,1591,2.753154
3916,2107,2.74303
3916,2735,2.7174149
3916,3669,2.4814935
3916,606,2.4808228
3916,2668,2.286212
3916,2027,2.1919658
3916,2643,1.9358709
4918,260,4.208407
4918,318,4.1717443
4918,2762,4.0500493
4918,1189,3.8911347
4918,1358,3.8185139
4918,457,3.695722
4918,3421,3.6027436
4918,2000,3.5706432
4918,1374,3.5606124
4918,1060,3.48028
4918,588,3.4478614
4918,1394,3.3708892
4918,1356,3.3496592
4918,2273,3.343831
4918,3868,3.3237014
4918,2502,3.3161201
4918,1527,3.2696414
4918,1298,3.2554545
4918,3163,3.1766863
4918,3633,3.1670823
4918,2747,2.8704293
4918,3760,2.862902
4918,2082,2.8280787
4797,34,4.4840913
4797,3253,4.307185
4797,2694,4.2113924
4797,3450,4.185092
4797,2622,3.9720883
4797,1894,3.9430177
4639,1259,4.517989
4639,3363,4.4098673
4639,3512,4.063105
4639,3004,2.6313956
608,3499,3.3098843
608,2058,3.2829368
608,653,3.2457814
608,799,3.2391477
608,223,3.1966238
608,1586,3.1593518
608,1266,3.1343355
608,2770,3.0891685
608,3869,3.0751753
608,423,3.0652685
608,39,3.0645525
3341,318,4.9660993
3341,2731,4.7351904
3341,1213,4.7126765
3341,1230,4.598904
3341,2858,4.5859284
3341,3114,4.5574493
3341,1361,4.4969616
3341,1206,4.4073052
3341,529,4.371518
3341,47,4.3520966
3341,110,4.3496084
3341,1912,4.285239
3341,290,4.254736
3341,3317,4.217162
3341,194,4.170925
3341,223,4.1534543
3341,2700,4.1327457
3341,1466,4.0752797
3341,3624,3.9500964
3341,1845,3.8251448
3341,2023,3.4433541
3341,3555,3.3526583
3341,3752,2.6594567
1828,50,4.3921156
1828,2396,3.9786348
1828,1258,3.942324
1828,778,3.8109624
1828,2359,3.7571242
1828,2863,3.7289329
1828,223,3.7289238
1828,1285,3.687125
1828,34,3.657588
1828,104,3.1410053
1828,2718,3.0672355
1828,1645,2.9913797
1828,3263,2.8442912
1828,2541,2.6500237
1081,2858,4.7635365
1081,1923,4.4129004
1081,866,4.2983828
1081,1556,1.1104639
1279,1197,3.8450432
1279,1262,3.7107108
1279,1224,3.691853
1279,1217,3.6841168
1279,1196,3.6362777
1279,593,3.535368
1279,535,3.4675016
1279,529,3.4201665
1279,1231,3.41314
1279,2686,3.3557172
1279,3147,3.2365298
1279,2872,3.1959064
1279,2728,3.1690323
1279,1784,3.1548157
1279,1097,3.1289194
1279,1923,3.1033394
1279,1660,3.0709872
1279,1354,2.9361792
1279,2708,2.8828902
1279,543,2.8631394
1279,1875,2.8445206
1279,715,2.7969708
1279,3194,2.6874564
1279,2985,2.5438738
1279,733,2.4276667
1279,2873,2.3183029
1279,2335,2.181432
1279,1689,2.1758428
1279,2400,2.1628923
1279,2544,1.7621082
1628,1148,4.708062
1628,912,4.6780095
1628,541,4.4960546
1628,955,4.41704
1628,1244,4.28057
1628,3035,4.278103
1628,2248,4.2300296
1628,2761,4.2254086
1628,3182,4.125592
1628,265,4.116161
1628,3175,4.0685077
1628,16,3.9594564
1628,3526,3.9330597
1628,25,3.850968
1628,1183,3.834101
1628,180,3.8146667
1628,3108,3.753571
1628,1393,3.6977236
1628,353,3.5932739
1628,52,3.5559216
1628,3214,3.406417
1628,1909,3.3919253
1628,1376,3.3400018
1628,1597,3.3190033
1628,1713,3.2014499
1628,1205,3.1433024
1628,163,3.1309583
1628,1753,2.9432573
1628,1918,2.925073
1628,292,2.5262532
1628,208,1.8271507
1628,2643,1.1925509
1962,2028,3.9629412
1962,527,3.9499292
1962,590,3.4489555
1962,3793,3.3827062
1962,1,3.3599968
1962,3948,3.3497016
1962,1393,3.32717
1962,2302,3.3135028
1962,1407,3.2678943
1962,1035,3.2596145
1962,337,3.1892095
1962,1485,3.1774921
1962,3357,3.1229897
1962,454,3.1214373
1962,2908,3.0531695
1962,1057,3.0516613
1962,2353,3.0004406
1962,3247,2.9692473
1962,2599,2.9496806
1962,605,2.9476614
1962,1810,2.9473038
1962,3107,2.8950925
1962,3809,2.8936737
1962,766,2.87408
1962,3327,2.8227293
1962,1597,2.7925067
1962,1093,2.7813897
1962,3755,2.7514503
1962,2709,2.739016
1962,1633,2.6929786
1962,3882,2.672003
1962,509,2.5594141
1962,2012,2.5547028
1962,1888,2.521191
1962,2976,2.518744
1962,1747,2.4804494
1962,1367,2.441247
1962,3269,2.3707821
1962,2004,2.3695219
1962,2331,2.3426132
1962,3861,2.330137
1962,5,2.2890882
1962,3436,2.2575097
1962,784,2.2566009
1962,520,2.233661
1962,2154,2.124186
1962,765,2.0984917
1962,1100,1.9815239
1962,2500,1.9646165
1962,3225,1.951854
1962,2326,1.8375623
1962,2445,1.8318052
1962,3709,1.7875061
1962,697,1.7060074
1962,3453,1.5968935
1962,1973,1.4169745
1962,1863,1.4139642
1962,1992,1.3498406
1962,2462,1.2800363
1962,3268,1.1988858
1369,2804,4.4749775
1369,2859,4.351427
1369,1089,4.33112
1369,1307,4.2031803
1369,2997,4.1560926
1369,2791,4.1501694
1369,1292,4.1437383
1369,1073,4.080301
1369,1517,4.062173
1369,1222,4.048172
1369,2366,4.039233
1369,223,4.0215473
1369,2944,4.020753
1369,3932,4.011244
1369,164,3.9389923
1369,1179,3.934913
1369,1374,3.9247048
1369,150,3.923868
1369,592,3.9165845
1369,2065,3.876757
1369,3256,3.8709688
1369,2916,3.8540547
1369,2144,3.8146982
1369,1378,3.777142
1369,2985,3.7475197
1369,1298,3.7469819
1369,802,3.7095947
1369,2046,3.664553
1369,1884,3.6502461
1369,1375,3.6259973
1369,34,3.6035078
1369,3827,3.424015
1369,317,3.3437867
1369,674,3.264055
1369,3755,3.2472095
1369,2531,3.2373924
1369,3864,3.1135666
1369,153,3.0403128
1369,1037,2.9911463
1369,2158,2.958538
1369,2526,2.9487405
1369,673,2.7800024
1369,2450,2.49
1369,2456,2.4500663
1369,3593,2.0314686
3067,260,4.878224
3067,969,4.767605
3067,296,4.759606
3067,898,4.7369046
3067,2762,4.72735
3067,3683,4.680538
3067,1,4.6258144
3067,1296,4.5255747
3067,2918,4.5225954
3067,1199,4.478377
3067,1214,4.468091
3067,1246,4.429616
3067,1060,4.4243073
3067,1264,4.403624
3067,3551,4.401267
3067,2336,4.399235
3067,1270,4.381867
3067,555,4.331558
3067,3342,4.3279824
3067,1177,4.3218694
3067,2791,4.3092804
3067,1220,4.3084426
3067,2997,4.277734
3067,3505,4.2723722
3067,1912,4.266721
3067,1210,4.2656074
3067,538,4.260227
3067,2171,4.241221
3067,1732,4.2296205
3067,2502,4.221796
3067,1215,4.2209044
3067,1279,4.2063284
3067,1094,4.1934004
3067,1845,4.189633
3067,2118,4.1867657
3067,300,4.1797204
3067,2987,4.1422863
3067,346,4.109617
3067,21,4.100374
3067,3952,4.0840917
3067,1408,4.0827827
3067,361,4.0489225
3067,733,4.0324736
3067,3948,4.028954
3067,647,4.0195966
3067,1061,3.9912105
3067,3255,3.9840808
3067,1347,3.9728556
3067,1648,3.966134
3067,1810,3.9518647
3067,1290,3.9443223
3067,1721,3.92276
3067,2161,3.921659
3067,1883,3.9185514
3067,165,3.8874135
3067,2280,3.8790581
3067,1563,3.8755283
3067,316,3.868617
3067,85,3.8056884
3067,1093,3.7976115
3067,2490,3.7783809
3067,2424,3.7755153
3067,580,3.7751906
3067,339,3.7577963
3067,224,3.7304049
3067,3614,3.7184668
3067,1650,3.7112656
3067,1620,3.6051655
3067,736,3.6003087
3067,3045,3.5569181
3067,1391,3.5188665
3067,3704,3.492754
3067,2106,3.4907994
3067,1727,3.4581528
3067,2262,3.4520466
3067,2054,3.4047794
3067,2283,3.4027104
3067,3258,3.3942084
3067,653,3.359054
3067,1363,3.259438
3067,1798,3.220995
3067,61,3.1922436
3067,344,3.1711972
3067,2026,3.163805
3067,1438,3.0953257
3067,256,3.0924847
3067,2676,3.0845828
3067,3705,3.067313
3067,2884,3.0493886
3067,3861,3.0273728
3067,2122,3.0265846
3067,1779,2.9362442
3067,2335,2.9345803
3067,2906,2.9043229
3067,2306,2.8175287
3067,2808,2.7751884
3067,1499,2.3728926
3067,1126,2.3223665
2857,541,4.0179567
2857,919,3.9892426
2857,2028,3.9294624
2857,1247,3.771742
2857,1077,3.7533486
2857,1222,3.746361
2857,1200,3.7197502
2857,3471,3.6769211
2857,2398,3.6592097
2857,1784,3.6562877
2857,1270,3.6541824
2857,2648,3.6532803
2857,1199,3.6489484
2857,2268,3.6325407
2857,2852,3.6126223
2857,1301,3.6016862
2857,1333,3.5940075
2857,1215,3.5679092
2857,3074,3.5571616
2857,1722,3.5031562
2857,1552,3.4918005
2857,3175,3.4455116
2857,2455,3.3981078
2857,1660,3.3756433
2857,3771,3.366808
2857,2366,3.34227
2857,2985,3.3368673
2857,3703,3.3224146
2857,3107,3.302526
2857,3478,3.2955902
2857,3018,3.2932518
2857,2476,3.2876763
2857,1586,3.262752
2857,2058,3.2613873
2857,1892,3.2600403
2857,1375,3.2522027
2857,2430,3.245273
2857,511,3.2419398
2857,2262,3.2170672
2857,2146,3.2008748
2857,3445,3.1796474
2857,3698,3.168112
2857,2026,3.1612365
2857,968,3.149897
2857,2641,3.146892
2857,2640,3.1452882
2857,2617,3.1449819
2857,694,3.1446295
2857,423,3.1441565
2857,2097,3.1260026
2857,1320,3.106699
2857,2143,3.0912673
2857,3638,3.074828
2857,1523,3.0690374
2857,2427,3.048195
2857,2135,3.0382123
2857,3764,3.0346782
2857,1717,3.0318172
2857,100,3.0267744
2857,2327,3.008853
2857,426,3.0057836
2857,2402,3.0057259
2857,1341,2.9736953
2857,2253,2.9721587
2857,1771,2.9688876
2857,2121,2.966048
2857,1756,2.9223325
2857,9,2.909834
2857,3423,2.893606
2857,2713,2.8840017
2857,330,2.859612
2857,2719,2.8493578
2857,2616,2.7726116
2857,196,2.7647488
2857,424,2.7456486
2857,761,2.7216682
2857,1831,2.6986504
2857,2986,2.681874
2857,1744,2.6740818
2857,3841,2.6297784
2857,1427,2.618217
2857,2088,2.6126523
2857,416,2.6013894
2857,2815,2.5922074
2857,3464,2.462477
2857,1497,1.9960384
2857,2974,1.5258042
933,3753,3.9485276
933,1277,3.8452566
933,161,3.8137822
933,1873,3.7801163
933,2700,3.6613362
933,1343,3.6346803
2205,1283,3.806841
2205,1221,3.711108
2205,1208,3.6494389
2205,1293,3.6340604
2205,1704,3.6091669
2205,1939,3.6009958
2205,296,3.5157118
2205,1253,3.5040839
2205,1721,3.4438004
2205,1237,3.385862
2205,293,3.3010914
2205,3504,3.279779
2205,2333,3.2641513
2205,3793,3.215554
2205,1968,3.213704
2205,2730,3.21092
2205,2949,3.1817925
2205,52,3.1457105
2205,3101,3.1019006
2205,1982,3.0990853
2205,2611,3.074184
2205,1171,3.0725427
2205,2779,3.063755
2205,916,3.0522156
2205,2278,3.010521
2205,2240,2.9996147
2205,2301,2.977189
2205,3525,2.9298823
2205,1587,2.9275458
2205,2406,2.893697
2205,2294,2.8909469
2205,2414,2.88974
2205,1722,2.8790374
2205,3501,2.8755615
2205,2463,2.829053
2205,1268,2.808262
2205,1013,2.803763
2205,2968,2.7813761
2205,3329,2.7757354
2205,2081,2.7741508
2205,1059,2.7656748
2205,1673,2.7574337
2205,2989,2.7334363
2205,1611,2.7299771
2205,2311,2.6809938
2205,388,2.663393
2205,3398,2.6475313
2205,1569,2.643749
2205,3591,2.5858197
2205,2787,2.4815457
2205,1130,2.4265132
2205,2168,2.3597643
2205,3725,2.3493836
2205,122,2.342674
2205,2418,2.284999
2205,2430,2.273378
5256,899,4.358009
5256,954,4.290578
5256,1945,4.2856045
5256,1197,4.273035
5256,1267,4.238192
5256,2028,4.2185984
5256,593,4.151264
5256,1939,4.143593
5256,1258,4.121002
5256,2501,4.074561
5256,1291,4.0576954
5256,150,4.0205235
5256,1246,4.0091734
5256,1238,4.0060034
5256,2761,4.005646
5256,2064,3.9578016
5256,1265,3.8835475
5256,838,3.8552911
5256,1079,3.816479
5256,1968,3.8053691
5256,2302,3.7979076
5256,2268,3.7599835
5256,2080,3.7599337
5256,3751,3.7514842
5256,2058,3.7132473
5256,1186,3.7067082
5256,1380,3.6992674
5256,3260,3.6667216
5256,832,3.647882
5256,1912,3.6191611
5256,281,3.5691636
5256,3763,3.566367
5256,952,3.540641
5256,1909,3.5137954
5256,1061,3.4949312
5256,2001,3.4595664
5256,647,3.4586983
5256,57,3.4123793
5256,491,3.3962498
5256,1518,3.3961744
5256,507,3.394694
5256,252,3.326738
5256,2433,3.3192973
5256,1569,3.3191953
5256,3033,3.298654
5256,383,3.2848852
5256,3649,3.2779145
5256,3529,3.2629116
5256,532,3.2490406
5256,344,3.1947966
5256,3099,3.1880682
5256,2369,3.177804
5256,2146,3.175289
5256,2792,3.126929
5256,3138,3.12464
5256,2581,3.1012766
5256,1044,3.0945215
5256,2789,3.07518
5256,2378,3.0695863
5256,2533,3.0661438
5256,2266,3.0151863
5256,3707,2.9695358
5256,2826,2.9330325
5256,3120,2.8954053
5256,2262,2.8945696
5256,996,2.845277
5256,569,2.812216
5256,3841,2.784091
5256,2877,2.7393584
5256,424,2.6942725
5256,478,2.6206665
5256,432,2.6162193
5256,2471,2.575024
5256,256,2.5005174
5256,1831,2.449134
5256,2411,2.4449658
5256,2052,2.4356043
5256,489,2.3604832
5256,2296,2.3396566
5256,173,2.2336435
5256,3391,2.2321358
5256,1005,2.098612
5256,2412,1.7221296
935,608,4.1855803
935,1394,3.9472554
935,2670,3.8976817
935,2248,3.8776615
935,373,3.8575172
935,2000,3.8378458
935,3424,3.7748327
935,3093,3.7630582
935,1913,3.7281604
935,1013,3.7108746
935,1673,3.654366
935,3526,3.647405
935,524,3.6390934
935,3185,3.637513
935,2144,3.588252
935,2803,3.5686285
935,3513,3.4921145
935,1459,3.4880989
935,2002,3.4846401
935,695,3.447525
935,277,3.4047728
935,2770,3.3857517
935,1600,3.349352
935,100,3.2974873
935,1513,3.255233
935,1779,3.2308152
935,1327,3.161045
935,3162,3.1279597
935,438,2.9852264
935,208,2.9559777
935,2522,2.7832432
935,2392,2.6604164
935,2456,2.5695415
935,160,2.545156
935,1556,1.8552456
466,750,4.6174226
466,2186,4.6173763
466,541,4.6011696
466,1963,4.4010267
466,2726,4.371383
466,2804,4.3479123
466,2918,4.2920933
466,2936,4.2238216
466,1079,4.1484327
466,1175,4.145379
466,1073,4.144118
466,3543,4.129759
466,2020,4.0840206
466,1078,4.057145
466,2847,4.0507054
466,101,4.038273
466,3422,3.661877
466,2718,3.4911785
3999,953,4.1675987
3999,1252,4.067938
3999,608,3.9980376
3999,1221,3.9429517
3999,1276,3.9209058
3999,293,3.7840903
3999,2648,3.76259
3999,3060,3.718122
3999,3098,3.654297
3999,3735,3.6421592
3999,377,3.6308625
3999,3255,3.6013513
3999,1885,3.5638106
3999,1777,3.563202
3999,2916,3.5131395
3999,1321,3.5033295
3999,2669,3.4906402
3999,3844,3.4685369
3999,1376,3.4605544
3999,2654,3.407065
3999,233,3.3864045
3999,3513,3.382352
3999,112,3.3707025
3999,2478,3.36614
3999,3552,3.356886
3999,3744,3.3513165
3999,1544,3.3395836
3999,253,3.3161407
3999,3506,3.3135064
3999,3361,3.3091602
3999,2040,3.2884743
3999,2420,3.2393446
3999,1298,3.2171264
3999,1342,3.2132685
3999,1378,3.205337
3999,1422,3.200509
3999,2794,3.1876228
3999,2770,3.176712
3999,3763,3.147714
3999,2391,3.1463194
3999,2372,3.1317215
3999,3264,3.1197817
3999,3707,3.1120713
3999,2605,3.103907
3999,3257,3.090778
3999,2405,3.089692
3999,2533,3.085266
3999,2929,2.9916794
3999,1091,2.9772258
3999,42,2.9362397
3999,3014,2.8925033
3999,432,2.877017
3999,3120,2.8287733
3999,2421,2.7996283
3999,2055,2.787447
3999,2902,2.729688
3999,1983,2.6083446
3999,1391,2.5058427
3999,455,2.4784644
3999,438,2.4479773
3999,92,2.4133317
3999,355,2.3441157
3999,1987,2.3391197
3999,2986,2.0166428
3999,2379,1.875109
2513,1278,4.557396
2513,1230,4.4720764
2513,1307,4.341956
2513,2318,4.1573877
2513,1968,4.0909686
2513,1914,3.9998665
2513,2926,3.5156367
3789,904,4.7388678
3789,1953,4.51311
3789,928,4.5115657
3789,541,4.466037
3789,3265,4.3468943
3789,1243,4.295101
3789,2194,4.252602
3789,1210,4.231076
3789,34,4.115933
3789,2395,4.1059265
3789,3505,4.0924172
3789,1965,4.0600376
3789,2391,4.040166
3789,2355,4.0148153
3789,1748,3.9994056
3789,3081,3.8474448
3789,3145,3.6352775
5225,3365,4.114615
5225,2692,4.0807757
5225,29,3.9779341
5225,3265,3.9600565
5225,1270,3.926927
5225,1500,3.7565198
5225,1127,3.6662436
5225,766,3.578724
5225,2707,3.5719953
5225,1648,3.5047972
5225,1627,3.490768
5225,1614,3.4403663
5225,1717,3.3885155
5225,2683,3.3847802
5225,1425,3.3690834
5225,1037,3.364822
5225,2294,3.3052034
5225,1391,3.212609
5225,160,2.6210244
3534,912,4.510467
3534,1196,4.3111763
3534,1242,4.2340074
3534,1226,4.126917
3534,1036,4.099842
3534,2944,4.072172
3534,589,3.9457934
4916,2395,2.5088074
4916,235,2.4839582
4916,3108,2.4204304
4916,551,2.373956
4916,223,2.3019526
4916,144,2.2746096
4916,1279,2.2532768
4916,785,2.2253332
4916,1701,2.215178
4916,1734,2.214153
4916,1711,2.1830459
4916,1184,2.1532123
4916,514,2.0513008
4916,1904,1.9383836
4916,344,1.8438356
4916,1513,1.7859497
4916,2671,1.7081759
4916,3773,1.5509281
4916,569,1.5195395
4916,410,1.5135342
4916,2572,1.4862205
5624,1299,3.795365
5624,541,3.7698984
5624,1213,3.6493716
5624,1222,3.6322887
5624,3265,3.592979
5624,1210,3.592116
5624,2944,3.5798144
5624,1089,3.4954526
5624,920,3.4086437
5624,1073,3.1500056
5624,1580,3.0867536
5624,3289,2.9881785
5624,2968,2.6816344
1284,50,4.4246845
1284,590,4.176216
1284,800,4.157279
1284,2494,4.023738
1284,1245,4.019079
1284,2819,4.0120616
1284,1271,4.002289
1284,2391,3.9703653
1284,17,3.9545207
1284,3160,3.8965297
1284,3408,3.8858187
1284,164,3.884481
1284,1396,3.8653917
1284,1683,3.8609743
1284,431,3.8221662
1284,3230,3.8177187
1284,2706,3.812746
1284,1916,3.8024426
1284,1873,3.7634215
1284,25,3.7395704
1284,1610,3.7028275
1284,514,3.6455216
1284,1094,3.640193
1284,1035,3.6001089
1284,161,3.5496922
1284,1393,3.5385087
1284,999,3.5029392
1284,3450,3.4932175
1284,1615,3.4624772
1284,3178,3.4565961
1284,2956,3.4563365
1284,1608,3.412921
1284,2058,3.4010868
1284,2287,3.3769379
1284,3510,3.3499732
1284,494,3.279292
1284,532,3.2584753
1284,42,3.2479982
1284,2168,3.2146382
1284,2617,3.2075088
1284,3755,3.1443493
1284,185,3.0990608
1284,3529,3.0955048
1284,1479,3.0755467
1284,170,3.0680015
1284,3697,2.9912841
1284,1686,2.9485555
1284,1917,2.8042662
1284,3623,2.7416646
1284,3861,2.7032006
1284,434,2.540762
1284,611,2.5186765
1284,248,2.506029
1284,3355,2.4673681
1284,1590,2.3349216
1284,1831,2.2150123
1284,2701,2.0525856
1284,1969,1.9362406
5397,1262,4.26956
5397,3435,4.2440724
5397,969,4.1543655
5397,1247,4.151301
5397,678,4.0985713
5397,111,4.0794163
5397,3365,4.0195065
5397,3504,3.96508
5397,3396,3.787788
5397,1103,3.7618756
5397,2890,3.7469208
5397,2395,3.693214
5397,3159,3.596625
5397,3255,3.544611
5397,3499,3.4170017
5397,3176,3.3457055
5397,3729,3.312908
5397,2889,3.1588826
5397,2916,3.068735
5397,2427,3.0469568
5397,165,3.0094957
5397,3745,2.921929
5397,329,2.852841
5397,2023,2.6830783
5397,736,2.6284885
5397,3623,2.5669184
5397,3249,2.5302408
5397,328,2.441272
5397,2279,2.2952063
5397,849,1.9948936
5397,1644,1.8750911
5397,880,1.780729
5397,2315,1.3455471
5397,1993,1.24283
731,3307,4.43173
731,2208,4.3181705
731,1235,4.3177643
731,945,4.2868514
731,911,4.2800593
731,928,4.236958
731,3629,4.2222986
731,2935,4.1961985
731,1080,4.1677256
731,902,4.153023
731,3037,4.1409774
731,3578,4.120919
731,838,4.062763
731,3451,4.048522
731,3363,4.0451336
731,3504,4.0431056
731,2919,4.0400424
731,946,4.016243
731,2863,3.98065
731,3622,3.9775517
731,1517,3.9608307
731,866,3.9586005
731,2594,3.9513788
731,2971,3.9417384
731,920,3.9378319
731,3306,3.9332154
731,1392,3.9260998
731,2690,3.9173408
731,3739,3.9057813
731,3357,3.8975186
731,3552,3.897227
731,1125,3.889384
731,1535,3.8839793
731,2000,3.8820877
731,802,3.835425
731,1057,3.8328214
731,1777,3.8275337
731,3936,3.8038864
731,2696,3.7610142
731,3108,3.7607594
731,2836,3.7332501
731,2145,3.7277453
731,1614,3.6440458
731,1654,3.6383517
731,1425,3.6246884
731,2249,3.6243186
731,753,3.6046166
731,2417,3.5918455
731,708,3.5834649
731,830,3.578793
731,586,3.5717597
731,2767,3.5702899
731,3120,3.5687213
731,2485,3.5447235
731,3301,3.5354257
731,1113,3.4986396
731,3144,3.4676428
731,1091,3.4664245
731,153,3.4362235
731,1837,3.4166932
731,3146,3.410707
731,1665,3.390807
731,1550,3.3667407
731,1007,3.3446689
731,234,3.3112369
731,1772,2.668757
731,1731,2.0017715
870,1784,3.9428926
870,150,3.9073188
870,19,2.0114374
3618,1136,3.7646976
3618,2571,3.5619164
3618,1210,3.5609548
3618,2542,3.5605044
3618,593,3.5126002
3618,3735,3.4451637
3618,373,3.4203973
3618,3061,3.4038825
3618,736,3.3650308
3618,590,3.3594916
3618,1276,3.3471513
3618,2398,3.3237545
3618,1959,3.3225827
3618,16,3.313121
3618,2757,3.3079767
3618,926,3.3050685
3618,3253,3.2973688
3618,2100,3.2888887
3618,3793,3.2847776
3618,52,3.2696514
3618,3386,3.2498598
3618,456,3.223883
3618,2288,3.2109108
3618,1230,3.1865578
3618,1189,3.1743724
3618,2528,3.1732223
3618,866,3.1642022
3618,1805,3.1613374
3618,2131,3.1570158
3618,348,3.1451437
3618,1719,3.1410828
3618,3404,3.1392522
3618,3545,3.1287165
3618,2771,3.1260824
3618,3502,3.1240048
3618,3724,3.1216683
3618,1704,3.1196766
3618,3274,3.110003
3618,1269,3.1092205
3618,271,3.097742
3618,2070,3.0969045
3618,233,3.084208
3618,3476,3.0760784
3618,1035,3.073818
3618,2622,3.0706954
3618,6,3.067377
3618,253,3.0638742
3618,1241,3.0633407
3618,14,3.0601134
3618,60,3.0559921
3618,2915,3.0474741
3618,1219,3.032464
3618,3726,3.0301514
3618,1507,3.02544
3618,11,3.0148506
3618,1292,3.0127387
3618,991,3.0122147
3618,2735,3.0109243
3618,1794,3.0090501
3618,2485,2.9987311
3618,1573,2.9968162
3618,151,2.9944258
3618,246,2.9906662
3618,3316,2.9875166
3618,2834,2.9827292
3618,1769,2.9808104
3618,1841,2.97639
3618,3427,2.976213
3618,537,2.9711525
3618,3260,2.970633
3618,304,2.970478
3618,3111,2.9644098
3618,1472,2.9595928
3618,3094,2.9501
3618,2795,2.942809
3618,3389,2.9381654
3618,2390,2.93773
3618,1660,2.9274313
3618,224,2.9240937
3618,2926,2.9202538
3618,861,2.9189513
3618,3467,2.913557
3618,1962,2.912132
3618,281,2.9035177
3618,2574,2.9027793
3618,886,2.8987408
3618,1678,2.8972788
3618,2520,2.8901582
3618,2546,2.8704543
3618,731,2.8692393
3618,3423,2.8677132
3618,2928,2.8658867
3618,78,2.865725
3618,3528,2.8653462
3618,1767,2.8575168
3618,407,2.8570533
3618,81,2.8560436
3618,543,2.8499935
3618,765,2.8473506
3618,1245,2.8447664
3618,3430,2.8341408
3618,2283,2.8313909
3618,1892,2.8292024
3618,3526,2.809
3618,3106,2.8022647
3618,2599,2.8011882
3618,1624,2.7976906
3618,2613,2.7917259
3618,3443,2.7783566
3618,2404,2.7738245
3618,147,2.766045
3618,1591,2.7543788
3618,288,2.7394586
3618,3019,2.7381885
3618,1623,2.7307835
3618,423,2.7278783
3618,1608,2.7134514
3618,2432,2.7133217
3618,839,2.7037964
3618,516,2.6966968
3618,57,2.6845741
3618,1388,2.6569715
3618,379,2.636334
3618,2341,2.6311152
3618,2701,2.6297762
3618,2702,2.5918825
3618,3577,2.5888958
3618,2961,2.585359
3618,2710,2.5706651
3618,1733,2.5528266
3618,2054,2.5009565
3618,1772,2.3019283
4193,50,4.319549
4193,858,4.3188086
4193,1198,4.1726766
4193,906,4.057026
4193,1617,4.0563803
4193,3196,4.0479956
4193,1036,3.9741883
4193,920,3.8795924
4193,3467,3.876845
4193,3551,3.8256752
4193,2467,3.7811852
4193,2949,3.741014
4193,1964,3.722337
4193,3386,3.6534646
4193,1101,3.6402617
4193,480,3.6350882
4193,3418,3.6218915
4193,2321,3.5938969
4193,3527,3.5873213
4193,353,3.5695298
4193,2112,3.5144548
4193,350,3.496453
4193,1711,3.4695146
4193,266,3.443615
4193,2100,3.4409962
4193,3033,3.401339
4193,2091,3.3195305
4193,1837,3.2525232
4193,788,3.2032647
1160,2858,3.669651
1160,2396,3.6160862
1160,2959,3.5704708
1160,223,3.4688637
1160,2826,3.368019
1160,3175,3.3075728
1160,2394,3.1882584
1160,2513,3.0936728
1160,2428,3.0396578
1160,3298,3.0326114
1160,1447,2.9475741
1160,2712,2.6112332
1160,2995,1.9440006
1160,3593,1.5352795
1160,1556,1.4559853
338,1196,4.4251146
338,2501,4.379531
338,1704,4.3573313
338,110,4.306902
338,1200,4.272091
338,3360,4.2236977
338,1265,4.1769857
338,497,4.0988073
338,1261,4.0213513
338,1678,4.017309
338,474,4.015708
338,3366,4.0053415
338,1682,3.9845061
338,2108,3.9505014
338,2763,3.941731
338,3066,3.9314275
338,342,3.9252129
338,2640,3.8569884
338,1542,3.8416934
338,2993,3.8258967
338,2929,3.8109317
338,2916,3.7820454
338,2112,3.7485828
338,1608,3.7361462
338,3070,3.721108
338,1370,3.6908169
338,266,3.684188
338,2628,3.5679905
338,2167,3.5517023
338,2734,3.4966106
338,1459,3.4519815
338,453,3.3236847
338,225,3.2452936
338,504,2.9415717
338,95,2.6960428
338,434,2.6753712
338,3243,2.5875185
338,1752,2.4882288
338,1453,2.1824431
338,1373,2.1163054
338,2471,2.0380564
5765,1233,4.1264687
5765,1213,4.0667825
5765,2788,4.0026546
5765,1218,3.9894333
5765,2947,3.8671103
5765,1206,3.8394923
5765,3420,3.4900165
5765,2273,3.3821356
5765,1378,3.2952933
5765,1587,3.1893344
5765,2414,3.1443853
5765,2133,3.0729868
5765,2094,2.7716923
5765,2668,2.535797
5765,160,2.3132868
5824,527,4.397266
5824,1198,4.2960715
5824,1287,4.0678205
5824,1136,4.02471
5824,1197,4.002043
5824,1240,3.9928358
5824,356,3.8958702
5824,2396,3.867769
5824,3347,3.7596276
5824,32,3.731186
5824,1968,3.705511
5824,1407,3.6590242
5824,2406,3.648356
5824,2872,3.6183074
5824,474,3.6176066
5824,2083,3.5899282
5824,1994,3.5629919
5824,2161,3.5626655
5824,2291,3.5566401
5824,2109,3.523667
5824,2108,3.4453597
5824,2001,3.4148202
5824,2231,3.4125707
5824,799,3.4112287
5824,471,3.3843517
5824,1747,3.334276
5824,2527,3.2817235
5824,3082,3.1834211
5824,2683,3.1801715
5824,2803,3.1266613
5824,748,3.069529
5824,586,3.0535848
5824,333,3.0325508
5824,95,2.9929886
5824,3513,2.9540234
5824,1603,2.8955128
5824,1379,2.8915062
5824,2247,2.825075
5824,719,2.6816607
5824,3273,2.651591
5824,2170,2.6257274
5824,2041,2.5970352
5824,1037,2.584311
5824,1591,2.5729995
5824,3483,2.5482347
5824,160,2.284504
5824,891,2.0509715
5824,880,1.9962261
5824,1389,1.7513509
4274,1584,3.1836934
4274,1552,3.1112173
4274,349,3.109583
4274,1673,3.0848548
4274,2676,3.0709286
4274,832,3.0437849
4274,292,3.0175953
4274,1357,2.9677918
4274,1401,2.930902
4274,708,2.9108696
4274,454,2.9061244
4274,1416,2.857663
4274,1422,2.7743893
4274,2428,2.6072485
1377,1198,3.7298303
1377,2028,3.7049265
1377,541,3.6870604
1377,2194,3.6003938
1377,497,3.553019
1377,1222,3.4367929
1377,1101,3.3526108
1377,2115,3.3457835
1377,1923,3.3408217
1377,2125,3.313975
1377,1215,3.2530615
1377,165,3.1875873
1377,367,3.1840384
1377,3070,3.1788719
1377,2278,3.1397953
1377,458,3.1378922
1377,2985,3.1368852
1377,362,3.1212287
1377,1090,3.120796
1377,597,3.098658
1377,1569,3.0748534
1377,2915,3.0632455
1377,377,3.0511293
1377,1259,3.0504937
1377,316,3.0386333
1377,3255,3.0375772
1377,333,3.0215244
1377,1586,2.9969072
1377,383,2.994799
1377,370,2.9533176
1377,2751,2.9448721
1377,2407,2.9188123
1377,852,2.8856711
1377,2371,2.877692
1377,1457,2.867995
1377,1479,2.8649101
1377,1277,2.849183
1377,231,2.8353934
1377,2457,2.8043914
1377,1687,2.792894
1377,2003,2.7831688
1377,2421,2.7664213
1377,95,2.7559018
1377,2148,2.738196
1377,1591,2.6929355
1377,653,2.6719012
1377,2340,2.6655786
1377,3937,2.5756843
1377,2668,2.5708334
1377,2642,2.5511506
1377,2456,2.5072863
1377,1831,2.5070255
1377,2404,2.4121454
1377,2375,2.4096963
1377,2004,2.373577
1377,2042,2.3518314
1377,2827,2.3287401
1377,420,2.18723
1377,3768,2.1274502
1377,2381,1.7427686
1377,1556,1.5000697
1377,2818,1.4204694
3578,3022,4.0669327
3578,608,3.8984203
3578,1617,3.8392382
3578,2609,3.8152273
3578,3578,3.7850204
3578,1641,3.6904988
3578,2194,3.6199923
3578,1270,3.614475
3578,2108,3.477508
3578,3608,3.445015
3578,2640,3.4013033
3578,3142,3.3725677
3578,2344,3.317182
3578,733,3.2100184
3578,597,3.198728
3578,3070,3.1498065
3578,2167,3.0651793
3578,2,3.0485268
3578,1422,2.886383
3578,3791,2.8540387
3578,2478,2.8460445
3578,1391,2.7731204
3578,2405,2.7675607
3578,2735,2.1746151
1995,2797,4.344655
1995,1097,4.310773
1995,1265,4.250015
1995,1259,4.242973
1995,2791,4.2146683
1995,1270,4.211889
1995,1923,4.149597
1995,2599,4.1083603
1995,2302,4.100054
1995,2916,3.8836527
1995,3285,3.6572318
1995,370,3.5355542
5682,593,4.638134
5682,2762,4.6208906
5682,47,4.4372177
5682,428,4.4103937
5682,150,4.387314
5682,1249,4.322153
5682,2871,4.306636
5682,1682,4.2679377
5682,1265,4.243092
5682,588,4.2428317
5682,101,4.192547
5682,34,4.1541243
5682,1721,4.1415253
5682,3526,4.134283
5682,69,4.1333785
5682,1356,4.1263304
5682,1500,4.1241236
5682,3753,4.0911427
5682,1370,4.0901985
5682,349,4.0788517
5682,163,4.0603228
5682,300,4.051573
5682,1414,4.0363708
5682,21,4.0145836
5682,353,4.0087914
5682,316,4.0022616
5682,1061,3.9616544
5682,3763,3.9272041
5682,1840,3.9059718
5682,2167,3.8925676
5682,832,3.8829136
5682,647,3.868658
5682,147,3.862862
5682,3512,3.8448553
5682,3107,3.8313105
5682,112,3.8277535
5682,3744,3.8123174
5682,2193,3.7884026
5682,2278,3.7778838
5682,1347,3.7586615
5682,1661,3.7462282
5682,1895,3.7240498
5682,3513,3.7107139
5682,852,3.7094977
5682,3197,3.7022662
5682,376,3.6555398
5682,2249,3.6500254
5682,372,3.6472518
5682,1769,3.6328666
5682,882,3.5893452
5682,3409,3.571371
5682,786,3.5601454
5682,1627,3.5317812
5682,1573,3.5255115
5682,1064,3.5188737
5682,2688,3.4844832
5682,1894,3.45017
5682,886,3.353595
5682,1320,3.3474884
5682,3623,3.3456838
5682,2431,3.334529
5682,328,3.325316
5682,1616,3.3104005
5682,1593,3.2582765
5682,2026,3.2132847
5682,2082,3.1875095
5682,3821,3.1715438
5682,784,3.1603477
5682,3208,2.9742546
5682,2713,2.8744204
5682,1636,2.84958
5682,3946,2.7098415
5682,3802,2.483686
5682,2701,2.191213
5682,3593,1.5640533
708,2791,3.9664333
708,3675,3.7558174
708,3753,3.674131
708,648,3.4581769
708,3513,3.3593621
708,694,2.2658808
4379,1148,4.3196163
4379,2028,4.1016665
4379,47,3.9275126
4379,3265,3.897671
4379,1961,3.8518891
4379,1,3.7902145
4379,2020,3.7878022
4379,162,3.7363951
4379,2716,3.71786
4379,1914,3.6429281
4379,866,3.6351385
4379,235,3.5528316
4379,2395,3.5008483
4379,553,3.4887934
4379,2321,3.4528964
4379,3793,3.414626
4379,81,3.3033931
4379,2628,3.252605
4379,266,3.150273
4379,1747,3.0699365
4379,2361,2.877027
4379,1909,2.8725836
4379,252,2.8468065
4379,224,2.8202283
4379,2759,2.8135567
4379,3155,2.7196705
4379,1866,2.6184225
4379,1805,2.58699
4379,724,2.5396817
4379,2829,2.5340562
4379,2558,2.3985546
4379,3045,2.3626294
4379,413,2.0590754
4379,174,1.5349382
4379,2412,1.333907
4379,3268,1.1048362
3231,1198,4.6511106
3231,1203,4.5637603
3231,1291,4.452849
3231,1299,4.4048524
3231,1287,4.3425345
3231,1246,4.251075
3231,1997,4.2265444
3231,2948,4.221328
3231,2081,4.1051674
3231,3066,4.069055
3231,3461,3.9643433
3231,2161,3.928927
3231,2140,3.9206564
3231,2929,3.8871002
3231,1416,3.6241674
413,1196,4.8552566
413,3114,4.845789
413,2858,4.7838893
413,2324,4.7660766
413,32,4.647362
413,2313,4.6293945
413,17,4.6205773
413,2302,4.5772176
413,1302,4.528463
413,36,4.5220385
413,2355,4.3998756
413,3125,4.394559
413,1959,4.365555
413,3108,4.2102823
413,2474,4.1340694
413,2942,4.077183
240,1148,4.169747
240,1234,3.8927844
240,1214,3.7078621
240,150,3.6637523
240,1617,3.535569
240,2302,3.4821613
240,589,3.3956146
240,3448,3.3527932
240,2406,3.3336954
240,2941,3.3263545
240,2949,3.2519243
240,1917,3.227244
240,3105,3.1457357
240,1385,2.9571197
240,3699,2.9429107
240,788,2.7912579
240,2012,2.683888
240,1320,2.4973168
240,2699,2.3430128
3689,2707,3.3559387
3689,62,3.348753
3689,141,3.3123791
3689,832,3.3009098
3689,2294,3.2950284
3689,2427,3.2700918
3689,482,3.2277408
3689,10,3.1766024
3689,277,3.013117
3689,371,2.9206636
3689,282,2.9162652
3689,494,2.8947868
3689,2560,2.8829377
3689,1391,2.8613586
3689,1544,2.636779
3689,1586,2.5618193
3689,1523,2.408141
3689,1342,2.369936
3689,1475,2.3248947
3689,782,2.298944
3689,466,2.277285
3689,3438,2.1023371
2031,1212,4.455565
2031,898,4.3014336
2031,3429,4.2357273
2031,951,4.1848497
2031,3334,4.09073
2031,34,4.0257797
2031,968,3.7576227
2031,1965,3.754291
2031,1484,3.7398617
2031,3851,3.7338674
2031,2390,3.6879907
2031,3951,3.6468534
2031,1584,3.561265
2031,1527,3.3622367
2031,2734,3.3422112
2031,3618,3.3242946
2031,627,3.3181667
2031,2710,3.0751488
2031,3535,3.0738263
2031,1645,3.0001767
2031,2541,2.7263517
2031,2098,2.5400314
2031,2793,2.2740877
2031,2719,1.6217742
2033,3719,2.9083853
2033,3566,2.852306
2033,3915,2.7727985
2033,3886,2.3863108
2033,3901,1.550087
5854,593,4.3605447
5854,457,4.1983423
5854,733,4.028593
5854,3256,3.9232845
5854,39,3.8096013
5854,7,3.7883914
5854,2669,3.7789316
5854,24,3.7466443
5854,785,3.6084397
5854,2605,3.5938544
5854,2747,3.5491698
5854,1717,3.5377336
5854,2672,3.5364423
5854,273,3.4797924
5854,547,3.4748368
5854,344,3.4671695
5854,1379,3.4541364
5854,1779,3.4306397
5854,1588,3.4120302
5854,3264,3.4009845
5854,1831,3.3707428
5854,2793,3.3626814
5854,3017,3.3530424
5854,153,3.311368
5854,517,3.294742
5854,132,3.287051
5854,2460,3.2756503
5854,2878,3.2705703
5854,818,3.2512112
5854,2119,3.213501
5854,1499,3.1863549
5854,173,3.0933156
5854,2548,3.028587
5854,291,2.980908
5854,2461,2.9408598
5854,1998,2.5680501
5854,1105,2.5618129
5854,1556,2.4134471
5854,2807,2.3578713
3277,318,4.793306
3277,1148,4.7218733
3277,1104,4.4910474
3277,1293,4.3311167
3277,32,4.1880794
3277,1060,4.163269
3277,1954,4.1272855
3277,3160,4.06034
3277,1694,3.9500902
3277,3100,3.9165115
3277,2291,3.7827284
3277,1012,3.6670105
3277,39,3.6537492
3277,1173,3.4882183
5046,318,4.7284975
5046,50,4.5623975
5046,1252,4.5176396
5046,1237,4.388633
5046,1225,4.3864193
5046,1284,4.382448
5046,246,4.376618
5046,3468,4.3540416
5046,1197,4.352065
5046,1228,4.327407
5046,3365,4.322471
5046,2726,4.3171835
5046,2997,4.300276
5046,1217,4.299144
5046,3421,4.295354
5046,3201,4.268279
5046,456,4.2459435
5046,1246,4.242448
5046,1240,4.237316
5046,1944,4.236557
5046,3083,4.2227087
5046,1,4.212759
5046,1214,4.2092004
5046,541,4.2081857
5046,1291,4.2003794
5046,1249,4.195054
5046,2932,4.184991
5046,2501,4.1848984
5046,2871,4.1734943
5046,2648,4.1722116
5046,3019,4.1695495
5046,1264,4.1494336
5046,1834,4.1334944
5046,3077,4.1287246
5046,32,4.1164303
5046,1333,4.1072664
5046,3418,4.08463
5046,1961,4.067564
5046,3060,4.0484056
5046,162,4.0413094
5046,334,4.037918
5046,1957,4.0260687
5046,3044,4.002985
5046,3210,3.9848328
5046,2797,3.9834456
5046,2178,3.966846
5046,1682,3.9638333
5046,2968,3.9162192
5046,1073,3.9005446
5046,1663,3.8813453
5046,2118,3.8673964
5046,2240,3.8594978
5046,2551,3.848154
5046,671,3.8452988
5046,2022,3.8423324
5046,1994,3.8136833
5046,596,3.790893
5046,11,3.7797437
5046,412,3.7680674
5046,3070,3.6955934
5046,2683,3.669926
5046,3267,3.669551
5046,3052,3.6626782
5046,2355,3.651433
5046,144,3.6479065
5046,3614,3.6259236
5046,2641,3.5248141
5046,1711,3.4889836
5046,2928,3.4870493
5046,2261,3.4844208
5046,104,3.4794888
5046,2110,3.455004
5046,417,3.4517207
5046,1255,3.4472017
5046,3087,3.424201
5046,3018,3.4148974
5046,3740,3.4088345
5046,3763,3.400144
5046,70,3.3991234
5046,3264,3.3567991
5046,1347,3.289763
5046,648,3.2897205
5046,344,3.272253
5046,2247,3.2068608
5046,2252,3.1791677
5046,733,3.0823567
5046,513,2.9014006
5046,3243,2.8762352
5046,1483,2.80633
5046,1544,2.4582858
5046,540,2.4233875
5046,1385,2.4012048
5046,3385,2.3341467
5046,3692,2.2252088
5046,160,2.1108775
4808,318,4.3781066
4808,2019,4.0984893
4808,1276,3.9056396
4808,1206,3.838725
4808,3671,3.8030772
4808,2762,3.7533588
4808,1079,3.7503786
4808,1265,3.706516
4808,1307,3.683176
4808,1036,3.6718166
4808,588,3.6550517
4808,1257,3.6227484
4808,741,3.604639
4808,2949,3.5917332
4808,2401,3.5772116
4808,34,3.5732884
4808,3361,3.5708532
4808,3681,3.5708337
4808,1784,3.5692456
4808,2080,3.5560093
4808,3256,3.5256102
4808,1035,3.503203
4808,2000,3.4883292
4808,2006,3.4779112
4808,2841,3.4656954
4808,279,3.4633944
4808,1587,3.4447732
4808,1343,3.425284
4808,24,3.4246168
4808,3418,3.4204025
4808,198,3.4187531
4808,2005,3.4064007
4808,663,3.3995585
4808,2125,3.3963642
4808,2734,3.3875513
4808,349,3.387032
4808,1479,3.3858411
4808,1088,3.3803132
4808,1777,3.3786128
4808,2572,3.3642879
4808,1688,3.3571239
4808,3194,3.3517187
4808,3269,3.3473053
4808,648,3.3435364
4808,494,3.3387947
4808,2090,3.3385677
4808,2541,3.3375335
4808,1059,3.3365088
4808,2291,3.3224719
4808,3409,3.3050675
4808,2457,3.2880514
4808,3033,3.277013
4808,3701,3.263323
4808,3602,3.2623568
4808,1130,3.2619815
4808,2770,3.2606807
4808,673,3.2548661
4808,3617,3.253661
4808,2587,3.2488165
4808,105,3.245914
4808,237,3.244267
4808,3528,3.241244
4808,70,3.237786
4808,1876,3.2351737
4808,3254,3.2208555
4808,2694,3.2189193
4808,450,3.2126322
4808,586,3.2057748
4808,1024,3.193301
4808,2322,3.193082
4808,2539,3.1922352
4808,2252,3.1892118
4808,886,3.1821656
4808,1377,3.1800764
4808,2402,3.171697
4808,2405,3.161515
4808,2723,3.1607964
4808,2793,3.1588664
4808,2429,3.1518643
4808,2146,3.1404529
4808,2535,3.1331286
4808,3743,3.127801
4808,3387,3.122864
4808,2699,3.1176043
4808,1021,3.114857
4808,2033,3.1142645
4808,996,3.1140041
4808,338,3.1023753
4808,694,3.0956316
4808,2387,3.0666976
4808,2092,3.0479937
4808,3716,3.0342577
4808,3710,3.0172956
4808,3773,2.9998605
4808,737,2.9708292
4808,742,2.9679804
4808,2815,2.9630957
4808,1445,2.9540033
4808,1334,2.8473918
4808,1867,2.8056257
4808,692,2.7720065
4808,870,2.7319274
4808,1497,2.6990776
4808,2514,2.5096836
1465,1304,4.4030085
1465,2028,4.3832216
1465,3196,4.3551245
1465,1294,4.3392997
1465,914,4.318264
1465,3475,4.223865
1465,3634,4.1988993
1465,3508,4.189522
1465,1096,4.189322
1465,1674,4.1749706
1465,1288,4.1699944
1465,1387,4.168655
1465,3811,4.1522346
1465,3471,4.141323
1465,1259,4.123328
1465,2648,4.1166635
1465,2132,4.1061134
1465,2268,4.096118
1465,2797,4.0899677
1465,2944,4.040453
1465,902,4.0006905
1465,2971,4.00061
1465,3098,3.9971695
1465,897,3.9700203
1465,3545,3.9697986
1465,3871,3.9514582
1465,1500,3.9080038
1465,1082,3.8950531
1465,1125,3.8541255
1465,2916,3.790894
1465,2137,3.7847898
1465,1286,3.7550151
1465,2403,3.7396069
1465,2009,3.7316918
1465,2474,3.6911507
1465,648,3.6902213
1465,3219,3.632456
1465,2736,3.6205292
1465,2001,3.6088104
1465,292,3.59218
1465,2290,3.5915935
1465,3141,3.5060928
1465,2110,3.4774132
1465,2942,3.4538047
1465,2105,3.4186862
1465,3274,3.3623042
1465,2617,3.3277493
1465,2378,3.289925
1465,1801,3.284258
1465,1586,3.2603478
1465,2792,3.19321
1465,2121,3.0720897
1465,2701,2.17526
5976,1198,4.047121
5976,1270,3.7285938
5976,2686,3.6732128
5976,581,3.650781
5976,2791,3.626315
5976,1175,3.5830917
5976,1261,3.576679
5976,2739,3.5683768
5976,3543,3.5610437
5976,3046,3.3515549
5976,2114,3.3146205
5976,3398,3.2241573
5976,1619,3.021387
5976,3005,2.5774653
2126,1199,3.4027154
2126,1097,3.1675882
2126,2287,3.0098658
2126,3770,2.7740629
2126,1917,2.603359
2126,788,2.5549817
2126,1690,2.3233871
1787,541,3.9884903
1787,3317,3.7101433
1787,480,3.3266356
1264,1250,4.4591236
1264,1193,4.43386
1264,2762,4.3495736
1264,1704,4.3081713
1264,3196,4.278131
1264,162,4.2106576
1264,1200,4.2010107
1264,1084,4.1985593
1264,3006,4.1523643
1264,3359,4.1388955
1264,994,4.136808
1264,1249,4.125985
1264,2966,4.1075764
1264,1265,4.107532
1264,1947,4.1061735
1264,1960,4.0787497
1264,457,4.076782
1264,778,4.014846
1264,1028,3.9764566
1264,3098,3.9578648
1264,1954,3.9315753
1264,1500,3.916199
1264,1282,3.9045272
1264,3105,3.8608458
1264,1912,3.8500538
1264,3448,3.7972322
1264,2144,3.7966313
1264,3267,3.763567
1264,2912,3.7396154
1264,1127,3.7093856
1264,1179,3.7081013
1264,3169,3.661782
1264,62,3.6602004
1264,2353,3.6226125
1264,1017,3.5153165
1264,2474,3.501793
1264,2985,3.4456706
1264,1129,3.4167366
1264,2193,3.3933558
1264,2003,3.3241234
1264,1835,3.303693
1264,2527,3.2817998
1264,610,3.2675738
1264,105,3.1665463
1264,1876,3.1448197
1264,3614,3.0930638
1264,2012,3.0303342
1264,1544,3.0167642
1264,2011,3.002527
1264,1586,2.9877808
1264,1895,2.9869583
1264,550,2.9020503
1264,852,2.8563986
1264,517,2.7916098
1264,3489,2.7907307
1264,724,2.7768354
1264,2492,2.7744036
1264,1917,2.7421215
1264,2054,2.664847
1264,466,2.6538146
1264,2266,2.6086762
1264,1037,2.5249622
1264,2986,2.4125867
1264,1373,2.3448324
1264,64,2.113703
1264,2549,1.839713
1264,160,1.8072215
702,908,4.26791
702,3134,4.1829696
702,1617,4.056523
702,1200,4.0069017
702,1225,3.996343
702,953,3.8984723
702,3095,3.8361454
702,1259,3.8026452
702,589,3.7648342
702,3471,3.7475
702,356,3.6808968
702,41,3.6784673
702,1302,3.6483846
702,934,3.6435757
702,1078,3.6404066
702,1732,3.6000993
702,3364,3.582311
702,2662,3.5364203
702,3200,3.5040991
702,3061,3.4671257
702,1124,3.4646878
702,2134,3.3805525
702,2427,3.3755052
702,2081,3.3700323
702,2349,3.334997
702,2000,3.3085237
702,3506,3.2355635
702,2423,3.2325277
702,2746,3.18837
702,3608,3.1051693
702,3519,3.0809155
702,3753,3.0464656
702,780,3.0347147
702,2001,2.9984834
702,3157,2.9625404
702,3791,2.897202
702,537,2.8452466
702,1485,2.8078368
702,2639,2.7974105
702,852,2.4173214
702,2378,2.3771904
702,2410,2.3220067
702,2471,2.1699698
702,2986,2.0940063
702,3431,2.0563862
702,1523,2.0292382
1737,2028,4.404968
1737,2762,4.331327
1737,1674,4.1764245
1737,1089,4.1520114
1737,1090,4.084728
1737,778,4.0795174
1737,180,4.06891
1737,1721,4.004276
1737,474,3.9836905
1737,1266,3.9804802
1737,3039,3.9770997
1737,1912,3.9374232
1737,2716,3.9329023
1737,3952,3.9317603
1737,2693,3.931432
1737,357,3.9228535
1737,1584,3.9186943
1737,1673,3.9180858
1737,1653,3.8871005
1737,1298,3.8757496
1737,2406,3.8676167
1737,2841,3.8292317
1737,3479,3.8162446
1737,2058,3.7871618
1737,1917,3.7484837
1737,1372,3.7411642
1737,1375,3.7390666
1737,333,3.7340791
1737,2240,3.7326446
1737,2407,3.7299008
1737,2734,3.70244
1737,266,3.6969612
1737,1042,3.68295
1737,1027,3.6575108
1737,3686,3.637251
1737,2889,3.615768
1737,112,3.6140442
1737,494,3.61333
1737,2759,3.5983849
1737,1722,3.597434
1737,3917,3.595033
1737,2424,3.5889485
1737,1858,3.5803218
1737,3701,3.5770335
1737,2613,3.5501246
1737,231,3.534358
1737,1690,3.5194426
1737,2772,3.4975781
1737,434,3.4864583
1737,1762,3.4847293
1737,303,3.4498847
1737,3837,3.4134045
1737,2410,3.4069946
1737,1983,3.3882895
1737,185,3.379152
1737,3937,3.3697586
1737,3156,3.3695388
1737,1970,3.337618
1737,2060,3.326522
1737,1544,3.3151288
1737,2428,3.3042433
1737,410,3.288269
1737,879,3.2725453
1737,842,3.254002
1737,191,3.1503081
1737,2906,3.0526628
1737,15,3.0000734
1737,355,2.9597418
1737,2408,2.9581454
1737,3442,2.9248471
1737,1126,2.8750448
1737,3841,2.861154
1737,1969,2.798944
1737,3710,2.7921739
1737,1973,2.7858105
1737,606,2.7717319
1737,3669,2.7368898
1737,2119,2.7152462
1737,1831,2.6495862
1737,3877,2.4089227
1737,3689,2.3137317
1737,3042,2.1162035
1737,810,1.7215886
1519,50,4.5659513
1519,1136,4.457033
1519,2762,4.4237137
1519,296,4.4061584
1519,903,4.38521
1519,2186,4.364969
1519,3683,4.2950335
1519,1288,4.222665
1519,3742,4.0429544
1519,3175,3.6229799
1519,3081,3.5355403
1519,2455,2.5185442
1519,1721,2.415739
975,260,4.233218
975,1207,4.130204
975,527,4.087293
975,1208,3.9229183
975,1617,3.79255
975,110,3.7783449
975,1235,3.7638636
975,1387,3.7392225
975,902,3.7166972
975,1147,3.7126179
975,1704,3.6800187
975,1950,3.675591
975,1084,3.667168
975,3481,3.6633544
975,914,3.6474442
975,3654,3.6365957
975,2819,3.633065
975,589,3.6268575
975,3104,3.6079755
975,2871,3.5928955
975,6,3.5704436
975,866,3.538977
975,921,3.5284848
975,1079,3.5253944
975,1094,3.522232
975,2390,3.437445
975,348,3.3992887
975,2118,3.342608
975,3685,3.3250687
975,1307,3.31973
975,2174,3.2686214
975,1959,3.249655
975,1092,3.133428
975,3036,3.094442
975,2135,3.0904381
975,3706,2.9071784
975,64,1.9324908
5261,1208,3.9453597
5261,3083,3.8031754
5261,1201,3.7832289
5261,1084,3.7195206
5261,36,3.655587
5261,1674,3.5492446
5261,2289,3.5227327
5261,3735,3.4956534
5261,1356,3.100814
5261,1580,2.7533674
5261,2105,2.6998398
3075,318,4.2402873
3075,1221,4.1054983
3075,1197,4.0403185
3075,1172,3.9896815
3075,541,3.9717314
3075,1260,3.9310238
3075,608,3.89566
3075,1219,3.881402
3075,2066,3.837811
3075,2918,3.8028276
3075,2064,3.7924805
3075,1210,3.7521727
3075,2791,3.7258892
3075,2871,3.7081275
3075,3317,3.7075233
3075,1387,3.6949868
3075,2501,3.6629367
3075,562,3.6404643
3075,3363,3.6257744
3075,3499,3.611248
3075,1947,3.5404835
3075,1913,3.5054696
3075,1094,3.5035033
3075,2161,3.462645
3075,2915,3.4180045
3075,3418,3.3383088
3075,2321,3.3359702
3075,1354,3.2821515
3075,3189,3.2223198
3075,3301,3.1931143
3075,2065,3.127179
5401,2336,4.363588
5401,1028,4.348279
5401,1639,4.136353
5401,222,3.9874668
5401,1596,3.94199
5401,62,3.9275193
5401,1735,3.7498865
5401,351,3.722556
5401,1654,3.6351619
5401,1010,3.5826967
5401,46,3.4305925
5401,444,2.3970494
134,2571,4.3927536
134,3897,4.2925153
134,3114,4.271153
134,3578,4.0938826
134,3536,3.6167529
134,2167,3.3438
134,2879,3.3051841
134,198,3.1175058
134,3827,3.0518675
134,288,3.0470366
134,1573,3.0308905
134,552,2.9899006
134,1858,2.8732474
134,2723,2.7383437
134,3623,2.4322488
134,1391,2.246531
134,2616,2.1656454
134,1438,1.9915495
134,172,1.4222155
134,2807,1.0766836
4932,2028,4.4887795
4932,2804,4.456067
4932,1299,4.336203
4932,541,4.301092
4932,2396,4.2625284
4932,2917,4.2398844
4932,2859,4.221772
4932,2194,4.2042565
4932,3210,4.1960325
4932,1227,4.1639786
4932,590,4.1216354
4932,2599,4.1043396
4932,1784,4.0817165
4932,3019,4.079953
4932,3098,4.0780373
4932,1285,4.056439
4932,1912,4.0470033
4932,3068,4.0413427
4932,1500,4.010324
4932,110,4.0011244
4932,3260,3.9978814
4932,535,3.9422162
4932,1678,3.9164865
4932,3104,3.9121516
4932,3271,3.89333
4932,2425,3.8865294
4932,1517,3.8785462
4932,125,3.8712122
4932,300,3.7227852
4932,1061,3.5886316
4932,1701,3.545676
4932,183,3.4882176
4932,2453,3.4099655
4932,3699,3.4079726
4932,700,3.3311815
4932,1892,3.1125758
4932,1425,3.1089349
4932,1317,3.0818014
4932,848,3.0105495
4932,3711,2.8326569
4932,1806,2.477572
1983,1294,4.9705453
1983,457,4.96719
1983,1963,4.936
1983,3897,4.913642
1983,1278,4.871562
1983,1253,4.8545036
1983,1200,4.8351755
1983,1276,4.834136
1983,541,4.800927
1983,3421,4.757825
1983,3507,4.7414556
1983,2871,4.7320256
1983,915,4.7214293
1983,589,4.6854787
1983,356,4.6618056
1983,1171,4.6585093
1983,1923,4.6560097
1983,1222,4.6321487
1983,1954,4.6165957
1983,3362,4.587558
1983,11,4.5621743
1983,2968,4.558036
1983,2716,4.555373
1983,3366,4.5448036
1983,349,4.5384045
1983,1265,4.465823
1983,555,4.4475613
1983,1921,4.424788
1983,2991,4.3660464
1983,700,4.351651
1983,968,4.348515
1983,2005,4.3339534
1983,1194,4.3196487
1983,1385,4.2670193
1983,3174,4.258849
1983,3896,4.253151
1983,1777,4.225585
1983,1573,4.223424
1983,2541,4.1920457
1983,3638,4.161663
1983,2683,4.129346
1983,1785,4.1251583
1983,3827,4.1185546
1983,367,4.0340867
1983,2124,4.0229945
1983,3016,4.0197744
1983,1552,4.0067034
1983,1009,3.9721007
1983,1390,3.968828
1983,3274,3.8654904
1983,2287,3.8530314
1983,1646,3.82884
1983,3864,3.683485
1983,3257,3.6707964
1983,95,3.6391158
1983,1894,3.6263523
1983,2365,3.5961945
1983,1438,3.5726197
1983,2421,3.5199864
1983,3484,3.2102308
1983,1453,2.9795957
1983,2456,2.9102316
1983,102,2.0747411
1983,3268,2.0256286
230,296,4.4906826
230,1307,4.3954897
230,3671,4.369293
230,608,4.3551826
230,1077,4.3245955
230,1214,4.278766
230,1230,4.264991
230,1270,4.2469654
230,2871,4.232003
230,1923,4.230256
230,509,4.160433
230,1078,4.155926
230,1721,4.107667
230,2115,4.076149
230,1094,4.0479507
230,3358,4.011219
230,1081,3.9870305
230,3948,3.9850664
230,1711,3.8608813
230,21,3.851065
230,2021,3.8464792
230,2105,3.7379353
230,1135,3.7291338
5599,2028,4.5396852
5599,2762,4.4889736
5599,3510,4.1223392
5599,2599,4.101283
5599,493,3.8668776
5599,803,3.7878766
5599,1608,3.7599034
5599,266,3.6778252
5599,1722,3.662392
5599,3567,3.603913
5599,2879,3.6029108
5599,2006,3.5342813
5599,351,3.529653
5599,301,3.3912818
5599,2337,3.3880367
5599,163,3.3477564
5599,3565,3.3427541
5599,1385,3.2673779
5599,3409,3.153746
5599,3219,3.1447978
5599,2718,3.1320548
5599,1100,2.7474966
2358,318,4.72801
2358,2070,4.104594
2358,456,4.0997815
2358,3219,3.8031485
2358,2707,3.7988114
2358,3176,3.7541513
1128,858,4.307608
1128,1250,4.176384
1128,1204,4.167777
1128,296,4.1307597
1128,1200,4.0061297
1128,2206,3.9326322
1128,1244,3.921198
1128,909,3.9031649
1128,1079,3.8584425
1128,3471,3.8483467
1128,2966,3.8385983
1128,2917,3.8369393
1128,3504,3.7741513
1128,2183,3.7475564
1128,933,3.7282972
1128,3735,3.7115402
1128,534,3.6952996
1128,902,3.692746
1128,1285,3.6080265
1128,235,3.5860085
1128,3200,3.5694928
1128,1238,3.556958
1128,2730,3.534648
1128,3168,3.525829
1128,2243,3.5184784
1128,1124,3.4934125
1128,431,3.4727678
1128,2109,3.4273264
1128,3576,3.4122913
1128,1374,3.4054432
1128,2112,3.289557
1128,2240,3.264896
1128,253,3.2155447
1128,2734,3.054846
1128,781,3.0275588
1128,2013,3.023277
1128,2100,2.8534548
1128,2021,2.7987933
1128,3115,2.7866614
1128,2003,2.6803193
1128,2409,2.6499486
1128,1101,2.612093
1128,1375,2.6086218
1128,3844,2.5514278
1128,3698,2.5407956
1128,2470,2.5235834
1128,1205,2.4356003
1128,3918,2.334214
1128,2269,2.2689946
1128,2410,2.2654393
1128,2900,2.140552
1128,3840,2.0826058
1128,3394,2.014557
1128,2034,1.8752296
1128,1983,1.697618
1128,1969,1.4746007
1128,2122,1.4196095
1128,3689,1.3588328
1224,318,4.7086153
1224,2762,4.643518
1224,3089,4.594205
1224,2324,4.5418825
1224,950,4.489773
1224,1267,4.44414
1224,750,4.438335
1224,1219,4.4182673
1224,1196,4.4005556
1224,1235,4.3335776
1224,971,4.288295
1224,3037,4.268114
1224,3481,4.2653303
1224,3929,4.2594104
1224,1946,4.257393
1224,1960,4.256799
1224,1954,4.240576
1224,2797,4.188718
1224,1303,4.152939
1224,931,4.1434774
1224,3527,4.128563
1224,2202,4.118958
1224,3622,4.1021605
1224,25,4.069696
1224,3061,4.0651646
1224,3871,4.0584126
1224,149,4.053488
1224,34,3.9721732
1224,2022,3.9636703
1224,21,3.9366388
1224,1343,3.910412
1224,368,3.8395367
1224,1660,3.8272362
1224,2205,3.7811818
1224,1350,3.7620811
1224,2427,3.7207139
1224,2110,3.6878128
1224,3809,3.6219418
1224,1042,3.617216
1224,2003,3.561618
1224,3259,3.5537605
1224,2145,3.5104969
1224,3755,3.5045805
1224,3036,3.4878895
1224,84,3.4789736
1224,2015,3.4409046
1224,2252,3.4170394
1224,1377,3.046105
1224,2402,2.7504117
1213,1234,4.5684185
1213,3512,3.9029446
1213,2455,3.5621586
3844,1193,4.8834662
3844,1032,4.3228235
3844,2064,4.2312355
3844,2826,4.1622663
3844,3637,4.1599407
3844,2976,4.102887
3844,3264,4.0289392
3844,3176,3.9172306
3844,891,3.8096132
3844,1389,3.5832567
5691,1287,4.5767765
5691,1304,4.5062304
5691,2078,4.1957126
5691,3104,4.1921816
5691,3082,4.1190243
5691,2001,4.073497
5691,3479,4.011388
5691,3040,3.9234016
5691,339,3.797987
5691,2615,3.779853
5691,2821,3.5874782
5691,1377,3.5621452
5468,858,4.5282636
5468,1193,4.5270877
5468,1221,4.451462
5468,1213,4.372587
5468,2571,4.349763
5468,1617,4.2399187
5468,1963,4.225378
5468,1089,4.162956
5468,1111,4.1449995
5468,1090,4.114212
5468,1953,4.09588
5468,1274,4.05688
5468,1240,4.028258
5468,2947,4.020396
5468,1291,4.017932
5468,2918,4.0124454
5468,2919,3.978829
5468,2966,3.9722877
5468,2067,3.9540663
5468,1289,3.950736
5468,457,3.8727562
5468,348,3.8543522
5468,3328,3.786861
5468,1343,3.751761
5468,3526,3.7363007
5468,2150,3.7266972
5468,1966,3.7074962
5468,934,3.6753197
5468,412,3.6444798
5468,1517,3.64403
5468,3415,3.5699973
5468,2294,3.5102968
5468,3633,3.404611
5468,1232,3.3616838
5468,3676,3.3438478
5468,1173,3.318924
5468,1407,3.291922
5468,371,3.2621362
5468,2133,3.0244083
5468,350,2.9758923
5468,3263,2.9079552
5468,3262,2.7778497
5468,338,2.6108632
5468,327,2.5062704
4227,1221,4.2557297
4227,923,4.2528353
4227,1203,4.252578
4227,1234,4.201545
4227,912,4.1914873
4227,599,4.140789
4227,1242,4.1181
4227,3819,4.0353355
4227,1950,3.9835773
4227,924,3.9704933
4227,296,3.9403384
4227,293,3.938908
4227,3836,3.9304163
4227,1931,3.9173894
4227,2863,3.8348546
4227,943,3.8226478
4227,1394,3.7931752
4227,1639,3.7908597
4227,909,3.766968
4227,2921,3.764379
4227,1292,3.7537577
4227,2872,3.7463658
4227,590,3.7283425
4227,357,3.7129076
4227,3246,3.7053185
4227,2359,3.670106
4227,1028,3.66832
4227,588,3.5867152
4227,471,3.5765817
4227,233,3.5685425
4227,2178,3.5625474
4227,1120,3.5468473
4227,6,3.5276382
4227,1356,3.5088816
4227,934,3.5019195
4227,3039,3.4531245
4227,1179,3.3973858
4227,2988,3.3655593
4227,3020,3.3536747
4227,3760,3.3440628
4227,1129,3.330123
4227,3702,3.297154
4227,2457,3.2971294
4227,3527,3.1888921
4227,1982,3.139976
4227,1722,3.1305842
4227,1286,3.1200204
4227,2134,3.118399
4227,961,3.08843
4227,367,2.9687898
4227,2414,2.955113
4227,2454,2.9301634
4227,2496,2.8980064
4227,353,2.8470116
4227,2249,2.8365521
4227,3427,2.8278525
4227,1007,2.7919757
4227,1047,2.7474446
4227,3672,2.7336533
4227,852,2.7036648
4227,532,2.6997695
4227,2040,2.6821625
4227,1866,2.6815188
4227,2023,2.6339045
4227,442,2.5971951
4227,2605,2.5793786
4227,2517,2.5498574
4227,1135,2.5268385
4227,3082,2.502687
4227,1391,2.477588
4227,131,2.428197
4227,305,2.3052015
4227,2004,2.2943642
4227,1991,2.2564173
4227,3708,2.2395105
4227,2374,2.2266777
4227,177,2.1820889
4227,2402,2.1582203
4227,2377,2.143337
4227,3247,2.0766444
4227,2456,2.046783
4227,267,2.0193467
4227,379,1.9215986
4227,765,1.9018617
4227,2835,1.8611441
4227,3692,1.7805378
4227,1432,1.7745221
4227,20,1.7672334
4227,1332,1.7669938
4227,1987,1.7375472
4227,3766,1.7007399
4227,3688,1.6655887
4227,2088,1.633114
4227,3388,1.6185192
4227,485,1.6074787
4227,886,1.5954127
4227,3696,1.5893776
4227,332,1.46843
4227,459,1.4250524
4227,2851,1.4214549
4227,3835,1.4146334
4227,3024,1.3838446
4227,2162,1.3260319
4227,3564,1.2697505
4227,405,1.2532161
4227,2053,1.2507789
4227,419,1.2415233
4227,1445,1.2059298
4227,1992,1.1121361
4227,2798,1.1105428
4227,3391,1.0974652
4227,843,1.0520935
4227,810,0.9949446
4227,1105,0.9883567
4227,1996,0.98385143
5994,1291,4.7333326
5994,1201,4.691133
5994,110,4.597406
5994,2948,4.4829807
5994,1408,4.3105574
5994,292,3.7703931
5994,3238,2.7761152
2474,1252,4.612857
1883,2203,3.940589
1883,1148,3.9045548
1883,1230,3.7183313
1883,556,3.7165046
1883,2973,3.7148008
1883,2927,3.7128289
1883,1226,3.694885
1883,1294,3.6844416
1883,3671,3.6260204
1883,3362,3.6207001
1883,2791,3.6043534
1883,1946,3.5999563
1883,2243,3.5298018
1883,1673,3.5264397
1883,2096,3.4738011
1883,1643,3.4675963
1883,2671,3.4524956
1883,483,3.4479814
1883,16,3.4389696
1883,539,3.401049
1883,1639,3.3780775
1883,538,3.3737373
1883,1912,3.3715215
1883,1083,3.3017259
1883,2125,3.2985911
1883,2443,3.2825887
1883,2001,3.270098
1883,2779,3.2516131
1883,417,3.2170172
1883,708,3.2113523
1883,3308,3.1881053
1883,2340,3.1537979
1883,2875,2.9978786
1883,573,2.977117
1883,377,2.9500167
1883,2405,2.92983
1883,46,2.918363
1883,3614,2.916521
1883,1380,2.9121134
1883,270,2.8194897
1883,2468,2.783966
1883,140,2.7455964
1883,1381,1.611241
853,1136,4.4673057
853,1294,4.3770447
853,3114,4.34665
853,356,4.2406588
853,590,4.1506963
853,316,3.9323843
853,3479,3.9118266
853,2991,3.868035
853,3703,3.8532567
853,2405,3.8360276
853,3698,3.7262623
853,2054,3.623745
3526,593,3.9455516
3526,1204,3.9170446
3526,50,3.9000075
3526,969,3.8610382
3526,903,3.8398438
3526,1233,3.7985334
3526,1240,3.772666
3526,2762,3.7513862
3526,2858,3.6753974
3526,2501,3.6636705
3526,1953,3.6384618
3526,562,3.6216516
3526,1256,3.6139731
3526,1036,3.6048007
3526,3037,3.5881119
3526,1238,3.588088
3526,3508,3.5816436
3526,1094,3.5695176
3526,150,3.5622807
3526,2716,3.5165296
3526,3342,3.5107818
3526,3681,3.4925337
3526,6,3.4606864
3526,901,3.3979244
3526,1639,3.392003
3526,2406,3.390571
3526,733,3.3631067
3526,1266,3.3536298
3526,1732,3.3447528
3526,3108,3.328177
3526,441,3.3128934
3526,1129,3.308698
3526,3476,3.27958
3526,3524,3.266798
3526,2100,3.2585433
3526,2278,3.2578888
3526,1958,3.2299583
3526,3466,3.2192965
3526,1054,3.2097259
3526,339,3.199814
3526,1378,3.166832
3526,1589,3.1653252
3526,3304,3.1584306
3526,780,3.1579533
3526,2145,3.15491
3526,1425,3.1424742
3526,1472,3.1188717
3526,1429,3.0780058
3526,2671,3.0638335
3526,3070,3.0629644
3526,1917,3.0593607
3526,2605,3.0368109
3526,2321,3.0366137
3526,1753,3.032586
3526,1416,3.021412
3526,2881,3.0118055
3526,3753,2.9886696
3526,3398,2.9690137
3526,2478,2.9512887
3526,2659,2.9440439
3526,304,2.9229817
3526,3087,2.9097054
3526,3755,2.9059956
3526,2770,2.8908226
3526,2469,2.8805401
3526,2413,2.8578088
3526,3827,2.8492827
3526,2803,2.8305202
3526,2262,2.820829
3526,70,2.8164842
3526,371,2.8068051
3526,1355,2.7927215
3526,2011,2.7560227
3526,18,2.72514
3526,1647,2.7045512
3526,3869,2.6946354
3526,3557,2.6883574
3526,586,2.65725
3526,387,2.6262429
3526,3354,2.6235518
3526,157,2.5958548
3526,3014,2.5492482
3526,3744,2.5165882
3526,544,2.5001314
3526,1379,2.4873464
3526,2120,2.4737172
3526,532,2.4218922
3526,2241,2.4135077
3526,1665,2.287086
3526,3063,2.2558417
3526,92,2.21088
3526,378,2.171056
3526,3048,2.1417565
3526,160,1.9121152
3526,237,1.8902154
3526,3804,1.7167313
3526,291,1.6399376
3526,2412,1.4974939
3526,3797,1.4957755
3526,692,1.493878
3526,847,1.4801081
3526,3662,1.4536035
3526,2719,1.4086537
3526,181,1.2356085
5349,2501,4.4172473
5349,916,4.3560157
5349,1537,4.2411995
5349,2020,4.194064
5349,58,4.184763
5349,3039,4.095484
5349,2359,4.085231
5349,3424,4.0802684
5349,1948,4.004182
5349,3361,4.0008616
5349,357,3.987093
5349,1958,3.9178364
5349,412,3.841351
5349,592,3.8301022
5349,1959,3.813577
5349,2022,3.797574
5349,803,3.764322
5349,2573,3.6726313
5349,1457,3.6356606
5349,2155,3.6325903
2619,318,4.673647
2619,260,4.5662355
2619,1262,4.5592747
2619,912,4.539653
2619,1304,4.328129
2619,1214,4.208701
2619,3006,4.1570296
2619,920,4.1375275
2619,2948,4.0721846
2619,3733,3.9457214
2619,1964,3.926041
2619,2688,2.876954
5053,527,4.71147
5053,296,4.5877805
5053,593,4.498496
5053,924,4.4604483
5053,3897,4.454853
5053,3481,4.3699455
5053,29,4.338123
5053,150,4.301292
5053,1097,4.213905
5053,1732,4.174307
5053,1923,4.1502905
5053,480,4.08533
5053,3328,4.079619
5053,3176,3.9238172
5053,198,3.8251047
5053,2681,3.8237574
5053,2641,3.791216
5053,3882,3.7196145
5053,2275,3.7171848
5053,3274,3.6825428
5053,3948,3.65597
5053,2325,3.6126213
5053,3698,3.56817
5053,2116,3.536664
5053,1690,3.3976836
5053,1373,3.3623898
5053,3863,3.2993262
5053,442,3.0166802
5053,485,2.700493
3266,1300,4.740193
3266,3897,4.63099
3266,246,4.6209574
3266,446,4.58167
3266,3424,4.5224786
3266,3481,4.5188828
3266,1214,4.485692
3266,1289,4.466987
3266,589,4.454447
3266,3006,4.432825
3266,3241,4.2292757
3266,233,4.2055244
3266,3040,4.1018486
3266,2598,3.6833456
3266,3798,3.6244464
3266,3247,2.8808353
3705,750,4.415367
3705,1252,4.3130245
3705,3196,4.2939773
3705,1217,4.259708
3705,1963,4.2210426
3705,2925,4.217842
3705,1949,4.216486
3705,910,4.213771
3705,111,4.202183
3705,1291,4.171707
3705,2396,4.170046
3705,1258,4.1649976
3705,1086,4.157263
3705,1293,4.1364064
3705,1,4.082387
3705,909,4.0762424
3705,1270,4.0509367
3705,3148,4.027179
3705,1060,3.987305
3705,3039,3.9847608
3705,1834,3.9740374
3705,2542,3.9599953
3705,2908,3.9594057
3705,1220,3.9349608
3705,594,3.9237485
3705,602,3.9112225
3705,1393,3.9105353
3705,121,3.906476
3705,2971,3.9021335
3705,3420,3.8905592
3705,1095,3.88697
3705,3418,3.8837702
3705,3260,3.8720117
3705,3751,3.8687644
3705,2750,3.8342433
3705,1101,3.8280163
3705,2076,3.8255286
3705,1295,3.8233354
3705,3700,3.7202778
3705,2181,3.7164347
3705,454,3.7153873
3705,2240,3.6798756
3705,2015,3.6795309
3705,3298,3.671976
3705,2474,3.661792
3705,1810,3.6579614
3705,2006,3.6511822
3705,2180,3.642515
3705,3684,3.6139455
3705,235,3.6067777
3705,3588,3.5779173
3705,2361,3.5774148
3705,3506,3.5488176
3705,1375,3.5446944
3705,806,3.5199506
3705,2985,3.5141888
3705,468,3.5102696
3705,2111,3.4769092
3705,1191,3.3732831
3705,1676,3.283937
3705,1711,3.2768376
3705,1717,3.1289406
3705,736,2.9833272
3705,3500,2.9094882
3705,387,2.7263548
3705,355,2.0275762
2541,356,3.9742813
2541,3253,3.8462007
2541,3039,3.7495682
2541,2144,3.745286
2541,1580,3.7386107
2541,3247,3.6142302
2541,3259,3.613385
2541,3769,3.549834
2541,2100,3.505528
2541,157,3.5049329
2541,2581,3.5043576
2541,3497,3.4757643
2541,2469,3.387394
2541,3014,3.376762
2541,2264,3.3638525
2541,435,3.2796378
2541,3921,3.2727375
2541,473,3.1241617
2541,466,3.0979364
2541,1445,3.0771935
2541,2379,3.0702102
2541,2053,3.05181
2541,3042,2.6357758
3002,922,5.069449
3002,745,4.973283
3002,950,4.7994432
3002,608,4.6893272
3002,1394,4.6651506
3002,1997,4.5993705
3002,1264,4.5398073
3002,2716,4.408576
3002,2355,4.3575807
3002,2395,4.349951
3002,3163,4.3490443
3002,125,4.2583
3002,3868,4.1058645
3002,2987,3.9524212
3002,2384,3.9453187
3002,2915,3.6740599
3002,1562,1.3385715
2525,1537,3.7914705
2525,909,3.6352878
2525,1968,3.5846403
2525,11,3.5700395
2525,3396,3.34259
3592,1250,5.084771
3592,1193,4.931179
3592,955,4.929616
3592,1197,4.907398
3592,1252,4.8453827
3592,1231,4.7750573
3592,1292,4.681419
3592,1090,4.658207
3592,356,4.6191263
3592,17,4.618702
3592,778,4.617091
3592,594,4.5606008
3592,3549,4.5100594
3592,1678,4.4974155
3592,2150,4.47186
3592,1641,4.4512234
3592,1282,4.44149
3592,2085,4.4361806
3592,2352,4.427761
3592,2076,4.3148603
3592,367,4.313402
3592,1216,4.3100386
3592,509,4.3099875
3592,2750,4.2951164
3592,2390,4.28316
3592,2321,4.2788997
3592,1711,4.259453
3592,848,4.1594486
3592,2688,4.148362
3592,151,4.120715
3592,2734,4.0922513
3592,2712,3.9513936
3592,2126,3.841495
3592,3263,3.833722
3081,2028,4.8206882
3081,3421,4.6990876
3081,1270,4.502055
3081,588,4.477899
3081,2662,4.4506817
3081,2951,4.436597
3081,596,4.3932037
3081,1407,4.390153
3081,2137,4.32998
3081,1527,4.293411
3081,1101,4.2604322
3081,2528,4.208589
3081,2174,4.150219
3081,2001,4.127389
3081,3476,4.0890517
3081,3760,4.075224
3081,2413,3.9773855
3081,316,3.950943
3081,2613,3.9466941
3081,2024,3.9389052
3081,2990,3.8889194
3081,2116,3.819174
3081,3869,3.8064647
3081,292,3.6806796
3081,2710,3.6215687
3081,3489,3.312151
3081,2808,2.7501607
3081,3877,2.4612443
3564,608,4.0900173
3564,2858,3.9464638
3564,2336,3.9317713
3564,1097,3.9115095
3564,1396,3.784274
3564,1127,3.569506
3564,1653,3.5180392
3564,1645,3.497356
3564,3253,3.427854
3564,3185,3.4064307
3564,1049,3.3864756
3564,177,3.2546544
3564,3113,3.2486897
3564,70,3.155048
3564,879,3.1391504
3564,208,3.0878372
3564,1320,2.9798121
3564,1676,2.9544134
3564,1342,2.9181314
3564,3476,2.9046707
3564,1772,2.7574415
3564,3354,2.475002
3564,3802,2.3994858
3884,1196,3.7043326
3884,2571,3.6948075
3884,1267,3.683257
3884,2329,3.590868
3884,3000,3.5449338
3884,2692,3.4976952
3884,1221,3.4857807
3884,111,3.4764407
3884,2303,3.4058623
3884,1224,3.3813784
3884,1077,3.3507452
3884,1258,3.2808595
3884,29,3.2779968
3884,471,3.2174578
3884,1257,3.1666436
3884,2580,3.1458714
3884,3551,3.14165
3884,41,3.1385796
3884,1188,3.0885053
3884,1275,3.0881853
3884,2289,3.081814
3884,2611,3.0775158
3884,3267,3.0717323
3884,1073,3.0628033
3884,1517,3.050159
3884,97,3.0027866
3884,3129,2.9932468
3884,1243,2.9505727
3884,2502,2.9500935
3884,348,2.947639
3884,3576,2.947342
3884,3108,2.9425225
3884,3418,2.9351592
3884,1648,2.9346437
3884,2371,2.9121795
3884,247,2.9101434
3884,2288,2.8993187
3884,3608,2.8867524
3884,480,2.882513
3884,1721,2.8775349
3884,1081,2.840475
3884,1587,2.8363557
3884,364,2.8186045
3884,2302,2.805218
3884,1034,2.8006501
3884,3386,2.779435
3884,862,2.7236376
3884,832,2.6584268
3884,3087,2.6124356
3884,2455,2.5782013
3884,465,2.5392404
3884,2406,2.5136042
3884,2420,2.4446497
3884,1902,2.4224734
3884,3698,2.4068701
3884,1799,2.317838
3884,1600,2.2807589
3884,3623,2.27118
3884,1339,2.2151964
3884,1458,2.1964412
3884,1377,2.1838846
3884,1911,2.043154
3884,3483,2.0173411
3884,639,1.9250443
3884,1355,1.8207633
3884,2888,1.8064296
3884,2881,1.7933483
3884,2367,1.7833557
3884,1037,1.6558613
3884,1717,1.5781806
3884,2701,1.42588
3884,1972,1.3265572
3884,1995,1.3151488
5306,296,4.210968
5306,1198,4.1637335
5306,912,4.1525807
5306,2396,4.0304565
5306,1394,3.9575768
5306,3359,3.92561
5306,2997,3.8910887
5306,2918,3.8850386
5306,971,3.8575385
5306,1610,3.8542762
5306,2716,3.853227
5306,2202,3.8285403
5306,590,3.8214233
5306,2268,3.791446
5306,1643,3.7233205
5306,2302,3.7095337
5306,1845,3.6698563
5306,3527,3.666993
5306,1396,3.6559055
5306,534,3.652647
5306,2080,3.6475723
5306,3260,3.6081486
5306,2083,3.600183
5306,1721,3.596358
5306,1682,3.5878868
5306,1343,3.58597
5306,2436,3.5778008
5306,272,3.5481567
5306,733,3.5217533
5306,1183,3.4904761
5306,832,3.4894984
5306,380,3.4684958
5306,3358,3.4598553
5306,3685,3.4034424
5306,3033,3.3638544
5306,2424,3.3455172
5306,1372,3.325157
5306,2759,3.298859
5306,2100,3.2792897
5306,1027,3.2706623
5306,3712,3.2661877
5306,329,3.258615
5306,3496,3.2472992
5306,2110,3.2379177
5306,1552,3.23629
5306,2167,3.1922998
5306,799,3.1667454
5306,351,3.1412468
5306,2735,3.1374052
5306,3623,3.0808668
5306,2417,3.0454147
5306,1544,3.035552
5306,2752,3.016347
5306,2267,2.9581046
5306,2,2.913772
5306,1591,2.9049942
5306,1806,2.8665009
5306,1603,2.7823086
5306,1391,2.7555108
5306,1831,2.5545309
5306,2421,2.5495768
5306,1515,2.545611
5306,518,2.4890018
5306,3190,2.1326883
5306,502,1.9953971
5306,1381,1.8122067
2130,3510,3.9534025
2130,3948,3.8267326
2130,3897,3.8078191
2130,3926,3.417327
2130,3923,3.2750928
2130,3190,3.2524261
2130,410,3.221703
2130,3921,3.2064385
2130,891,3.0701199
5026,1198,4.000735
5026,1617,3.8913956
5026,930,3.8642902
5026,953,3.7789984
5026,1247,3.7729642
5026,3578,3.75009
5026,3508,3.7041616
5026,1927,3.7003915
5026,1086,3.698121
5026,1231,3.683497
5026,457,3.6756492
5026,1291,3.6752286
5026,2194,3.6283662
5026,1263,3.6024022
5026,2948,3.594409
5026,2359,3.5791585
5026,2728,3.5673337
5026,2398,3.5344172
5026,1271,3.4986796
5026,1210,3.4521103
5026,2401,3.4060025
5026,1092,3.4058423
5026,1259,3.3890915
5026,3499,3.374508
5026,1653,3.3592222
5026,1721,3.3496315
5026,3203,3.3458982
5026,3526,3.329581
5026,2321,3.3244734
5026,3066,3.3083448
5026,10,3.2006056
5026,594,3.187665
5026,62,3.176456
5026,3702,3.118822
5026,592,3.1104639
5026,2455,3.0839794
5026,648,3.0616212
5026,3635,3.0512943
5026,2078,3.0349183
5026,2985,3.0283902
5026,34,2.9789977
5026,3015,2.9534779
5026,2976,2.9469478
5026,2470,2.9276562
5026,2734,2.9258056
5026,2996,2.9248579
5026,2346,2.893866
5026,1619,2.8857474
5026,2476,2.874399
5026,3519,2.8386946
5026,2,2.803595
5026,2355,2.742467
5026,351,2.6899672
5026,3557,2.6870904
5026,2006,2.6592782
5026,303,2.6582053
5026,1385,2.5634139
5026,2723,2.551738
5026,3633,2.5215776
5026,1009,2.5135243
5026,2375,2.3876474
5026,2054,2.3553085
5026,2961,2.331538
5026,2699,2.3133914
5026,1590,2.2502882
5026,2372,2.2341504
5026,2142,2.2282612
5026,836,2.0465512
5026,2385,2.012275
5026,2568,1.9763857
5026,1461,1.937538
5026,1882,1.9266241
5026,2953,1.8206595
5026,1752,1.7582879
5026,2379,1.7331921
5026,415,1.6881292
5026,2392,1.6846694
5026,1665,1.6816113
5026,1862,1.6632799
5026,2748,1.3885027
2437,50,4.4700966
2437,293,4.059705
2437,589,3.9222085
2437,2291,3.4444602
2437,3703,3.3041093
2437,2942,2.4758897
980,3578,3.826819
980,924,3.7035415
980,551,3.144404
980,364,3.0967603
980,661,2.8540306
980,2628,2.819684
980,780,2.6977012
980,2559,1.2548856
34,1258,4.480087
34,3088,4.4519377
34,2918,4.4029813
34,1259,4.3809743
34,1079,4.3625565
34,2791,4.292256
34,3536,4.283197
34,3039,4.2616496
34,3510,4.179226
34,1721,4.1570554
34,3499,4.0376053
34,1393,4.003608
34,3253,3.9956555
34,2291,3.8193617
34,1597,3.7403708
34,543,3.7301564
34,605,3.395708
34,2485,3.1493661
34,1541,3.1253173
34,3597,2.7537253
34,455,2.4038353
34,2382,1.5389273
2860,904,4.6877203
2860,1233,4.5923786
2860,750,4.585176
2860,2858,4.52835
2860,1104,4.5243444
2860,2571,4.4772873
2860,1212,4.475482
2860,1260,4.439039
2860,1949,4.4201694
2860,1300,4.38583
2860,1189,4.3644476
2860,1231,4.318737
2860,2859,4.300682
2860,1235,4.300414
2860,590,4.2453456
2860,1240,4.2253523
2860,2917,4.2068415
2860,1387,4.205802
2860,3679,4.191595
2860,1674,4.1560087
2860,3135,4.152353
2860,265,4.102962
2860,3925,4.0997705
2860,3281,4.0906496
2860,2706,4.075252
2860,1185,4.0711293
2860,2318,4.067652
2860,3384,4.062261
2860,1721,4.057389
2860,1466,3.9344397
2860,3230,3.9337711
2860,3703,3.9302118
2860,3361,3.9206724
2860,1081,3.917347
2860,342,3.8895025
2860,3538,3.8821473
2860,3253,3.849472
2860,2009,3.8418093
2860,3598,3.840528
2860,1345,3.811695
2860,230,3.8104768
2860,3608,3.7319124
2860,3298,3.7151067
2860,3706,3.6946955
2860,3251,3.6880655
2860,2901,3.5976405
2860,2346,3.5948756
2860,3300,3.570891
2860,811,3.5605087
2860,3445,3.5505865
2860,3525,3.5360608
2860,748,3.4879503
2860,3686,3.4153914
2860,3190,2.3761907
5458,1221,4.424755
5458,1198,4.3853884
5458,1225,4.321417
5458,910,4.2745924
5458,923,4.220522
5458,246,4.202507
5458,3811,4.108096
5458,3083,4.096447
5458,1387,4.0773716
5458,457,4.0706778
5458,2542,4.009231
5458,1292,3.9950573
5458,1673,3.989107
5458,2289,3.9802504
5458,1957,3.9739323
5458,3246,3.9351764
5458,1788,3.9253848
5458,1625,3.9207373
5458,1285,3.9064827
5458,2580,3.864737
5458,2872,3.8139777
5458,1183,3.6806617
5458,661,3.578364
5458,465,3.4239879
5458,2490,3.3374314
5458,1645,3.3219955
5458,3272,3.1267486
5458,1715,3.0689642
5458,1513,2.9160597
5458,2561,2.8235917
5458,2504,2.713913
5458,2369,2.7021744
5458,1687,2.6718469
5458,2724,2.613862
5458,332,2.358661
5458,1499,1.7653339
1920,318,3.9690156
1920,260,3.9463935
1920,1136,3.9247184
1920,1104,3.8913198
1920,1196,3.8725638
1920,527,3.7777112
1920,1208,3.7752624
1920,1278,3.7702663
1920,1246,3.726618
1920,1090,3.6582332
1920,589,3.6508665
1920,2872,3.6430097
1920,1097,3.6062775
1920,553,3.5889187
1920,2612,3.5858233
1920,2268,3.5795429
1920,2917,3.579514
1920,3271,3.5626976
1920,2528,3.487041
1920,1951,3.4765687
1920,3504,3.458839
1920,1663,3.4494865
1920,2991,3.4415815
1920,3733,3.4369469
1920,1080,3.4304285
1920,2144,3.4194317
1920,647,3.4141822
1920,2987,3.404491
1920,2243,3.4020233
1920,3703,3.3916678
1920,3033,3.390486
1920,1088,3.3238063
1920,2081,3.2938719
1920,3685,3.277701
1920,3494,3.271594
1920,357,3.259494
1920,1479,3.2484102
1920,1408,3.2409687
1920,1465,3.2374282
1920,3034,3.1937149
1920,708,3.164455
1920,1888,3.1436017
1920,3602,3.098526
1920,2468,3.08053
1920,2896,3.0787516
1920,3194,3.0302997
1920,2410,2.9978833
1920,1701,2.952361
1920,631,2.4415617
2175,912,4.5728273
2175,2858,4.5608435
2175,1242,4.524587
2175,296,4.467264
2175,2289,4.3697863
2175,3481,4.283265
2175,1374,4.2173176
2175,3361,4.198379
2175,1580,4.1922426
2175,1968,4.1918826
2175,101,4.18482
2175,1396,4.1292706
2175,3275,3.972979
2175,3108,3.9717522
2175,653,3.870055
2175,3174,3.7981553
2175,2342,3.7193003
2175,1894,3.6507373
2175,303,3.5632234
2175,3596,3.2876208
5317,318,4.9383574
5317,1207,4.8035464
5317,933,4.6325235
5317,1269,4.6300945
5317,913,4.6085243
5317,1287,4.465057
5317,1446,4.4402122
5317,1079,4.424518
5317,3090,4.421361
5317,1960,4.3878665
5317,1962,4.3197665
5317,2318,4.2976193
5317,3361,4.291149
5317,778,4.2863684
5317,345,4.2807875
5317,3499,4.2708416
5317,1641,4.250194
5317,3420,4.249231
5317,2081,4.2462254
5317,3260,4.2407002
5317,850,4.2136717
5317,3526,4.181787
5317,2967,4.171726
5317,265,4.155548
5317,82,4.128528
5317,1729,4.091396
5317,1951,4.0702405
5317,2406,4.0225716
5317,1464,4.0179996
5317,2110,3.9006076
5317,2774,3.899511
5317,380,3.8836799
5317,2407,3.8623595
5317,1612,3.785923
5317,3882,3.782124
5317,381,3.6921482
5317,2388,3.658071
5317,1377,3.6413546
5317,2093,3.3926928
5317,208,3.0214505
5317,3835,2.9910088
5317,166,2.7040486
5317,3024,2.5541687
5317,1996,1.9327688
1473,1197,4.2379446
1473,2028,4.194433
1473,1201,4.0644197
1473,1950,4.036671
1473,1251,4.0288553
1473,914,4.01126
1473,3467,3.8950622
1473,2924,3.7902992
1473,176,3.7756813
1473,3366,3.700187
1473,1610,3.6983383
1473,2288,3.5947678
1473,2870,3.4250937
1473,3635,3.096826
1473,2001,3.068575
1473,1876,2.644006
1473,780,2.5857737
1473,2641,2.57569
1473,3441,2.553429
1473,2376,2.474323
1473,3623,2.3406208
1473,95,1.9935894
1473,2126,1.940564
1473,3208,1.9198844
1473,2367,1.9098337
1306,953,4.8523684
1306,1233,4.7709956
1306,47,4.764354
1306,1253,4.7276735
1306,2300,4.708633
1306,2797,4.700211
1306,2692,4.627295
1306,2761,4.623454
1306,1704,4.5652447
1306,589,4.541227
1306,3281,4.532666
1306,480,4.462675
1306,1282,4.4085846
1306,3104,4.391835
1306,3471,4.3372593
1306,3178,4.300869
1306,300,4.2997675
1306,2406,4.29525
1306,2529,4.273272
1306,1356,4.2629976
1306,2583,4.2395554
1306,3298,4.220002
1306,1375,4.141375
1306,1909,4.122258
1306,2770,4.052536
1306,2287,4.048692
1306,31,4.0162706
1306,2356,3.9246132
1306,2613,3.9139051
1306,2844,3.90707
1306,3886,3.898543
1306,3423,3.8956666
1306,2572,3.853178
1306,464,3.7237353
1306,2492,3.6840296
1306,1541,3.599499
1306,3825,3.589962
1306,2699,3.5141695
1306,2558,3.505921
1306,2978,3.4895587
1306,410,3.4806108
1306,3752,3.4674711
1306,2316,3.4099627
1306,185,3.3473315
1306,2322,3.3193996
1306,2835,3.0801222
1306,193,2.5266278
4425,1204,4.0830307
4425,1233,4.037218
4425,541,4.0157633
4425,1258,3.9530706
4425,1304,3.9392614
4425,1247,3.8860908
4425,898,3.8647082
4425,1617,3.8158658
4425,1222,3.7752872
4425,3671,3.759647
4425,1301,3.754346
4425,1954,3.740971
4425,2936,3.7321148
4425,1097,3.7299411
4425,2248,3.7283967
4425,1185,3.6979787
4425,3347,3.6938381
4425,308,3.6753187
4425,1041,3.671745
4425,2716,3.6449966
4425,3551,3.638327
4425,2000,3.6224608
4425,900,3.6113932
4425,943,3.601886
4425,1721,3.6011891
4425,2706,3.5879698
4425,2917,3.5792031
4425,1408,3.5722976
4425,1022,3.5612917
4425,2078,3.537054
4425,1682,3.5255775
4425,3068,3.5083365
4425,2644,3.4963944
4425,3253,3.4256773
4425,2096,3.419808
4425,2114,3.4131994
4425,272,3.3982506
4425,2333,3.3862467
4425,948,3.3855119
4425,3101,3.3746147
4425,350,3.3587503
4425,2915,3.3450427
4425,176,3.3444822
4425,2145,3.3155248
4425,3072,3.296165
4425,1794,3.27567
4425,3729,3.2742593
4425,1347,3.2591605
4425,448,3.2556188
4425,3167,3.254261
4425,896,3.2504249
4425,144,3.2408867
4425,151,3.2322712
4425,1754,3.1968064
4425,2457,3.1933866
4425,3791,3.183055
4425,3686,3.1248775
4425,7,3.1192915
4425,2413,3.1142888
4425,1676,3.060401
4425,2003,3.058245
4425,2640,3.0509822
4425,95,3.021948
4425,187,3.0019445
4425,3584,2.9610038
4425,1135,2.9575193
4425,2616,2.9472318
4425,3608,2.9326303
4425,2794,2.8973234
4425,1612,2.881755
4425,370,2.8588223
4425,2052,2.7836468
4425,434,2.7785165
4425,256,2.756302
4425,987,2.7525206
4425,1468,2.7177825
4425,3331,2.6998613
4425,2472,2.6242816
4425,132,2.5988538
4425,3401,2.3505137
4425,2906,2.3186216
4425,2733,2.2656631
4425,762,2.1048343
4425,160,2.026936
4425,1707,1.8329359
695,50,4.5177884
695,2028,4.4110403
695,2692,4.152578
695,733,4.018794
695,1213,3.9547265
695,296,3.8522317
695,2406,3.8136518
695,3101,3.791128
695,353,3.6680393
695,1518,3.5898132
695,1061,3.5310645
695,2846,3.5191102
695,3660,3.3244467
695,2427,3.3042037
695,2513,3.2025952
695,3273,3.1429884
695,3388,3.0653749
695,3908,2.691007
3229,1207,4.311224
3229,608,4.160655
3229,1204,4.122986
3229,1196,3.9658206
3229,1235,3.9215348
3229,1997,3.8965726
3229,1301,3.8022707
3229,3408,3.6858253
3229,2303,3.6038446
3229,595,3.56538
3229,1068,3.55349
3229,3127,3.087627
3229,85,3.0376837
3229,2628,2.7820616
3229,438,2.1454406
5312,953,4.6947155
5312,1207,4.5526085
5312,1224,4.5270834
5312,296,4.4498405
5312,1961,4.4422245
5312,1090,4.4148526
5312,110,4.3850594
5312,933,4.328911
5312,2819,4.321331
5312,1199,4.316823
5312,1997,4.2760525
5312,2959,4.2730575
5312,1302,4.2601614
5312,1073,4.247054
5312,1301,4.229514
5312,1028,4.1931133
5312,595,4.190604
5312,3424,4.189859
5312,1257,4.185071
5312,11,4.1829343
5312,3499,4.1547794
5312,1050,4.153636
5312,2662,4.1523285
5312,474,4.12853
5312,1693,4.127799
5312,3163,4.091811
5312,539,4.0838633
5312,1732,4.0781536
5312,3793,4.0747886
5312,2125,4.0649443
5312,235,4.059285
5312,2395,4.0435734
5312,454,4.0423183
5312,2406,4.02719
5312,165,4.0140095
5312,2288,3.9951236
5312,3552,3.9904554
5312,21,3.9676251
5312,1401,3.961063
5312,938,3.9533694
5312,2671,3.9298759
5312,266,3.8780901
5312,3770,3.8605976
5312,3635,3.850607
5312,780,3.8417244
5312,1614,3.8380294
5312,2518,3.8355715
5312,3591,3.8298957
5312,2403,3.8168492
5312,2942,3.8101077
5312,1396,3.8060436
5312,22,3.7921457
5312,1883,3.7917309
5312,2459,3.7596276
5312,2613,3.7447824
5312,2003,3.7410855
5312,2012,3.7333837
5312,2463,3.7276173
5312,2746,3.7275062
5312,2133,3.7212915
5312,2297,3.7183712
5312,2331,3.7088687
5312,1425,3.7079382
5312,2134,3.7015285
5312,2413,3.6462207
5312,1918,3.6434605
5312,2805,3.6147475
5312,3688,3.481128
5312,2054,3.455989
5312,2253,3.3600292
5312,3705,3.2954257
5312,3697,3.1627898
5312,3826,3.0453985
5312,1037,3.0382707
5312,2380,2.9674056
5312,432,2.9637942
5312,1562,2.9361167
5312,606,2.7848828
5312,3689,2.5931635
5312,1992,2.574542
5312,1993,2.1071205
514,608,4.780323
514,1214,4.631876
514,1206,4.5774865
514,1097,4.501806
514,29,4.4875784
514,2686,4.454192
514,1518,3.964807
514,2335,3.897598
514,2710,3.700584
2583,904,4.99105
2583,1283,4.888461
2583,3671,4.6564713
2583,380,4.6017375
2583,1321,4.589941
2583,3507,4.564857
2583,1663,4.548327
2583,3102,4.5085893
2583,2366,4.414972
2583,3724,4.400958
2583,1620,4.3513956
2583,39,4.338101
2583,2527,4.3224764
2583,2694,4.3201113
2583,2174,4.3042927
2583,1019,4.3000565
2583,2376,4.2997994
2583,2991,4.2988935
2583,1027,4.2948756
2583,1025,4.2823033
2583,852,4.2658405
2583,2085,4.2414875
2583,2735,4.1847982
2583,344,4.1395245
2583,3698,4.11313
2583,2021,4.030134
2583,1974,3.8714955
3823,858,4.436596
3823,296,4.3975325
3823,1254,4.318614
3823,911,4.3171835
3823,3578,4.273139
3823,1217,4.2727733
3823,1234,4.271243
3823,1250,4.269094
3823,1291,4.265514
3823,950,4.264734
3823,111,4.1952434
3823,1307,4.190426
3823,3038,4.166608
3823,3551,4.1435733
3823,1411,4.1419764
3823,508,4.135657
3823,2467,4.1314135
3823,3735,4.1252384
3823,2194,4.1021147
3823,2921,4.096235
3823,1103,4.063256
3823,1466,4.052823
3823,1610,4.0507927
3823,1084,4.040243
3823,3082,4.038439
3823,1957,4.0290847
3823,2312,4.0261164
3823,1682,4.0231185
3823,249,4.0084305
3823,1012,4.002965
3823,3171,4.000085
3823,523,3.992971
3823,1759,3.986009
3823,1370,3.9830236
3823,3420,3.9747348
3823,832,3.9566405
3823,1396,3.952034
3823,3635,3.9409428
3823,1500,3.9352474
3823,3386,3.9279308
3823,1017,3.9199677
3823,353,3.913003
3823,1619,3.890854
3823,3494,3.885328
3823,1372,3.8799024
3823,1727,3.8691444
3823,1673,3.8622715
3823,2403,3.8603292
3823,40,3.843989
3823,2991,3.8399968
3823,2490,3.83685
3823,2553,3.8295135
3823,2640,3.8218255
3823,2985,3.8146143
3823,1660,3.8120542
3823,3810,3.7786217
3823,253,3.7707353
3823,2621,3.7671652
3823,2407,3.7638085
3823,509,3.7434363
3823,465,3.7250392
3823,2345,3.7171416
3823,2278,3.716247
3823,1729,3.707863
3823,1008,3.7022648
3823,105,3.681864
3823,210,3.6496887
3823,2291,3.639934
3823,1825,3.6385767
3823,2414,3.631934
3823,1841,3.6058097
3823,2389,3.4442105
3823,2531,3.4325104
3823,2568,3.4157743
934,912,4.1811275
934,2028,3.9312348
934,1537,3.8877714
934,2918,3.85525
934,1231,3.6912515
934,1845,3.6382992
934,1270,3.6242812
934,3098,3.606801
934,534,3.6034317
934,337,3.6019864
934,2502,3.5603032
934,3916,3.493261
934,2150,3.475749
934,280,3.4623961
934,2690,3.3541892
934,2406,3.28388
934,3524,3.2672722
934,592,3.2201805
934,1608,3.2010486
934,491,3.197433
934,2926,3.1873155
934,2409,3.0893745
934,2956,3.0246375
934,500,3.0154967
934,1569,2.9791124
934,2881,2.9074252
934,585,2.792456
934,707,2.7777267
934,2826,2.7243729
934,207,2.7074327
934,2374,2.6225853
934,2723,2.5431585
934,486,2.4260871
934,95,2.360942
934,1043,2.3382914
934,1091,2.3059168
934,1515,2.1873221
934,1438,2.0553596
934,3821,2.0046391
934,2412,1.6353065
1624,2028,4.131673
1624,1077,3.990737
1624,32,3.9812427
1624,3481,3.8993888
1624,3418,3.7824357
1624,1220,3.7737591
1624,1210,3.7562466
1624,2529,3.7067037
1624,3397,3.6819437
1624,1019,3.6768632
1624,2000,3.6320586
1624,3052,3.5944567
1624,1673,3.5936022
1624,3726,3.4600048
1624,3398,3.4111893
1624,288,3.3833466
1624,2097,3.3158848
1624,2407,3.3109672
1624,329,3.278112
1624,2572,3.16457
1624,2406,3.1545246
1624,2490,3.1384444
1624,316,3.099584
1624,1376,2.937028
1624,2167,2.9255207
1624,3704,2.7677157
1624,1379,2.7376997
1624,1378,2.6640768
1624,292,2.6286058
1624,2054,2.6048682
1624,95,2.5330052
1624,2735,2.522853
1624,1473,2.494549
1624,1320,2.4724855
1624,379,2.3984873
1624,2405,2.3550503
1624,1391,2.1902528
1624,2851,1.9569294
1624,2450,1.6286694
1624,3156,1.3859286
1624,2701,1.1426816
4380,3578,4.25751
4380,1307,4.1427927
4380,3793,3.8937879
4380,1959,3.89262
4380,3296,3.8586912
4380,3175,3.815041
4380,377,3.7710268
4380,2301,3.7387733
4380,337,3.7151191
4380,350,3.624837
4380,3784,3.5674527
4380,2054,3.443861
4380,1911,3.1368258
4380,3743,3.0986788
4380,3616,2.7438872
4380,2720,2.731563
4380,3286,2.48751
5949,296,4.447969
5949,1213,4.43577
5949,2324,4.430144
5949,593,4.3064036
5949,2028,4.2737026
5949,628,4.1104116
5949,3481,4.0742145
5949,3006,4.0299892
5949,1271,4.019745
5949,1466,3.950665
5949,1034,3.7512927
5949,2712,3.47011
5949,1020,3.381928
5949,2628,3.051106
5949,2826,2.7990868
5949,2840,2.5759768
2896,858,4.323908
2896,1784,4.0808887
2896,1097,4.0422516
2896,1704,4.0021515
2896,1302,3.9686506
2896,2080,3.9264019
2896,1282,3.9063678
2896,589,3.9038618
2896,2423,3.880745
2896,1101,3.8636234
2896,3034,3.8021421
2896,1673,3.7935877
2896,1017,3.706219
2896,2125,3.7042582
2896,500,3.7024803
2896,805,3.6815424
2896,671,3.6581235
2896,2861,3.6003363
2896,3477,3.5854018
2896,2628,3.5211859
2896,344,3.4881406
2896,3081,3.467468
2896,231,3.465262
2896,2840,3.4404879
2896,376,3.4001951
2896,61,3.3719835
2896,2432,3.352178
2896,122,3.3180351
2896,63,3.2054152
2896,1461,3.1670713
524,899,4.9821887
524,296,4.9132004
524,1278,4.895325
524,2858,4.8321924
524,2571,4.7933545
524,3435,4.7893863
524,306,4.736912
524,1394,4.709774
524,1218,4.6973224
524,1358,4.6969957
524,2804,4.6851716
524,1197,4.6338387
524,1288,4.632511
524,3949,4.5610356
524,456,4.508599
524,1294,4.4782586
524,2959,4.46478
524,1333,4.409074
524,2071,4.402245
524,594,4.381297
524,3148,4.37432
524,2511,4.368267
524,3703,4.3681054
524,1265,4.3511047
524,2488,4.333479
524,1050,4.3295527
524,1321,4.288582
524,1694,4.262089
524,1408,4.2443724
524,1968,4.235828
524,588,4.232606
524,2285,4.2041335
524,1633,4.1933813
524,1298,4.178033
524,2353,4.166027
524,300,4.16413
524,223,4.1623654
524,3624,4.1437
524,180,4.1426997
524,2288,4.1273055
524,249,4.1104836
524,3108,4.1046786
524,2291,4.069278
524,2988,4.0633636
524,1295,4.061631
524,3169,4.048692
524,1035,4.0344744
524,1465,4.0337133
524,521,4.028628
524,1875,3.9670198
524,1173,3.937077
524,3729,3.9009976
524,3527,3.8864436
524,2764,3.80929
524,1799,3.7827463
524,2770,3.7786708
524,999,3.7413213
524,1047,3.6949873
524,358,3.6270535
524,1404,3.6133857
524,1130,3.6113758
524,1101,3.6071024
524,1805,3.5488005
524,2005,3.5462513
524,86,3.5410523
524,1366,3.4655132
524,7,3.4288807
524,1385,3.3986268
524,2167,3.367774
524,780,3.346269
524,3053,3.3123658
524,89,3.3015065
524,605,3.2821445
524,257,3.2651064
524,3510,3.2359226
524,3765,3.213635
524,2133,3.1534095
524,466,3.115908
524,24,3.099525
524,3,3.0914407
524,1769,3.0913005
524,3219,3.0203469
524,370,2.9706404
524,1866,2.9497561
524,479,2.8932514
524,1438,2.8821354
524,544,2.8329415
524,1483,2.821918
524,3355,2.7633038
524,3785,2.6501641
524,716,2.6202452
524,407,2.5857034
524,92,2.4740105
524,1604,2.4233446
524,528,2.3777244
524,2446,2.3253434
524,809,2.2884727
524,2808,2.2714324
524,1590,2.210721
524,3354,2.1999679
524,473,2.1552007
524,160,2.0558083
524,762,1.880661
524,2422,1.7718041
524,3041,1.5737598
5194,2804,3.9506295
5194,1617,3.9427068
5194,2396,3.8227282
5194,2064,3.7223644
5194,1394,3.6540196
5194,1357,3.5116868
5194,3070,2.9997478
5194,2712,2.593354
2605,912,4.464269
2605,1252,4.3923073
2605,3035,4.208992
2605,1258,4.1307216
2605,1206,4.116729
2605,2944,3.968335
2605,555,3.8438926
2605,1965,3.6971686
2605,2366,3.6841183
2605,2009,3.6607075
2605,3066,3.5665276
2605,39,3.535461
2605,1580,3.5303137
2605,316,3.4406238
2605,3706,3.3993456
2605,1339,3.3461213
2605,724,3.1130152
2605,2901,2.8055677
2605,1676,2.5450106
2181,922,4.5592823
2181,912,4.5440273
2181,1207,4.5087705
2181,1221,4.4813347
2181,2324,4.46887
2181,2203,4.4476223
2181,2762,4.4327483
2181,750,4.3665223
2181,1208,4.305988
2181,1196,4.283393
2181,2959,4.1967397
2181,1449,4.193296
2181,1358,4.1809387
2181,3035,4.1765647
2181,1953,4.1673365
2181,2064,4.161109
2181,1963,4.1563764
2181,1704,4.151921
2181,1997,4.084506
2181,1287,4.0620995
2181,2919,4.029516
2181,1073,4.021286
2181,2997,4.010716
2181,931,3.978812
2181,1274,3.9567251
2181,2918,3.9549813
2181,1077,3.9370284
2181,16,3.9261494
2181,3362,3.8886611
2181,3671,3.8778954
2181,1968,3.8680172
2181,3160,3.8599834
2181,3364,3.856553
2181,2847,3.85286
2181,2080,3.8461366
2181,1845,3.8408813
2181,3108,3.8158903
2181,3873,3.8126101
2181,1914,3.7917008
2181,1050,3.775454
2181,2081,3.7344017
2181,671,3.733923
2181,3358,3.711508
2181,2916,3.6588821
2181,917,3.6527045
2181,441,3.648993
2181,2243,3.6204703
2181,1748,3.6202726
2181,2348,3.5774214
2181,1909,3.5610437
2181,380,3.5598123
2181,3070,3.5486412
2181,163,3.5349853
2181,1589,3.447236
2181,627,3.4211235
2181,2502,3.3925033
2181,597,3.392191
2181,2046,3.3743198
2181,1009,3.3083
2181,2836,3.2611172
2181,2003,3.2287307
2181,1339,3.2224932
2181,2363,3.207957
2181,1241,3.1761053
2181,2033,3.1676223
2181,2759,3.167389
2181,1911,3.159235
2181,2714,3.1577415
2181,2613,3.1487374
2181,1010,3.1329741
2181,362,3.1289077
2181,3930,3.126535
2181,1645,3.1224174
2181,1355,3.1175618
2181,1093,3.067216
2181,788,3.047607
2181,2054,3.0355053
2181,3885,3.0157118
2181,1544,2.9395866
2181,2533,2.9391258
2181,1007,2.8137846
2181,2617,2.81225
2181,1064,2.8033593
2181,24,2.7969537
2181,2531,2.789611
2181,3732,2.7775111
2181,2513,2.7240465
2181,407,2.6453028
2181,1591,2.57769
2181,3534,2.5681427
2181,2656,2.5104773
2181,1831,2.480941
2181,1327,2.4616401
2181,1702,2.400415
2181,2530,2.382009
2181,512,2.3444371
2181,2364,2.339293
2181,3646,2.1091902
2181,2004,2.0340164
2181,1373,2.0122526
2181,891,1.8546877
2181,3299,1.8038744
2181,1655,1.7033904
2181,3931,1.7029576
1329,858,4.3030143
1329,110,4.024318
1329,3897,4.0102487
1329,608,4.006791
1329,1270,3.864548
1329,1080,3.809184
1329,2194,3.7893884
1329,3952,3.7612448
1329,733,3.6991334
1329,356,3.6622324
1329,3418,3.6470437
1329,1125,3.580882
1329,165,3.5134368
1329,3478,3.359544
1329,2003,3.3552613
1329,785,3.3403213
1329,1573,3.3372078
1329,1589,3.3167026
1329,2605,3.3154511
1329,2826,3.312529
1329,1658,3.2856896
1329,2990,3.2821002
1329,2011,3.2642198
1329,1753,3.2284603
1329,2641,3.22406
1329,2688,3.2231565
1329,2005,3.216439
1329,2006,3.2159288
1329,2195,3.2135763
1329,1876,3.166174
1329,2710,3.1233268
1329,1027,3.1204934
1329,3173,3.1016283
1329,1544,3.0904648
1329,2478,3.088432
1329,2694,3.012219
1329,2088,2.7708018
1329,1644,2.5530374
1329,3324,2.5053053
1329,2126,2.3495116
1329,2389,2.2283237
1329,2713,2.1931398
1329,1590,2.1551497
1329,2643,1.5784806
5447,1272,4.706458
5447,2762,4.703512
5447,1961,4.5886903
5447,3147,4.5604334
5447,2858,4.499886
5447,1962,4.3787932
5447,920,4.3753047
5447,3098,4.3295336
5447,1946,4.2951603
5447,2020,4.2793837
5447,3675,4.1851397
5447,1394,4.149309
5447,2915,4.130333
5447,3358,4.084857
5447,3174,4.0304365
5447,2746,3.8599682
1317,2571,4.357819
1317,2028,4.3322854
1317,1304,4.3310966
1317,47,4.304009
1317,3095,4.183317
1317,936,4.1765857
1317,1185,4.1711617
1317,2797,4.168034
1317,590,4.1517878
1317,1333,4.1151013
1317,34,4.1148353
1317,1261,4.106268
1317,2924,4.0608683
1317,3753,4.049607
1317,3148,4.046049
1317,1274,4.041094
1317,2686,4.0358863
1317,3317,4.018798
1317,11,3.9841132
1317,3178,3.9768074
1317,3499,3.972046
1317,1959,3.963552
1317,3175,3.9581792
1317,319,3.9540987
1317,1968,3.9221728
1317,1298,3.905932
1317,3911,3.9008553
1317,3793,3.8988533
1317,1584,3.891406
1317,1376,3.8601077
1317,3418,3.857071
1317,531,3.8457174
1317,785,3.8359685
1317,2011,3.829543
1317,141,3.8283725
1317,2109,3.8248103
1317,2403,3.8073206
1317,1013,3.7968383
1317,335,3.7878873
1317,3176,3.77188
1317,1081,3.7687645
1317,3763,3.7570345
1317,1542,3.7339118
1317,2115,3.705595
1317,1660,3.6884067
1317,3699,3.6863215
1317,2393,3.684571
1317,3633,3.6623318
1317,3893,3.616416
1317,1544,3.6151865
1317,2702,3.587318
1317,648,3.5793
1317,1428,3.5757575
1317,2926,3.5227988
1317,421,3.515335
1317,1339,3.5079713
1317,105,3.4788017
1317,2340,3.4771404
1317,2598,3.4740553
1317,2517,3.4295957
1317,3099,3.4278064
1317,2524,3.4249644
1317,2136,3.3617918
1317,3901,3.0090425
1317,2091,2.99856
1317,3264,2.9871123
1317,2399,2.9766064
1317,2629,2.972227
1317,3438,2.9007344
1317,2856,2.8422022
1317,2032,2.8420374
1317,3623,2.8297806
1317,2805,2.6217942
1317,15,2.6217344
1317,1676,2.5190086
1317,2548,2.4703603
1317,1499,2.211016
1317,1996,1.8200222
3361,1203,4.4648457
3361,1283,4.462394
3361,356,4.2901945
3361,1222,4.251095
3361,1266,4.239142
3361,2194,4.1835165
3361,2728,4.0996714
3361,1374,3.974975
3361,1408,3.9278688
3361,3753,3.8718395
3361,18,3.7089617
3361,3107,3.6841464
3361,1459,3.682054
3361,2641,3.6426547
3361,3744,3.6424367
3361,1616,3.3955684
3361,2478,3.176888
3361,552,3.081099
3361,2421,3.0002794
3361,2815,2.962442
3361,2404,2.5032208
297,318,4.662701
297,919,4.3161736
297,1304,4.2547183
297,1242,4.210909
297,497,4.044961
297,1500,3.863658
297,818,2.008013
1068,1207,4.5789104
1068,296,4.5134215
1068,2762,4.446471
1068,1704,4.427466
1068,1947,4.407506
1068,2918,4.3640537
1068,1023,4.271934
1068,902,4.264913
1068,1968,4.2605886
1068,1411,4.2402115
1068,3072,4.229377
1068,3135,4.2158766
1068,1028,4.187362
1068,594,4.177663
1068,3526,4.173107
1068,2502,4.1263995
1068,3071,4.1257005
1068,11,4.1036367
1068,3252,4.0934258
1068,2580,4.0922594
1068,3052,4.07556
1068,2797,4.0428667
1068,2700,4.037889
1068,2706,4.033784
1068,165,3.9827049
1068,2174,3.9704287
1068,1297,3.9586434
1068,2102,3.9387393
1068,3844,3.9131505
1068,3176,3.8609593
1068,2433,3.8284638
1068,3020,3.816781
1068,1407,3.808097
1068,3194,3.797487
1068,2747,3.773013
1068,2881,3.7250464
1068,31,3.709228
1068,1033,3.675455
1068,2014,3.66945
1068,100,3.6385794
1068,1088,3.6384761
1068,24,3.5997808
1068,3791,3.580919
1068,2860,3.5526152
1068,118,3.5380938
1068,2447,3.4943955
1068,1454,3.4340663
1068,830,3.358642
1068,344,3.354579
1068,1888,3.3472652
1068,587,3.310758
1068,442,3.3051853
1068,3863,3.2802594
1068,1605,3.2315876
1068,5,3.2009401
1068,1593,3.1819859
1068,2188,3.167238
1068,1353,3.164454
1068,195,3.1014538
1068,639,3.0561712
1068,435,2.9783854
1068,2123,2.9724755
1068,432,2.9277947
1068,2953,2.4022384
1068,420,2.242434
2565,2571,4.353418
2565,2797,4.118567
2565,150,4.1053567
2565,356,4.0329566
2565,3160,3.9233394
2565,3552,3.8935287
2565,3448,3.8801932
2565,2078,3.8587523
2565,3844,3.8573997
2565,1094,3.8536928
2565,2137,3.8082402
2565,1073,3.8008964
2565,534,3.789359
2565,1873,3.774175
2565,1101,3.763945
2565,780,3.753871
2565,1959,3.7163553
2565,1013,3.7116723
2565,1372,3.6961918
2565,2141,3.66324
2565,648,3.6221294
2565,300,3.5677252
2565,3831,3.5591807
2565,1569,3.5167875
2565,46,3.470404
2565,3354,3.3819923
2565,3087,3.344146
2565,435,3.337944
2565,3185,3.3195624
2565,2072,3.31532
2565,2306,3.2334294
2565,2380,2.8936324
5647,912,4.1049643
5647,1196,4.044292
5647,480,3.79488
5647,2194,3.7015417
5647,3071,3.6685488
5647,2467,3.6570144
5647,2109,3.541214
5647,3082,3.4624844
5647,2991,3.4140997
5647,2051,3.154781
5647,2829,3.0400631
5647,2531,2.9202268
5636,50,4.407196
5636,750,4.2639933
5636,1252,4.240758
5636,1278,4.118518
5636,3030,4.108424
5636,1217,4.040525
5636,2788,4.0301647
5636,1704,4.0290976
5636,1394,3.9709897
5636,3090,3.9621387
5636,1952,3.927846
5636,1997,3.911676
5636,3362,3.8926609
5636,58,3.888603
5636,3347,3.8719335
5636,3201,3.86332
5636,1264,3.8570437
5636,1960,3.8399742
5636,1214,3.8378975
5636,3507,3.8132935
5636,3421,3.7697787
5636,2395,3.7462175
5636,1302,3.6943817
5636,3060,3.6765141
5636,929,3.6672208
5636,2716,3.6584282
5636,1270,3.650661
5636,2333,3.6471825
5636,1912,3.643082
5636,2611,3.635165
5636,2944,3.6329358
5636,1965,3.6328888
5636,2108,3.6327085
5636,1635,3.6235156
5636,1408,3.6137662
5636,357,3.607675
5636,1094,3.5985286
5636,16,3.5973504
5636,1860,3.5925121
5636,3538,3.5764854
5636,2390,3.559017
5636,538,3.5538454
5636,2321,3.5458803
5636,1295,3.5379343
5636,233,3.4990203
5636,588,3.4963064
5636,493,3.4657414
5636,3163,3.4607706
5636,3255,3.4489565
5636,3071,3.4378655
5636,506,3.4270391
5636,1343,3.4220247
5636,3476,3.4204803
5636,2436,3.404088
5636,1699,3.3934639
5636,583,3.3867254
5636,229,3.368928
5636,3108,3.3555012
5636,1693,3.3425794
5636,373,3.3396158
5636,349,3.33386
5636,52,3.3153527
5636,2348,3.2634058
5636,45,3.2469273
5636,3256,3.2174473
5636,2518,3.1900408
5636,2734,3.1798997
5636,3032,3.1726089
5636,2474,3.116689
5636,2245,3.089578
5636,3145,3.0558572
5636,2746,3.0513577
5636,2110,3.043221
5636,3769,3.019968
5636,3087,3.0176897
5636,2528,2.992111
5636,2100,2.9737086
5636,1608,2.918047
5636,380,2.8641598
5636,3729,2.8347306
5636,3450,2.8186135
5636,372,2.8032427
5636,2928,2.7447393
5636,3016,2.6881971
5636,3423,2.6207192
5636,2849,2.4533947
5636,2369,2.4353094
5636,170,2.34127
5636,2372,2.3379905
5636,2012,2.2645822
5636,3935,2.1451309
5636,2002,2.129881
5636,2616,2.1067276
5636,879,1.8567703
5636,2468,1.723014
5636,338,1.6982813
5636,432,1.5123677
5636,2411,1.4990271
5636,193,1.3898187
5636,2382,1.165468
2025,969,4.21068
2025,1204,4.140716
2025,47,3.878799
2025,3044,3.7576022
2025,3104,3.7549675
2025,628,3.7304673
2025,1721,3.6554108
2025,1917,3.6492877
2025,2115,3.648932
2025,380,3.605866
2025,1580,3.6049547
2025,1732,3.5790722
2025,1169,3.5586352
2025,592,3.5542955
2025,2006,3.5298462
2025,1544,3.4387658
2025,188,3.4240074
2025,1615,3.3827448
2025,2023,3.3672528
2025,1805,3.3358388
2025,329,3.3281713
2025,3176,3.273963
5737,3683,4.1466074
5737,1394,4.0157995
5737,1259,3.958614
5737,2973,3.8103116
5737,1079,3.7966475
5737,16,3.6811557
5737,357,3.552518
5737,1836,3.2878542
5737,2877,2.7807229
123,1287,3.9681253
123,1358,3.9588206
123,1278,3.9291224
123,1036,3.9210508
123,3362,3.8882596
123,1617,3.8720658
123,1245,3.847983
123,3671,3.8218734
123,2944,3.8083355
123,2716,3.7401443
123,2302,3.7283642
123,1784,3.7125463
123,3210,3.6965785
123,2310,3.6856606
123,3448,3.6610034
123,3418,3.5952172
123,1959,3.5775585
123,2871,3.566312
123,500,3.5481074
123,1281,3.547803
123,3100,3.5424333
123,1127,3.5317745
123,2890,3.5252514
123,1268,3.4730906
123,2011,3.46837
123,648,3.4666133
123,1518,3.457687
123,3101,3.4474695
123,2420,3.4354036
123,3792,3.4129114
123,3699,3.4107049
123,2463,3.410014
123,2433,3.4094245
123,3211,3.408666
123,1694,3.402021
123,3685,3.3991704
123,3203,3.3928463
123,3426,3.3708704
123,832,3.3644514
123,1835,3.3437648
123,736,3.3266854
123,2023,3.3095753
123,145,3.301319
123,3727,3.2875242
123,3111,3.2838283
123,3619,3.2811246
123,3686,3.2324338
123,1994,3.2073426
123,2485,3.1984282
123,1027,3.1359801
123,1320,3.0694113
123,3274,3.0444474
123,1091,3.0072412
123,3157,3.006711
123,3509,2.9957552
123,259,2.9651108
123,1974,2.85352
123,2699,2.6975288
123,3287,2.6894894
123,1431,2.6500907
123,2815,2.6251056
123,2382,1.912262
1647,318,4.633292
1647,296,4.4768267
1647,1198,4.445095
1647,3897,4.369461
1647,590,4.1964498
1647,1953,4.1803274
1647,1307,4.1627383
1647,924,4.1488934
1647,1240,4.123875
1647,497,4.098997
1647,3363,4.0454316
1647,2918,4.0280466
1647,3578,4.026009
1647,1275,3.9944375
1647,508,3.9909139
1647,161,3.905497
1647,235,3.8795457
1647,1994,3.8662405
1647,594,3.84741
1647,1517,3.8111277
1647,2087,3.8107364
1647,3039,3.7858553
1647,1500,3.7717419
1647,2140,3.7659988
1647,3793,3.7598448
1647,2291,3.703414
1647,493,3.6764138
1647,2427,3.6718197
1647,2174,3.6349578
1647,2687,3.6184525
1647,1376,3.6057606
1647,10,3.5627785
1647,805,3.5625842
1647,1909,3.5535722
1647,1883,3.5329313
1647,1747,3.5273466
1647,2167,3.527253
1647,3703,3.515873
1647,2193,3.503983
1647,2015,3.4990077
1647,2474,3.496162
1647,3466,3.4912138
1647,2622,3.4857583
1647,1799,3.4677012
1647,1722,3.4654088
1647,1205,3.4652882
1647,2628,3.459921
1647,1372,3.440553
1647,2011,3.4332564
1647,3869,3.4255261
1647,2116,3.4218411
1647,2991,3.4214654
1647,2105,3.4212377
1647,3270,3.419733
1647,3893,3.4096396
1647,2003,3.3948503
1647,1375,3.3888175
1647,3444,3.3690312
1647,2747,3.337555
1647,587,3.298137
1647,1442,3.2971468
1647,2688,3.2703319
1647,2133,3.2589214
1647,24,3.2409415
1647,2710,3.193861
1647,2325,3.1469479
1647,1007,3.1161208
1647,1438,3.1092644
1647,303,3.059485
1647,2111,3.040431
1647,3882,3.015388
1647,1468,3.0092912
1647,3263,3.004507
1647,3758,2.9729855
1647,1801,2.935677
1647,2405,2.9041195
1647,3672,2.873517
1647,2367,2.8227968
1647,2054,2.8208516
1647,3316,2.8025455
1647,542,2.685491
1647,3825,2.6760943
1647,3177,2.656413
1647,1970,2.654358
1647,2082,2.6397986
1647,3688,2.6228924
1647,413,2.6178043
1647,2533,2.5883636
1647,2377,2.5503206
1647,1382,2.5262172
1647,1920,2.4735024
1647,420,2.4733334
1647,782,2.456028
1647,1591,2.3952105
1647,2642,2.241162
1647,2404,2.2110522
1647,1445,2.1963127
1647,1644,2.1655993
1647,2995,2.032874
1647,3774,1.9367095
1647,606,1.9337968
1647,38,1.8874996
1647,2379,1.6888957
1647,692,1.6189584
1647,546,1.4625612
3507,260,4.639764
3507,1207,4.5117216
3507,2186,4.4001393
3507,2959,4.3076386
3507,1263,4.2403865
3507,1304,4.196657
3507,1060,4.1874123
3507,902,4.1756616
3507,1282,4.1717167
3507,1834,4.167383
3507,3499,4.1376576
3507,356,4.1162057
3507,337,4.074715
3507,866,4.0646534
3507,1914,4.0205793
3507,235,4.0188727
3507,1210,4.0102196
3507,1050,4.0065875
3507,1466,4.0044913
3507,2078,3.9895017
3507,3364,3.97467
3507,2693,3.9695044
3507,2212,3.926937
3507,1641,3.8829036
3507,441,3.8115227
3507,2174,3.8085952
3507,1865,3.7327964
3507,3081,3.697207
3507,2080,3.6946087
3507,1810,3.6470084
3507,1393,3.6188202
3507,3702,3.5838742
3507,1127,3.5833383
3507,2165,3.5645037
3507,3169,3.5568151
3507,1615,3.5559187
3507,3052,3.542146
3507,1042,3.469349
3507,3255,3.450421
3507,2085,3.4212384
3507,2457,3.356939
3507,2770,3.324634
3507,610,3.2362545
3507,2115,3.2360764
3507,1799,3.2147708
3507,2167,3.2088387
3507,2747,3.2088263
3507,3555,3.1868527
3507,3441,3.1734307
3507,3698,3.1670794
3507,2802,3.1547527
3507,2617,3.0947003
3507,3478,3.0761511
3507,2180,3.0588078
3507,1513,2.9916341
3507,1191,2.941113
3507,81,2.894299
3507,3518,2.702097
3507,1792,2.6989646
3507,707,2.6755624
3507,288,2.6282942
3507,1379,2.5955448
3507,2942,2.5905252
3507,2561,2.5900736
3507,600,2.5612075
3507,2372,2.5017033
3507,2126,2.4876673
3507,479,2.4311953
3507,2478,2.3391962
3507,413,2.2750182
3507,429,2.2491128
3507,542,2.1784227
3507,2898,2.1213818
3507,2123,2.0839849
3507,3826,1.7584302
3507,2113,1.7275319
3507,1515,1.5071201
3507,437,1.5009003
3507,360,1.4665823
3507,2381,1.3445162
5271,260,4.5526614
5271,1148,4.5392013
5271,910,4.3991127
5271,923,4.3750095
5271,1218,4.2299776
5271,2396,4.2101946
5271,3481,4.095417
5271,58,4.067666
5271,2791,3.9824584
5271,2542,3.9787612
5271,319,3.9780998
5271,2948,3.9689794
5271,3424,3.9623957
5271,2972,3.9007568
5271,123,3.885077
5271,3328,3.8354745
5271,3267,3.8114314
5271,1365,3.7903645
5271,3538,3.673078
5271,2708,3.6461587
5271,2125,3.636496
5271,1216,3.6110969
5271,2915,3.5429838
5271,1059,3.4169164
5271,2916,3.3506942
5271,224,3.304053
5271,1290,3.1045744
5271,1829,2.9833124
5271,3155,2.942743
5271,605,2.9324608
5271,3704,2.9055574
5271,1895,2.838319
5271,1767,2.602798
5271,278,2.5236545
5271,1821,2.4257405
5271,1552,2.0390518
5271,2468,1.856096
1916,1199,4.158325
1916,1303,4.147809
1916,3083,4.102163
1916,2997,4.085697
1916,3819,4.085298
1916,949,4.0496244
1916,1960,4.0378847
1916,1956,4.0366855
1916,3475,4.0094094
1916,2067,4.0080633
1916,1210,3.9649978
1916,920,3.9577413
1916,2359,3.9551227
1916,3702,3.8978536
1916,921,3.8955348
1916,1285,3.888407
1916,2243,3.8883219
1916,602,3.885913
1916,902,3.885491
1916,3246,3.883698
1916,345,3.8746037
1916,3125,3.867609
1916,1034,3.8591475
1916,2238,3.8275936
1916,2725,3.8228724
1916,431,3.7695796
1916,3703,3.734899
1916,2348,3.7107263
1916,2236,3.7037287
1916,1657,3.6995866
1916,3169,3.6878715
1916,2988,3.6834285
1916,2929,3.6443996
1916,3446,3.6215858
1916,1119,3.5803964
1916,2459,3.5704715
4680,1299,4.056156
4680,1617,4.047119
4680,1235,3.975102
4680,58,3.9713483
4680,3471,3.9459445
4680,1199,3.9034696
4680,3481,3.8256762
4680,1663,3.804791
4680,1641,3.7978191
4680,1060,3.7876475
4680,2289,3.7683141
4680,176,3.7286255
4680,2109,3.686026
4680,3868,3.6815963
4680,2580,3.6691375
4680,380,3.6422482
4680,117,3.6080883
4680,2779,3.5961795
4680,2915,3.5724373
4680,3219,3.562406
4680,3635,3.558632
4680,417,3.5177932
4680,1183,3.4684637
4680,1485,3.4381056
4680,1120,3.4198933
4680,1191,3.3981056
4680,3430,3.392074
4680,2409,3.287085
4680,2524,3.218689
4680,2656,3.1254053
4680,2335,3.1178558
4456,318,4.8060217
4456,111,4.424244
4456,1192,4.2208447
4456,3545,4.115783
4456,3061,4.0540686
4456,2303,4.025937
4456,1734,4.0083284
4456,1188,3.9744396
4456,3793,3.8200295
4456,766,3.775528
4456,1013,3.694347
4456,1907,3.6733565
4456,2102,3.645732
4456,1380,3.635723
5995,1221,4.614836
5995,1219,4.5153203
5995,1247,4.4684405
5995,110,4.4285846
5995,3510,4.2466908
5995,3408,4.0910125
5995,1097,4.072283
5995,1580,3.9719381
5995,3108,3.9085362
5995,2353,3.8975375
5995,2490,3.8066
5995,2683,3.8035154
5995,2861,3.7990746
5995,3155,3.7884014
5995,2747,3.7575994
5995,2672,3.739277
5995,2694,3.6852016
5995,2011,3.6111014
5995,1566,3.6004796
5995,2701,2.366851
4199,1207,4.4703484
4199,3095,4.157474
4199,529,3.9619994
4199,337,3.8290658
4199,1179,3.8102252
4199,2108,3.7129083
4199,1814,3.1417348
4199,832,2.9300144
4199,1475,2.179451
4361,1193,4.583434
4361,608,4.499118
4361,593,4.452224
4361,3508,4.350082
4361,1674,4.3489327
4361,1036,4.328821
4361,1097,4.2278748
4361,1028,4.1406755
4361,34,4.1383104
4361,1035,4.007424
4361,1729,3.987532
4361,3809,3.7327235
1243,2571,4.355142
1243,1221,4.349267
1243,1299,4.284483
1243,1284,4.2285376
1243,3911,4.06728
1243,1266,4.054758
1243,2797,4.04304
1243,1,4.0280275
1243,1387,4.017212
1243,3897,4.0110917
1243,1923,3.9814613
1243,1968,3.9743044
1243,3671,3.9691334
1243,2624,3.957251
1243,2268,3.9265785
1243,440,3.894693
1243,3510,3.8741274
1243,1073,3.8252623
1243,3751,3.8093438
1243,1580,3.806294
1243,2000,3.7909517
1243,1584,3.764793
1243,3418,3.7600226
1243,2671,3.7197323
1243,1959,3.6725042
1243,3358,3.6397412
1243,2640,3.6383414
1243,2841,3.634812
1243,3812,3.5727117
1243,3524,3.5677035
1243,3795,3.49514
1243,2371,3.4828918
1243,2245,3.475286
1243,708,3.4604735
1243,2145,3.4115512
1243,2463,3.4081712
1243,2985,3.4026902
1243,3099,3.4002104
1243,3506,3.3889618
1243,3308,3.3858633
1243,242,3.3621135
1243,3813,3.270133
1243,2877,2.9217503
1243,1917,2.8349266
1243,1371,2.8165293
1243,1091,2.5558596
1243,2408,2.379598
1545,904,3.9388742
1545,1217,3.7287784
1545,1945,3.6942818
1545,1254,3.6933513
1545,2571,3.65934
1545,363,3.527997
1545,3342,3.3507152
1545,2716,3.3004944
1545,161,3.0970545
1545,549,3.073453
1545,1296,3.0537124
1545,1356,2.9798157
1545,1184,2.938301
1545,2922,2.9371567
1545,1029,2.894066
1545,1372,2.7119303
1545,3702,2.6743217
1545,2021,2.622544
1545,2527,2.4154406
1545,3771,2.402965
1545,1924,1.9043021
2085,2959,4.445494
2085,1259,4.40238
2085,356,4.3879604
2085,223,4.273733
2085,1639,4.249525
2085,492,4.239346
2085,441,4.212737
2085,524,4.1837683
2085,1485,4.1542253
2085,248,4.0095963
2085,1918,3.9960666
2085,2424,3.9905815
2085,1858,3.947143
2085,1854,3.904905
2085,3869,3.8409812
2085,2007,3.7675328
2085,804,3.752449
2085,1604,3.6924138
2085,275,3.487288
2085,476,3.451508
2085,518,3.1954098
2085,867,3.008257
5567,1207,4.2421904
5567,1299,4.159453
5567,1234,4.1429815
5567,905,4.0851216
5567,919,4.055011
5567,599,4.0322638
5567,2300,4.027615
5567,1963,4.0244026
5567,2206,3.9106264
5567,3671,3.8771598
5567,1080,3.8154006
5567,2951,3.810297
5567,946,3.7496696
5567,902,3.7480698
5567,2921,3.742742
5567,2423,3.7420883
5567,3552,3.730872
5567,2863,3.6577392
5567,2852,3.6178129
5567,2779,3.5649724
5567,357,3.5088515
5567,1584,3.496138
5567,2012,3.416827
5567,2371,3.3972065
5567,3591,3.3916013
5567,3255,3.3873644
5567,1083,3.3758497
5567,1840,3.342074
5567,24,3.298048
5567,1401,3.2323709
5567,2247,3.230637
5567,1010,3.2187457
5567,2717,3.21316
5567,2738,3.0750515
5567,731,2.843231
5567,445,2.5634437
5567,2380,2.2144039
2177,913,4.1926756
2177,1212,4.1895237
2177,912,4.1396236
2177,2762,4.1239834
2177,1242,3.986265
2177,1449,3.95654
2177,1269,3.9499388
2177,914,3.9371223
2177,1927,3.8818588
2177,1387,3.817327
2177,1210,3.7631235
2177,497,3.760836
2177,529,3.724742
2177,3159,3.6702502
2177,906,3.6543326
2177,3471,3.6489582
2177,2716,3.6424773
2177,3549,3.6261764
2177,161,3.6002445
2177,924,3.574767
2177,296,3.562501
2177,3852,3.5624125
2177,594,3.5487566
2177,2080,3.5291085
2177,1296,3.5231776
2177,2987,3.442803
2177,2081,3.4287755
2177,2087,3.4123142
2177,3724,3.329723
2177,1357,3.3290105
1015,904,4.775589
1015,1254,4.66254
1015,1207,4.587124
1015,1197,4.57953
1015,2357,4.554553
1015,1253,4.500203
1015,1278,4.499564
1015,1617,4.4925385
1015,906,4.4840255
1015,1236,4.4706635
1015,3077,4.465089
1015,1199,4.4156437
1015,2973,4.403611
1015,3090,4.3793073
1015,1704,4.3768272
1015,28,4.364354
1015,940,4.358979
1015,3671,4.333206
1015,2917,4.3270907
1015,1266,4.322387
1015,927,4.3187833
1015,778,4.3125176
1015,1941,4.3034844
1015,2612,4.299119
1015,1449,4.286413
1015,1674,4.2694798
1015,1259,4.268653
1015,2542,4.2630706
1015,3606,4.2594123
1015,2797,4.250519
1015,2070,4.231396
1015,2997,4.2255516
1015,1938,4.2196383
1015,1175,4.2078924
1015,595,4.19965
1015,3067,4.1867085
1015,3751,4.1856546
1015,2176,4.183122
1015,1277,4.179769
1015,3549,4.1734853
1015,1948,4.1629705
1015,247,4.143216
1015,1321,4.1425366
1015,1289,4.1383314
1015,1957,4.137658
1015,1951,4.1203146
1015,1393,4.1195397
1015,1176,4.1173563
1015,2081,4.1075373
1015,900,4.1055374
1015,480,4.1044254
1015,3948,4.1021767
1015,2757,4.096738
1015,918,4.0915613
1015,2946,4.0658846
1015,538,4.0639324
1015,1171,4.0461173
1015,3328,4.0320325
1015,509,4.023118
1015,474,4.0206103
1015,562,4.0101767
1015,2150,3.9937158
1015,3098,3.9863875
1015,1672,3.977675
1015,1019,3.977229
1015,1962,3.9668727
1015,2839,3.9542212
1015,2583,3.9509344
1015,2857,3.9496279
1015,2366,3.948731
1015,2118,3.9477835
1015,493,3.9377465
1015,1186,3.9211073
1015,417,3.8601937
1015,2022,3.850052
1015,803,3.8443506
1015,3950,3.8409095
1015,2988,3.801955
1015,3261,3.7910788
1015,2987,3.7736712
1015,3952,3.7612538
1015,3070,3.7315552
1015,2572,3.690341
1015,3893,3.6840084
1015,3033,3.679973
1015,3608,3.676476
1015,799,3.6576552
1015,1375,3.6529706
1015,3211,3.6364074
1015,724,3.6180584
1015,2867,3.6049008
1015,2769,3.6042356
1015,3529,3.5952988
1015,997,3.5931904
1015,2337,3.5807257
1015,2747,3.5806384
1015,451,3.5668073
1015,2024,3.5620184
1015,1369,3.5451307
1015,2539,3.5290418
1015,369,3.5064826
1015,3753,3.5038767
1015,242,3.4923525
1015,3145,3.471306
1015,1464,3.415906
1015,2784,3.4126368
1015,1416,3.409999
1015,2021,3.3671842
1015,3798,3.283638
1015,748,3.2801576
1015,231,3.2506874
1015,585,3.1871495
1015,2672,3.172196
1015,2,3.1554093
1015,1888,3.1230698
1015,3752,3.0714753
1015,2316,3.054884
1015,207,3.048852
1015,2976,2.9824789
1015,1487,2.8876362
1015,185,2.8767414
1015,327,2.8539093
1015,2900,2.8500302
1015,2026,2.7941766
1015,2367,2.7330587
1015,1668,2.723723
1015,779,2.7077508
1015,3459,2.6899621
1015,2328,2.588988
1015,2338,1.7769018
1015,762,1.7374337
2065,318,4.8055983
2065,260,4.6908073
2065,1704,4.411512
2065,1961,4.3117933
5833,2336,4.2119756
5833,2070,4.1397476
5833,2908,4.0995493
5833,2757,3.9687598
4461,2571,4.897078
4461,541,4.6651917
4461,2761,4.58212
4461,1222,4.574312
4461,1641,4.5244827
4461,2115,4.5057
4461,780,4.3799276
4461,2294,4.332222
4461,2011,4.324546
4461,610,4.2997656
4461,2275,4.1617465
4461,2012,4.1474476
4461,783,4.081319
4461,3156,4.028591
1356,1997,3.890491
1356,541,3.8051696
1356,2395,3.5732787
1356,1639,3.5582585
1356,1673,3.5512598
1356,2268,3.5416741
1356,1517,3.4038005
1356,1407,3.3628154
1356,3174,3.2180924
1356,2836,3.1162076
1356,3255,3.0620036
1356,1092,3.0232391
1356,1580,2.94809
1356,198,2.9480305
1356,2628,2.8317602
1356,2006,2.7997298
1356,165,2.7154024
1356,3262,2.6953115
1356,294,2.6731446
1356,2093,2.6358292
1356,122,2.594559
1356,2706,2.5499687
1356,3753,2.516499
1356,2335,2.3890607
1356,3863,2.3565192
1356,2861,2.2947512
1356,520,2.2801523
1356,1100,2.226289
1356,724,2.2052062
1356,2724,2.1630287
1356,466,2.1282215
1356,2050,2.0695636
1356,881,2.047754
1356,2860,2.0240948
1356,2373,2.0212765
1356,1562,1.984123
1356,435,1.957112
1356,2082,1.9458518
1356,3156,1.944694
1356,1592,1.932365
1356,2950,1.9236947
1356,2642,1.9211342
1356,3190,1.8768084
1356,737,1.6350085
1356,3354,1.6163057
1356,3438,1.5657094
1356,1972,1.549329
1356,1707,1.4722018
4482,527,4.5521946
4482,969,4.483718
4482,898,4.4228644
4482,296,4.384796
4482,1197,4.325224
4482,678,4.324923
4482,3811,4.2923455
4482,1089,4.2467604
4482,1950,4.2336226
4482,1340,4.210321
4482,3543,4.1424356
4482,3360,4.1230016
4482,456,4.0928707
4482,1937,4.084719
4482,180,4.064006
4482,2018,4.0555506
4482,1962,4.0382295
4482,373,4.0248723
4482,597,4.0240026
4482,1220,4.0168867
4482,918,3.9978173
4482,1885,3.9852881
4482,161,3.9798856
4482,2922,3.9720373
4482,3060,3.9523463
4482,3034,3.9516912
4482,3760,3.9507723
4482,1729,3.9396966
4482,3386,3.9085674
4482,1061,3.8683407
4482,3476,3.841317
4482,2436,3.835837
4482,2065,3.8353171
4482,3169,3.7744908
4482,491,3.767621
4482,1345,3.758185
4482,507,3.7574296
4482,2371,3.7559335
4482,2899,3.740983
4482,2294,3.73703
4482,2013,3.7326558
4482,224,3.7258782
4482,3700,3.7164817
4482,3259,3.6965094
4482,2104,3.6640844
4482,2519,3.6490865
4482,2875,3.641885
4482,1015,3.6278834
4482,2003,3.5948558
4482,2749,3.562066
4482,3422,3.5500848
4482,3045,3.538817
4482,317,3.5203598
4482,1371,3.4921324
4482,3269,3.4746618
4482,2683,3.458626
4482,1753,3.4099212
4482,3557,3.4020452
4482,1624,3.3917367
4482,1422,3.3827546
4482,1167,3.2398365
4482,1327,3.2334323
4482,158,3.1560645
4482,558,3.1437135
4482,237,3.1308417
4482,238,3.09489
4482,429,3.0618281
4482,1021,3.0423727
4482,782,3.0058105
4482,1983,2.987195
4482,3130,2.8201213
4482,1126,2.490832
4482,1976,2.1514232
4482,2799,1.5991743
3579,260,4.247429
3579,1287,3.9866707
3579,1240,3.8702974
3579,1210,3.8663805
3579,1610,3.7460995
3579,1954,3.7398171
3579,2355,3.6722724
3579,2006,3.6389751
3579,380,3.5782151
3579,2687,3.5728302
3579,364,3.5436301
3579,2087,3.527672
3579,1205,3.5008473
3579,1385,3.4982886
3579,1378,3.471983
3579,350,3.440518
3579,1479,3.4295528
3579,2409,3.3745117
3579,168,3.3405783
3579,2105,3.3353763
3579,3441,3.329369
3579,786,3.3226745
3579,1032,3.319929
3579,95,3.319137
3579,2533,3.3019576
3579,1690,3.3018603
3579,2116,3.2288396
3579,2322,3.208817
3579,3841,3.2005596
3579,1382,3.172877
3579,1024,3.1497388
3579,2699,3.1463642
3579,1920,3.0309153
3579,173,3.0142226
3579,2422,2.9903426
3579,2368,2.5271091
3894,2762,4.346253
3894,1225,4.134021
3894,1449,4.0753365
3894,1104,4.00794
3894,1080,3.9506211
3894,1252,3.9498408
3894,3148,3.9114795
3894,1285,3.8312654
3894,3545,3.8192444
3894,3328,3.7171366
3894,2700,3.6837554
3894,751,3.666392
3894,941,3.6464157
3894,3160,3.5584817
3894,3755,3.5079076
3894,592,3.4109209
3894,2065,3.3315978
3894,202,3.0572662
316,260,4.8470473
316,480,4.4014235
316,1584,4.340165
316,1372,4.028908
316,1371,3.78615
316,2615,3.6857998
316,2054,3.680331
316,2817,2.0406635
3929,260,4.350836
3929,1213,4.0961366
3929,3147,3.9532342
3929,2028,3.9178543
3929,47,3.8768501
3929,1265,3.8145325
3929,2917,3.795619
3929,1079,3.7718804
3929,475,3.7477002
3929,2268,3.6059136
3929,3039,3.5387454
3929,2872,3.53692
3929,2288,3.5347419
3929,1396,3.5300584
3929,1321,3.528615
3929,25,3.5265427
3929,2371,3.4456441
3929,2985,3.424749
3929,2883,3.355487
3929,1093,3.3342342
3929,507,3.2940784
3929,3706,3.283906
3929,1129,3.2596936
3929,377,3.2543566
3929,2763,3.2469678
3929,2454,3.214232
3929,2294,3.1856694
3929,1401,3.1655502
3929,2490,3.158104
3929,2661,3.1291087
3929,2407,3.1130466
3929,2889,3.0846753
3929,2929,3.0668285
3929,780,3.0653424
3929,1909,3.0566497
3929,112,3.028108
3929,2021,3.014096
3929,3740,3.013769
3929,999,2.913867
3929,1101,2.9016528
3929,3478,2.8746724
3929,3272,2.8517835
3929,3197,2.8224924
3929,802,2.8086312
3929,2990,2.8045793
3929,3269,2.7981622
3929,2023,2.7748575
3929,2561,2.731901
3929,3264,2.7229235
3929,2802,2.717897
3929,407,2.6981595
3929,2372,2.689831
3929,145,2.664421
3929,3805,2.61279
3929,466,2.6113684
3929,3701,2.5623085
3929,2453,2.5153058
3929,2369,2.4947076
3929,1586,2.4692621
3929,786,2.458077
3929,2787,2.4203067
3929,2473,2.2814736
3929,798,2.1598446
3929,1128,2.081753
3929,2148,1.9991133
3929,2147,1.9682963
3929,2448,1.9003122
3929,2164,1.7800329
3929,3710,1.677191
3929,2458,1.5364932
3929,1984,1.5043955
3929,519,1.4530107
3978,1212,4.999802
3978,1250,4.896997
3978,1233,4.7975965
3978,110,4.680455
3978,1266,4.621479
3978,3508,4.592381
3978,1356,4.306776
3978,3704,3.8271565
782,3510,3.5016177
782,3555,3.1986356
4619,858,4.6547213
4619,899,4.5247965
4619,920,4.1384706
4619,902,4.1001434
4619,1678,3.8759174
4619,509,3.8534288
4619,147,3.7628622
4619,2443,3.6208966
4619,3174,3.4925418
4619,3536,3.4725237
4619,339,3.441855
4619,2572,3.1151662
4619,2262,2.7992
4619,3004,2.1828275
4619,3299,1.7583469
2820,1178,3.8306901
2820,111,3.6307442
2820,1199,3.628044
2820,2203,3.6063232
2820,1361,3.5614376
2820,1617,3.537321
2820,3949,3.5138245
2820,1939,3.4667902
2820,2067,3.4539685
2820,947,3.4163914
2820,1834,3.3841958
2820,920,3.3825357
2820,1301,3.3696878
2820,3728,3.3452106
2820,440,3.3407116
2820,2176,3.3187542
2820,1500,3.312643
2820,1938,3.3086572
2820,971,3.301723
2820,3096,3.2843194
2820,1150,3.262189
2820,3039,3.2571664
2820,1962,3.2340267
2820,1036,3.2301626
2820,3849,3.2175484
2820,2700,3.2165384
2820,982,3.2146182
2820,3424,3.213664
2820,3230,3.1814137
2820,2863,3.1753397
2820,390,3.1542046
2820,2238,3.1537662
2820,1076,3.1532223
2820,1732,3.1518774
2820,2391,3.151515
2820,1161,3.1398358
2820,3505,3.1217475
2820,2009,3.1147225
2820,121,3.1135054
2820,803,3.103496
2820,3244,3.0677838
2820,3724,3.0585716
2820,3527,3.0366428
2820,2344,2.9728112
2820,3266,2.9469943
2820,3576,2.9270902
2820,1093,2.9248054
2820,2976,2.9095614
2820,2159,2.889105
2820,353,2.8792615
2820,1476,2.8649468
2820,1589,2.838478
2820,3102,2.8371446
2820,2875,2.8168402
2820,3550,2.7942922
2820,2759,2.7941236
2820,2712,2.7787445
2820,869,2.7528741
2820,2287,2.749353
2820,2841,2.74351
2820,3005,2.7239392
2820,2672,2.6768725
2820,177,2.6504114
2820,1339,2.638346
2820,3449,2.6232424
2820,288,2.6092713
2820,3263,2.6038897
2820,1320,2.5692096
2820,2718,2.5420156
2820,1833,2.5412958
2820,2505,2.511944
2820,1422,2.5079308
2820,3161,2.5026846
2820,1513,2.414103
2820,1783,2.3220773
2820,95,2.309618
2820,3826,2.2962255
2820,1438,2.241871
2820,784,2.2245562
2820,3833,2.1878235
2820,3922,2.0432706
2820,1862,2.0289593
2820,2827,1.9712882
2820,193,1.970823
2820,3024,1.9673352
2820,3912,1.9518625
2820,19,1.8395861
2820,2338,1.770812
2820,2982,1.6960135
2238,994,4.2649794
2238,293,4.262477
2238,2686,4.1824055
2238,2611,4.002818
2238,508,3.978026
2238,1210,3.9728837
2238,2171,3.8846166
2238,1056,3.6724021
2238,1784,3.6493921
2238,72,3.2678676
2238,3893,3.1305475
4490,1252,4.4132814
4490,1278,4.2661514
4490,1358,4.253979
4490,1269,4.249173
4490,1217,4.248315
4490,1036,4.1654835
4490,1206,4.158678
4490,356,4.1516194
4490,2944,4.1109724
4490,1266,4.0942435
4490,2565,4.039983
4490,589,4.0286818
4490,3467,4.001203
4490,364,3.9951553
4490,1220,3.9502897
4490,3681,3.9323971
4490,3654,3.8890986
4490,1959,3.8316746
4490,2076,3.8132842
4490,1345,3.7971673
4490,2987,3.7199662
4490,3203,3.654978
4490,3702,3.6211402
4490,1083,3.6066277
4490,3769,3.520411
4490,3706,3.5071416
4490,2174,3.4574099
4490,155,3.4298673
4490,2167,3.4076264
4490,3704,3.3855052
4490,2427,3.3148699
4490,2840,3.152597
4490,2683,3.0902448
4490,2702,2.8723342
4490,2088,2.8690937
4490,2827,2.8223424
4490,2532,2.7467787
4490,1391,2.740884
4490,432,2.4652162
4490,1920,2.3951848
4490,1779,2.352837
4490,173,1.8240998
2529,1148,4.438054
2529,914,4.426943
2529,541,4.3002243
2529,904,4.280928
2529,1266,4.2743998
2529,1197,4.266903
2529,2924,4.1446285
2529,2947,4.118781
2529,1678,4.0943093
2529,1387,4.094276
2529,1288,4.080917
2529,898,4.074106
2529,954,4.060527
2529,1302,4.023898
2529,1307,4.010422
2529,3104,3.9972897
2529,1278,3.9883623
2529,1101,3.9862623
2529,380,3.972948
2529,2355,3.9640672
2529,2139,3.9505796
2529,1275,3.9405293
2529,500,3.9196677
2529,1220,3.9149003
2529,2804,3.8892424
2529,832,3.8868036
2529,141,3.8860111
2529,316,3.8843043
2529,3296,3.8756175
2529,1356,3.8637943
2529,3386,3.863769
2529,1625,3.8611722
2529,592,3.8534694
2529,1208,3.8408532
2529,3770,3.8383148
2529,1099,3.815548
2529,1032,3.8153143
2529,188,3.8137136
2529,2875,3.792306
2529,1997,3.7827482
2529,2002,3.7801695
2529,1587,3.7790468
2529,2174,3.7670321
2529,266,3.7607038
2529,941,3.7485697
2529,1025,3.7433205
2529,2366,3.733084
2529,3011,3.727543
2529,648,3.7133722
2529,333,3.6981978
2529,1010,3.6833043
2529,2145,3.6631818
2529,3711,3.66026
2529,2414,3.6282506
2529,1547,3.6131654
2529,3113,3.5989337
2529,236,3.5846913
2529,2124,3.5809112
2529,2657,3.5808573
2529,344,3.562692
2529,986,3.5569367
2529,1379,3.5555062
2529,3707,3.5320444
2529,1073,3.5298507
2529,743,3.5278313
2529,2043,3.5164416
2529,2011,3.515582
2529,353,3.4835935
2529,135,3.462085
2529,2346,3.4423118
2529,3208,3.4339933
2529,1375,3.4272485
2529,1562,3.4233747
2529,172,3.4163055
2529,709,3.3689656
2529,153,3.3591795
2529,2469,3.3425596
2529,2986,3.3406591
2529,2524,3.3206825
2529,3889,3.3202116
2529,1924,3.3096824
2529,2451,3.3079174
2529,2717,3.2996256
2529,355,3.2936301
2529,673,3.2926807
2529,435,3.221322
2529,2828,3.1319947
2529,2816,3.0529437
2529,1126,3.0022135
2529,2720,2.890037
2529,3799,2.5973
2529,1731,2.5225782
2665,858,3.998601
2665,1262,3.9848576
2665,1213,3.9714289
2665,912,3.969046
2665,2762,3.9495893
2665,3062,3.7104206
2665,1203,3.7097151
2665,3362,3.6408339
2665,1674,3.6248958
2665,2921,3.5865827
2665,161,3.559364
2665,3671,3.5216696
2665,595,3.5204625
2665,3090,3.5058677
2665,1230,3.4832544
2665,1663,3.4226017
2665,1073,3.414268
2665,1777,3.4013305
2665,2670,3.4007473
2665,1923,3.395658
2665,1125,3.39145
2665,3252,3.3708806
2665,2863,3.3377676
2665,1954,3.337489
2665,1951,3.2918425
2665,3703,3.2787206
2665,2949,3.2689834
2665,2391,3.1876154
2665,2012,3.1743355
2665,3020,3.1421423
2665,3733,3.1417165
2665,2248,3.1343777
2665,2746,3.1211758
2665,1968,3.1024528
2665,1394,3.092606
2665,2311,3.086933
2665,2628,3.055377
2665,1340,3.0471237
2665,2137,3.0199625
2665,3704,3.0133743
2665,3340,3.0015543
2665,2114,2.9863217
2665,2363,2.976853
2665,1974,2.9626472
2665,3018,2.9483614
2665,3263,2.9276466
2665,524,2.9263723
2665,1081,2.9229026
2665,2513,2.9125838
2665,2278,2.9038053
2665,1810,2.9023097
2665,2105,2.8919554
2665,1690,2.8858674
2665,2344,2.871877
2665,2011,2.871067
2665,2174,2.8579752
2665,2015,2.8525581
2665,1544,2.851316
2665,3070,2.8125854
2665,2124,2.7918208
2665,1574,2.7667398
2665,3014,2.7205248
2665,2615,2.7171714
2665,2411,2.7003934
2665,2227,2.694592
2665,3419,2.6929479
2665,39,2.6868653
2665,2063,2.627477
2665,3012,2.6257138
2665,2953,2.623204
2665,1327,2.6224215
2665,3048,2.620653
2665,3922,2.577031
2665,1876,2.5601897
2665,2526,2.55745
2665,2094,2.5119991
2665,2110,2.499
2665,1405,2.4403727
2665,473,2.4369576
2665,273,2.4220972
2665,2522,2.3767002
2665,2822,2.3689494
2665,1064,2.3643098
2665,3688,2.3186874
2665,784,2.2685769
2665,3392,2.1792104
1029,2762,3.9633346
1029,1954,3.6943479
1029,2648,3.6581192
1029,3859,3.4662938
1029,2791,3.4607322
1029,3397,3.4482038
1029,3256,3.4402943
1029,2160,3.3798294
1029,1951,3.3678088
1029,1870,3.3001027
1029,3210,3.2815638
1029,2721,3.185573
1029,2001,3.1088898
1029,2640,3.0948334
1029,2245,3.041628
1029,2102,3.0146403
1029,2413,2.8941503
1029,2738,2.780008
1029,2718,2.7575061
1029,2877,2.5178437
1029,2652,1.9296515
4785,593,4.580964
4785,1617,4.5281568
4785,1704,4.475562
4785,293,4.4152007
4785,1244,4.359477
4785,2997,4.3510466
4785,3098,4.2674994
4785,2359,4.222871
4785,515,4.174007
4785,2687,4.1709056
4785,2395,4.118298
4785,342,4.1063914
4785,2081,4.0981607
4785,594,4.0948787
4785,1748,4.068271
4785,1610,4.0386147
4785,3948,4.03133
4785,587,3.895549
4785,3186,3.890121
4785,1552,3.8411162
4785,2320,3.6915808
4785,2469,3.6699686
4785,1597,3.6529567
4785,46,3.5635095
4785,1566,3.5572543
4785,1422,3.498652
3314,1250,4.70821
3314,1136,4.5490174
3314,1256,4.509042
3314,1288,4.4300375
3314,1387,4.40928
3314,3421,4.3246436
3314,3104,4.280856
3314,1023,4.2797785
3314,1261,4.2569656
3314,440,4.240616
3314,1321,4.216374
3314,2243,4.1705885
3314,3680,4.1600533
3314,3702,4.1532993
3314,1965,4.1265464
3314,3682,4.0846305
3314,2406,4.0786967
3314,1186,4.071367
3314,223,4.041438
3314,3033,4.014167
3314,3087,3.9978664
3314,610,3.990123
3314,2001,3.9666958
3314,2011,3.961947
3314,1339,3.954846
3314,2174,3.9384778
3314,2344,3.9231281
3314,1179,3.883065
3314,3608,3.84734
3314,3081,3.8309875
3314,2145,3.8264472
3314,3040,3.8034956
3314,3591,3.7849898
3314,2402,3.694047
3314,2143,3.67158
3314,2472,3.6428506
3314,70,3.635728
3314,3660,3.5571861
3314,1991,3.5088835
3314,3895,3.504961
3314,3847,3.3790793
3314,2421,3.361966
3314,2642,3.2467322
3314,3840,2.969585
3557,1704,4.4976854
3557,2918,4.458745
3557,1089,4.4189234
3557,1291,4.3946843
3557,32,4.360032
3557,1635,4.303334
3557,3071,4.208908
3557,2700,4.178197
3557,125,4.1668277
3557,3418,4.1621
3557,2096,4.0957813
3557,1407,4.080872
3557,551,3.974845
3557,147,3.9690523
3557,592,3.9472985
3557,333,3.9209194
3557,3261,3.8761504
3557,2506,3.8717217
3557,1339,3.7895834
3557,1589,3.731789
3557,1895,3.712518
3557,288,3.659885
3557,1552,3.6130624
3557,2485,3.6039016
3557,1689,3.5574634
3557,423,3.544971
3557,2533,3.530063
3557,2792,3.5191815
3557,2478,3.5176344
3557,408,3.454692
3557,122,3.4401312
3557,1541,3.3485532
3557,3258,3.3198645
3557,2699,3.2400346
3557,1005,3.1379094
3557,2615,3.0439253
3557,374,2.520008
1325,1252,4.487864
1325,905,4.385194
1325,2186,4.3783064
1325,3114,4.323015
1325,3196,4.3164635
1325,457,4.2113028
1325,1394,4.1598387
1325,1060,4.0695567
1325,2064,3.989657
1325,1210,3.9697812
1325,900,3.9435325
1325,3104,3.9432044
1325,595,3.942137
1325,1073,3.9269257
1325,1951,3.8960555
1325,1580,3.8578522
1325,2096,3.8179846
1325,2968,3.777922
1325,2174,3.713836
1325,938,3.7059846
1325,1391,3.0256617
1325,1373,2.427315
69,1682,4.294689
69,2890,4.247981
69,2725,4.20059
69,2943,4.1920795
69,14,4.0556197
69,85,3.87222
1285,50,4.7881346
1285,260,4.7430763
1285,1233,4.7281313
1285,1132,4.5929875
1285,1278,4.562542
1285,916,4.5434184
1285,1231,4.5102615
1285,1111,4.498762
1285,1172,4.4986925
1285,1189,4.4845934
1285,3814,4.4402013
1285,456,4.432668
1285,3498,4.430929
1285,2300,4.4097033
1285,1305,4.3827324
1285,3578,4.3570957
1285,3160,4.3551974
1285,2966,4.3420234
1285,194,4.3415766
1285,1073,4.3409615
1285,2908,4.309562
1285,1784,4.309299
1285,3068,4.3070116
1285,2391,4.306345
1285,3606,4.3033776
1285,3168,4.302544
1285,1060,4.300942
1285,348,4.294942
1285,2068,4.2907753
1285,3363,4.2871275
1285,838,4.282154
1285,1834,4.2753954
1285,515,4.2668004
1285,3703,4.2444363
1285,2243,4.243429
1285,58,4.233239
1285,1081,4.230383
1285,2797,4.223753
1285,3543,4.2167425
1285,448,4.204425
1285,373,4.202726
1285,1635,4.1951156
1285,3871,4.188742
1285,1732,4.1795564
1285,1680,4.1789827
1285,1966,4.1781635
1285,2018,4.1566806
1285,549,4.149022
1285,3253,4.1454654
1285,2872,4.1402946
1285,1748,4.1401854
1285,1951,4.126353
1285,3078,4.122271
1285,1414,4.1149087
1285,356,4.1144285
1285,322,4.109098
1285,2096,4.1053667
1285,3916,4.101756
1285,2948,4.097364
1285,2654,4.0945377
1285,190,4.090086
1285,3252,4.088834
1285,223,4.0873747
1285,3724,4.086106
1285,1188,4.079461
1285,324,4.077017
1285,3476,4.072484
1285,2291,4.071247
1285,2633,4.057349
1285,449,4.0416617
1285,3639,4.0229263
1285,335,4.0214767
1285,2579,4.007302
1285,3576,4.006837
1285,2746,3.9944293
1285,3591,3.978866
1285,1124,3.9783344
1285,521,3.9776483
1285,2159,3.9767551
1285,2712,3.973685
1285,3718,3.9607997
1285,785,3.948865
1285,1883,3.9482944
1285,206,3.9220123
1285,3178,3.9195614
1285,2370,3.877541
1285,3529,3.866417
1285,2177,3.8644085
1285,2348,3.8451996
1285,1824,3.8438272
1285,3194,3.8364406
1285,1173,3.7966514
1285,21,3.7819486
1285,3099,3.7598753
1285,2989,3.7228808
1285,1573,3.7133236
1285,2707,3.640584
1285,490,3.5883346
1285,1339,3.587729
1285,198,3.5773642
1285,2418,3.4957733
1285,329,3.4903793
1285,3016,3.4841068
1285,1518,3.4839253
1285,277,3.4836042
1285,2454,3.4796152
1285,3249,3.4634569
1285,2641,3.4621286
1285,2376,3.4383907
1285,3732,3.413476
1285,3033,3.383305
1285,1733,3.361745
1285,2710,3.3028316
1285,2040,3.2991552
1285,367,3.260767
1285,3863,3.205428
1285,3937,3.1391296
1285,2447,3.0900145
1285,2367,3.052515
1285,1974,2.9906516
1285,95,2.8086817
1285,1091,2.7829382
1285,2755,2.7269144
1285,3394,2.7240162
1285,3438,2.7017748
1285,1984,2.6268096
1285,1983,2.5797026
1285,1772,2.5653567
1285,2471,2.3678517
1285,2402,2.3361604
1285,3785,2.3312955
1285,2296,2.2739408
1285,1996,1.7851877
4610,1278,4.0560627
4610,2858,3.9594579
4610,1,3.9180589
4610,2918,3.798215
4610,2761,3.753947
4610,2395,3.4155886
4610,2167,3.3514585
4610,3727,3.2402463
4610,3745,3.2034988
4610,3698,3.1757517
4610,2723,3.1597087
4610,3699,3.1540103
4610,2492,2.9890528
4610,2334,2.982574
4610,2054,2.7343671
4610,2421,2.6863368
4610,3705,2.5046947
4610,442,2.4376433
4610,2733,2.1232352
4042,593,4.213252
4042,908,4.2011404
4042,1136,4.13727
4042,913,4.1261888
4042,1224,4.1165576
4042,3683,4.0841
4042,1304,3.9696834
4042,1947,3.9672499
4042,2396,3.9552145
4042,3114,3.9457119
4042,1089,3.9321105
4042,1206,3.9081023
4042,1307,3.9022522
4042,778,3.8606138
4042,3471,3.8456962
4042,1270,3.8448424
4042,2947,3.83212
4042,32,3.7944517
4042,2745,3.7540607
4042,1968,3.7196283
4042,364,3.709298
4042,1073,3.7072008
4042,2076,3.6998007
4042,2467,3.6624255
4042,2949,3.644296
4042,3060,3.637147
4042,3256,3.577375
4042,3252,3.5501375
4042,1183,3.4712296
4042,10,3.4487863
4042,329,3.3515005
4042,2407,3.340435
4042,494,3.271728
4042,1876,3.1383696
4042,2657,3.1353016
4042,517,3.0825233
4042,2717,3.0590692
4042,2605,2.984116
4042,3717,2.9513483
4042,4,2.780915
4042,153,2.6869907
3425,318,5.090418
3425,260,4.9104056
3425,908,4.847381
3425,296,4.8206434
3425,1230,4.7579174
3425,608,4.7456713
3425,2324,4.7328663
3425,2571,4.6869507
3425,1189,4.6570253
3425,2064,4.5745506
3425,1214,4.55958
3425,1304,4.5515895
3425,3911,4.521579
3425,3508,4.5187826
3425,1273,4.508526
3425,17,4.4811296
3425,1719,4.4634333
3425,3246,4.3564515
3425,2542,4.3448687
3425,866,4.3398094
3425,2716,4.3084936
3425,1097,4.306428
3425,3552,4.287548
3425,1682,4.2802057
3425,3039,4.2408304
3425,1594,4.1851907
3425,2108,4.1758738
3425,474,4.043933
3425,1967,3.7449808
3425,229,3.6509008
3425,3256,3.6443343
3425,3145,3.5008311
3425,2433,3.4506392
3425,3809,3.328174
3425,165,3.319209
3425,368,3.3054771
3425,1042,3.2924333
3425,490,3.264829
3425,663,3.2507248
3425,86,3.1959481
3425,1909,3.1696916
3425,1569,2.933303
3425,1498,2.8941483
3425,1676,2.6597905
3425,2803,2.5291162
3425,3257,2.0380917
3425,996,1.9610252
3425,2458,1.8495953
3425,160,1.337667
2293,527,4.7936764
2293,1267,4.7008667
2293,2937,4.6530952
2293,969,4.6439934
2293,1254,4.6313386
2293,1299,4.575941
2293,1147,4.5715284
2293,910,4.565669
2293,2208,4.55156
2293,1944,4.5423765
2293,3359,4.5140476
2293,945,4.49671
2293,2677,4.4600224
2293,907,4.3827596
2293,1277,4.2882695
2293,3654,4.257189
2293,3675,4.1780286
2293,2160,4.1564837
2293,594,4.137661
2293,3604,4.1075144
2293,2140,4.097145
2293,2941,4.05243
2293,3685,4.038562
2293,2065,4.011432
2293,1144,3.9890444
2293,2550,3.9681888
2293,2077,3.9159374
1487,919,4.0942974
1487,3300,2.9656718
1422,969,4.036701
1422,2762,3.9327536
1422,1299,3.846631
1422,919,3.83467
1422,1287,3.8144445
1422,1304,3.8057246
1422,1206,3.7703786
1422,1961,3.7224104
1422,110,3.7200537
1422,47,3.67558
1422,2289,3.6733158
1422,1673,3.5718918
1422,1292,3.5657525
1422,1220,3.5454416
1422,457,3.5019412
1422,1214,3.4914947
1422,2359,3.4655297
1422,3494,3.4569726
1422,3396,3.4471908
1422,73,3.418566
1422,1968,3.4131818
1422,1307,3.4014966
1422,1965,3.3873277
1422,2144,3.381321
1422,3044,3.3572319
1422,1357,3.347721
1422,141,3.3318152
1422,2078,3.3268313
1422,3169,3.3267725
1422,3552,3.3166292
1422,3098,3.2904906
1422,3699,3.2484322
1422,1035,3.2209535
1422,1013,3.2195816
1422,1660,3.2150395
1422,661,3.1957994
1422,986,3.1953773
1422,3260,3.170949
1422,383,3.1261642
1422,2770,3.1005287
1422,2110,3.063928
1422,2470,3.040014
1422,3638,3.0272753
1422,2424,2.9925985
1422,21,2.986789
1422,253,2.9675608
1422,1350,2.9534488
1422,3036,2.952013
1422,1101,2.906806
1422,2539,2.8999372
1422,2640,2.8754618
1422,1620,2.8651576
1422,1485,2.8460119
1422,2459,2.8328772
1422,2001,2.8289418
1422,1024,2.8260362
1422,2057,2.8137918
1422,1614,2.7751427
1422,1009,2.7146099
1422,3755,2.6658406
1422,1924,2.6628091
1422,2374,2.6606352
1422,2098,2.6551893
1422,48,2.631085
1422,2095,2.5129652
1422,2035,2.4848385
1422,1010,2.464208
1422,2409,2.464041
1422,585,2.4396381
1422,344,2.4256973
1422,788,2.317023
1422,2016,2.1711812
1422,2378,2.0971324
1422,1588,2.0858295
1422,1015,2.082295
1422,2259,2.0421505
1422,1983,1.9725888
1422,3269,1.9101632
1422,1544,1.8767552
1422,2050,1.8331872
1422,3331,1.8302786
1422,2410,1.7416055
1422,1126,1.54549
1422,3313,1.5069847
1422,3690,1.429668
5140,1148,4.196264
5140,923,4.0672007
5140,2804,3.9136097
5140,1265,3.6919718
5140,946,3.6785376
5140,2268,3.6701226
5140,3175,3.6462386
5140,1408,3.6371462
5140,2167,3.4645295
5140,1411,3.4604094
5140,1641,3.4244196
5140,357,3.4055896
5140,2273,3.4027858
5140,1094,3.325846
5140,2301,3.2611716
5140,3623,3.2266016
5140,3370,3.221899
5140,2794,3.208715
5140,2717,3.1384242
5140,2490,3.124354
5140,2155,3.0280387
5140,565,2.9549904
5140,2410,2.840001
5140,3608,2.774692
5140,1135,2.75469
5140,2054,2.7511115
5140,2950,2.7171693
5140,3710,2.3853161
4085,527,4.3480244
4085,1200,4.1198444
4085,2804,4.088117
4085,457,4.0804873
4085,2329,4.043586
4085,36,3.9987636
4085,1259,3.9343734
4085,2745,3.896
4085,1732,3.8840158
4085,594,3.8828435
4085,628,3.8786175
4085,3505,3.8282003
4085,3723,3.8257504
4085,1029,3.8256235
4085,2139,3.8074949
4085,2115,3.803369
4085,3751,3.7997022
4085,3111,3.797741
4085,2001,3.7956128
4085,3071,3.788057
4085,3915,3.7796297
4085,1958,3.7620456
4085,1914,3.7542353
4085,3189,3.7498732
4085,1124,3.7349834
4085,3107,3.7256641
4085,2174,3.6993365
4085,2474,3.6844602
4085,2263,3.6841083
4085,2990,3.6723142
4085,1810,3.6640527
4085,1916,3.658277
4085,1441,3.6576154
4085,2245,3.6568294
4085,3308,3.655401
4085,3036,3.6468697
4085,2867,3.644937
4085,2012,3.6433115
4085,3502,3.6409438
4085,2942,3.633061
4085,2746,3.6104636
4085,2803,3.609097
4085,3566,3.6079118
4085,488,3.5793698
4085,2672,3.5732605
4085,2541,3.5712771
4085,3711,3.5704775
4085,1479,3.5689015
4085,317,3.5611055
4085,1611,3.5527768
4085,2262,3.539682
4085,543,3.536809
4085,2146,3.5335717
4085,2320,3.5333428
4085,233,3.5290804
4085,104,3.5119083
4085,1422,3.5085669
4085,3497,3.498792
4085,236,3.4970093
4085,3370,3.4926062
4085,3477,3.4805398
4085,344,3.479024
4085,490,3.469136
4085,2143,3.4609966
4085,1686,3.4564128
4085,415,3.416641
4085,1801,3.3753262
4085,2241,3.3447666
4085,2411,3.342835
4085,3879,3.3403413
4085,3863,3.3388925
4085,3513,3.3355653
4085,1995,3.3320704
4085,413,3.2932067
4085,2119,3.2922606
4085,3616,3.199205
4085,455,3.1339126
4085,1863,3.0789354
4085,2412,3.0699677
4085,3324,3.0400393
4085,2715,3.018793
4085,2107,2.9731312
3732,527,3.9939957
3732,318,3.9867268
3732,1250,3.8859158
3732,951,3.819638
3732,914,3.7461731
3732,1204,3.664813
3732,3836,3.5065055
3732,3396,3.387231
3732,3467,3.339894
3732,2997,3.26799
3732,2248,3.2124696
3732,1238,3.182022
3732,1094,3.181082
3732,2941,3.0079503
3732,2599,2.8321571
4012,720,4.6868916
4012,3578,4.2265325
4012,2355,4.0491667
4012,480,3.606149
4012,3593,0.9185357
2010,50,4.1106815
2010,750,4.106474
2010,1262,4.0866227
2010,2762,4.0364866
2010,2571,3.8848476
2010,293,3.7855682
2010,47,3.7597315
2010,1259,3.7247777
2010,2686,3.6175363
2010,32,3.6165643
2010,1274,3.5497525
2010,1500,3.5434203
2010,551,3.48732
2010,300,3.437048
2010,2395,3.4001029
2010,590,3.3950548
2010,3178,3.3858533
2010,2944,3.3783216
2010,2542,3.3307967
2010,2073,3.3126824
2010,1517,3.3101923
2010,2117,3.2991629
2010,1183,3.2791767
2010,2302,3.2588344
2010,1885,3.2526848
2010,2700,3.2328858
2010,3081,3.1409168
2010,3052,3.107607
2010,2140,2.9916923
2010,3250,2.9894235
2010,69,2.9397364
2010,3186,2.9020016
2010,2718,2.9011807
2010,3259,2.7949681
2010,708,2.7862117
2010,2174,2.7860253
2010,2628,2.751346
2010,377,2.7167344
2010,316,2.6801941
2010,1479,2.57386
2010,3264,2.5633738
2010,707,2.5290515
2010,1866,2.4986775
2010,3450,2.433363
2010,3798,2.4287686
2010,7,2.427512
2010,2141,2.4093587
2010,585,2.4044943
2010,3247,2.3699627
2010,282,2.3337142
2010,1717,2.2496552
2010,1379,2.1057673
2010,2875,2.0968916
2010,1917,2.0879033
2010,450,2.078477
2010,95,2.070898
2010,2004,1.973008
2010,303,1.9697154
2010,157,1.8830154
2010,88,1.8770014
2010,2694,1.8718507
2010,177,1.7839692
2010,2170,1.7025505
2010,327,1.7019107
2010,548,1.6816297
2010,186,1.5896826
2010,153,1.5629339
2010,2549,1.5178871
2010,688,1.4689956
2010,93,1.4301904
2010,1526,1.3953286
2010,413,1.3538616
2010,1779,1.3320256
2010,1497,1.3124877
2010,1359,1.3094678
2010,1381,1.2693136
2010,1599,1.1838887
2010,87,1.1660424
2010,810,1.1367625
2010,2719,1.1138059
5925,2731,4.558404
5925,899,4.4687066
5925,1185,4.1568584
5925,1288,4.135441
5925,1244,4.134888
5925,3363,4.0442433
5925,595,3.9972463
5925,1230,3.9484246
5925,3606,3.9316413
5925,1296,3.9119651
5925,3471,3.8929777
5925,1285,3.8278587
5925,2700,3.6929476
5925,938,3.6738875
5925,2112,3.62407
5925,708,3.4574034
5925,3489,3.195875
5925,2752,3.1025224
5925,208,2.5208256
5925,2053,2.00091
274,942,4.6542196
274,3949,4.5913205
274,778,4.5418825
274,2948,4.390239
274,1271,4.3176565
274,2398,4.307271
274,223,4.2315803
274,1393,4.1585126
274,2763,4.132717
274,3556,4.103511
274,3174,3.8796914
274,2709,3.5940912
274,2606,2.7177427
2663,527,4.436184
2663,912,4.2945232
2663,2804,4.094405
2663,2396,4.0000305
2663,3481,3.928547
2663,597,3.9062376
2663,223,3.845494
2663,2321,3.7773037
2663,2391,3.7614179
2663,2006,3.7045932
2663,1805,3.7009783
2663,3107,3.5414844
2663,2683,3.4983778
2663,3301,3.3718338
2663,1457,3.3617344
2663,3534,3.2169018
601,2762,4.082075
601,1193,4.023256
601,1682,3.7097578
601,356,3.6467962
601,1298,3.5856574
601,1092,3.5753133
601,3783,3.5744078
601,345,3.5725808
601,1921,3.5665476
601,3844,3.5208511
601,180,3.516497
601,1215,3.506339
601,2301,3.491476
601,2115,3.4870179
601,1594,3.4741566
601,1994,3.4307432
601,3526,3.4283066
601,3175,3.4152703
601,597,3.406911
601,2628,3.4067483
601,1073,3.395843
601,141,3.380938
601,1093,3.3768022
601,2826,3.3434107
601,2700,3.3410308
601,2707,3.3225431
601,18,3.315413
601,2355,3.228937
601,1884,3.222237
601,3274,3.194954
601,2145,3.1765747
601,344,3.165688
601,1509,3.1612215
601,2541,3.1364017
601,1205,3.0573826
601,1191,3.025408
601,2657,2.8739512
601,830,2.8627753
601,2723,2.8409638
601,2375,2.8088284
601,1037,2.2694082
601,1991,2.23813
601,2464,2.0676396
601,1311,1.766693
601,546,1.5423656
1767,1213,4.2572665
1767,1617,4.2098236
1767,296,4.2063437
1767,1208,4.200811
1767,2324,4.1957636
1767,1136,4.193469
1767,3114,4.1043243
1767,2726,4.093082
1767,1963,4.053443
1767,1304,4.047962
1767,1266,4.025992
1767,1090,3.9898715
1767,308,3.8953576
1767,2289,3.8525264
1767,2542,3.8269134
1767,247,3.7774384
1767,3543,3.734316
1767,1500,3.6360173
1767,2700,3.593454
1767,501,3.5519595
1767,2349,3.541406
1767,281,3.519279
1767,1747,3.4550881
1767,3729,3.3169308
1767,3510,3.315236
1767,3753,3.1419964
1767,3535,3.089266
1767,2012,2.6487098
1767,1371,2.5995855
1767,2792,2.447363
1767,2605,2.4351642
1767,2002,2.3739624
3323,1278,4.516263
3323,1276,4.5133467
3323,1225,4.499034
3323,1242,4.3994994
3323,1294,4.2885876
3323,3363,4.2568254
3323,3671,4.2494383
3323,3504,4.1946692
3323,2908,4.148219
3323,2361,3.7751126
3323,1380,3.7017033
3323,3506,3.4461255
3323,2541,2.839358
2621,260,4.113656
2621,912,4.0117784
2621,541,3.858332
2621,1960,3.721562
2621,3114,3.6543193
2621,3396,3.5232258
2621,1220,3.4732623
2621,2700,3.3893106
2621,2273,3.3503578
2621,1089,3.271519
2621,1356,3.2674417
2621,1527,3.2591414
2621,1215,3.2435975
2621,344,3.12288
2621,3477,3.1221626
2621,1713,3.019741
2621,3608,2.875888
2621,8,2.8603468
2621,801,2.8595672
2621,3869,2.829915
2621,210,2.82932
2621,44,2.823743
2621,1726,2.6601033
2621,153,2.6587815
2621,673,2.591388
2621,849,2.3257468
2621,1831,2.3037848
2621,473,2.1781034
1998,912,4.315654
1998,1250,4.2944903
1998,1284,4.1699667
1998,1304,4.1444855
1998,1213,4.1186466
1998,3578,4.1081133
1998,3198,4.085467
1998,2788,4.0634475
1998,3035,4.045292
1998,1036,4.040328
1998,2918,4.0041194
1998,1199,3.9910986
1998,2396,3.9584243
1998,1230,3.9461849
1998,3088,3.9384346
1998,508,3.919698
1998,1610,3.9129431
1998,2966,3.911841
1998,3911,3.9065137
1998,3363,3.892694
1998,3549,3.886591
1998,3735,3.8754373
1998,3317,3.8665602
1998,589,3.859678
1998,3160,3.8537512
1998,838,3.850783
1998,1292,3.8493242
1998,1968,3.8416164
1998,597,3.8310351
1998,3361,3.732286
1998,3675,3.714347
1998,596,3.6593404
1998,2096,3.6381254
1998,1186,3.6149037
1998,2690,3.6086354
1998,2184,3.5934534
1998,976,3.533428
1998,938,3.5080047
1998,3199,3.3761697
1998,3524,3.3411283
1998,2430,3.3311677
1998,3614,3.3014054
1998,3834,3.177163
1998,3638,3.134752
1998,3534,3.131252
1998,1367,3.089553
5100,908,5.050755
5100,923,4.9511642
5100,1260,4.9244795
5100,950,4.912728
5100,111,4.880214
5100,1104,4.852158
5100,593,4.8451767
5100,1206,4.8014355
5100,3095,4.797524
5100,2396,4.782448
5100,1263,4.776605
5100,3629,4.7640295
5100,1172,4.7443366
5100,2973,4.737556
5100,1942,4.7325344
5100,1348,4.731513
5100,1089,4.7256546
5100,2336,4.7230544
5100,1704,4.7184105
5100,3114,4.717229
5100,1387,4.702723
5100,2788,4.6935863
5100,1674,4.6790724
5100,924,4.672771
5100,3911,4.6726193
5100,3224,4.6623087
5100,41,4.660405
5100,1200,4.658901
5100,1333,4.649702
5100,1177,4.6453695
5100,1269,4.6069193
5100,1227,4.5887346
5100,2739,4.5821824
5100,3654,4.5721974
5100,3246,4.567591
5100,2949,4.5449553
5100,1266,4.540793
5100,1282,4.5283985
5100,3932,4.523685
5100,3222,4.5088043
5100,3870,4.5073385
5100,2075,4.4914284
5100,2333,4.4870796
5100,3361,4.476572
5100,918,4.462664
5100,3724,4.4043636
5100,1635,4.3935666
5100,3499,4.39316
5100,1396,4.3896875
5100,3386,4.3889236
5100,2872,4.387415
5100,3751,4.36316
5100,1188,4.357374
5100,2018,4.3161597
5100,3731,4.3087616
5100,1187,4.279073
5100,1814,4.24815
5100,2321,4.2112193
5100,34,4.2106733
5100,1186,4.1963296
5100,1395,4.1952753
5100,2424,4.190605
5100,3865,4.1569195
5100,1542,4.131132
5100,3529,4.0529833
5100,2941,3.956936
5100,2161,3.8677967
5100,2239,3.847274
5100,3701,3.8190114
5100,3699,3.8155494
5100,100,3.7991107
5100,2628,3.7569587
5100,344,3.7413661
5100,2072,3.7319088
5100,60,3.5747788
5100,288,3.4788032
5100,3672,3.4230785
5100,3850,3.3658438
5100,783,3.3228626
5100,3704,3.1964767
5100,158,3.1606216
5100,2088,3.1223028
5100,609,2.805058
5100,1409,2.7755535
5100,2953,2.605029
1645,1234,4.6228085
1645,1226,4.560989
1645,3035,4.4810185
1645,380,4.4262943
1645,947,4.416218
1645,2872,4.4032454
1645,3408,4.402335
1645,1022,4.381877
1645,141,4.3653693
1645,2336,4.357649
1645,3253,4.3176823
1645,1965,4.312068
1645,3507,4.2715454
1645,2470,4.225878
1645,2001,4.2243814
1645,2716,4.204824
1645,2261,4.151062
1645,1476,4.1259727
1645,2874,4.1218014
1645,2622,4.1031137
1645,2035,4.086494
1645,1485,4.077298
1645,2114,4.076976
1645,3882,4.076248
1645,2478,4.049287
1645,218,4.0413713
1645,2040,4.0350194
1645,1918,4.023881
1645,3214,3.9739945
1645,3273,3.9600596
1645,2500,3.957586
1645,2657,3.9448524
1645,3924,3.934678
1645,516,3.913481
1645,1895,3.9128847
1645,2374,3.8972726
1645,3354,3.884026
1645,788,3.8830314
1645,1377,3.8815646
1645,489,3.8797965
1645,2027,3.8646598
1645,801,3.8247252
1645,2723,3.7552974
1645,3387,3.6750603
1645,765,3.626049
1645,542,3.5825913
1645,2036,3.447159
1645,2088,3.4445379
1645,2381,3.24634
4182,260,4.640372
4182,1197,4.5356426
4182,1210,4.14225
4182,3793,3.9215376
4182,1653,3.8618622
4182,480,3.8235092
4182,3081,3.6775908
4182,2889,3.5681312
4182,3301,3.4552684
4182,2600,3.423369
4182,3354,2.2364447
1650,1212,4.402813
1650,3022,4.3105764
1650,1221,4.2715807
1650,296,4.2128925
1650,1248,4.2067714
1650,1196,4.1943617
1650,903,4.16994
1650,1197,4.162189
1650,3000,4.0794687
1650,1218,4.063134
1650,2797,3.928807
1650,1246,3.9058313
1650,1923,3.8690932
1650,1265,3.8598151
1650,595,3.7142289
1650,1500,3.7035067
1650,866,3.6991642
1650,1729,3.666273
1650,2987,3.4645405
1650,2916,3.4023962
1650,3753,3.3486314
1650,1753,3.0254273
1650,1717,2.8927884
1650,3273,1.8085016
1650,3325,1.6816025
9,527,4.4335694
9,2959,4.0588098
9,162,3.9606042
9,3510,3.7365353
9,25,3.5996573
9,597,3.5848343
9,1356,3.572258
9,3298,3.4660392
2120,1196,4.1991205
2120,356,4.0204716
2120,733,3.8957348
2120,1265,3.8774848
2120,529,3.8770022
2120,2018,3.7953873
2120,1449,3.7732115
2120,1921,3.7114525
2120,441,3.6921732
2120,377,3.670241
2120,21,3.6498787
2120,367,3.5387435
2120,1653,3.5082517
2120,3481,3.4945621
2120,2723,3.276926
2120,1702,2.723018
2120,2053,2.60288
2120,2701,2.3570645
1428,1248,4.9585586
1428,2160,4.5248485
1428,661,4.1447415
1428,144,4.0389175
3453,2019,4.1022496
3453,908,4.057066
3453,912,4.0166106
3453,2028,3.8740637
3453,1262,3.8656616
3453,3730,3.8537958
3453,2762,3.8391898
3453,1242,3.7972646
3453,1276,3.7255688
3453,1283,3.6983187
3453,1266,3.6723714
3453,2728,3.6318777
3453,590,3.598207
3453,3654,3.588645
3453,2948,3.5793931
3453,3508,3.5771327
3453,924,3.5680609
3453,3362,3.554254
3453,2918,3.5183601
3453,3671,3.5037603
3453,3062,3.5025573
3453,1625,3.4324512
3453,1078,3.4316783
3453,1917,3.4242268
3453,2648,3.3930259
3453,1584,3.3170884
3453,1079,3.3010154
3453,356,3.2590702
3453,349,3.2580829
3453,3082,3.2296004
3453,2542,3.2289023
3453,780,3.2247448
3453,3107,3.1948457
3453,3702,3.1562634
3453,2861,3.1420705
3453,3763,3.1023064
3453,272,3.1016617
3453,2002,3.080736
3453,661,3.0736141
3453,3384,3.0609202
3453,1552,2.9967425
3453,277,2.9655476
3453,2688,2.9411652
3453,552,2.9305477
3453,144,2.857067
3453,2710,2.7808373
3453,517,2.6039553
3453,1391,2.3536487
1071,1254,5.122972
1071,969,4.9461126
1071,11,4.6952415
1071,931,4.6409245
1071,314,4.5514603
1071,3479,4.4613037
1071,3366,4.4501452
1071,1967,4.435504
1071,976,4.435226
1071,1127,4.4336534
1071,1669,4.402072
1071,1094,4.3704414
1071,10,4.3394423
1071,1088,4.26825
1071,1542,4.2357416
1071,2013,4.205724
1071,207,4.0633407
1071,3016,4.0320587
1071,2822,3.8437285
1071,2699,3.776597
35,1283,3.9739788
35,2692,3.9400105
35,1358,3.9049325
35,2300,3.8911896
35,965,3.8422213
35,902,3.6772492
35,2352,3.6462018
35,1185,3.6410155
35,2682,3.5660052
35,1078,3.4789062
35,2081,3.4457119
35,3871,3.394357
35,1393,3.2515004
35,2087,3.2396896
35,824,3.1836383
35,1081,3.088089
35,938,3.085144
35,2100,3.0750656
35,592,3.0461874
35,2671,3.0265765
35,1030,2.3372471
2306,3897,4.2705803
2306,915,4.03585
2306,215,3.9297237
2306,866,3.9287138
2306,539,3.4436529
2306,1777,3.1889424
2814,1213,4.512415
2814,2396,4.455046
2814,1210,4.4287004
2814,733,4.3691463
2814,2001,4.0843687
2814,648,4.0474596
2814,2826,3.9778721
2814,2006,3.943762
2814,3565,3.9044712
2814,1049,3.8893166
2814,2683,3.8760989
2814,2879,3.8553698
2814,1792,3.8156552
2814,1747,3.7592397
2814,204,3.7085385
2814,208,3.6592278
2814,1702,3.2738209
1919,1717,3.749376
1919,1342,3.6862369
1919,196,3.6495495
1919,2606,3.643025
1919,2004,3.5895238
1088,50,4.4922237
1088,1207,4.4847097
1088,260,4.454669
1088,3435,4.4355145
1088,1250,4.403132
1088,541,4.273014
1088,1247,4.265973
1088,1252,4.233724
1088,1304,4.221339
1088,1225,4.2066016
1088,910,4.204274
1088,914,4.186982
1088,1228,4.1862435
1088,2067,4.184015
1088,2501,4.147235
1088,3095,4.139264
1088,994,4.1222625
1088,800,4.1169486
1088,2997,4.050504
1088,2183,4.0377264
1088,1784,4.02815
1088,1206,4.0253763
1088,1960,4.0124407
1088,1333,4.006926
1088,3498,3.9985137
1088,1387,3.9412541
1088,1220,3.939904
1088,589,3.8910425
1088,3499,3.8840504
1088,247,3.8769207
1088,2971,3.8726788
1088,1408,3.8709726
1088,3098,3.8683393
1088,3551,3.86241
1088,2391,3.8569365
1088,1095,3.8354511
1088,1912,3.818961
1088,194,3.8113196
1088,3296,3.8034587
1088,300,3.7910511
1088,2968,3.7874532
1088,357,3.779659
1088,1285,3.7784739
1088,2333,3.7737021
1088,342,3.7372785
1088,2076,3.7336404
1088,2944,3.7285151
1088,1653,3.7163084
1088,1937,3.71525
1088,3052,3.6980808
1088,539,3.6629844
1088,3873,3.6423802
1088,3763,3.6255212
1088,3252,3.6171136
1088,3178,3.6103315
1088,3072,3.5988042
1088,1290,3.5975802
1088,2236,3.5937471
1088,349,3.585966
1088,2096,3.5817246
1088,1933,3.5774953
1088,3450,3.5536513
1088,3447,3.5248015
1088,3512,3.5123909
1088,2085,3.4818254
1088,1380,3.4731421
1088,1701,3.4691463
1088,3827,3.4556296
1088,708,3.441245
1088,1747,3.4305544
1088,3301,3.411449
1088,848,3.4026222
1088,2640,3.4013824
1088,2115,3.3903823
1088,3145,3.3366523
1088,1722,3.3346517
1088,1608,3.3231409
1088,2062,3.311533
1088,3755,3.285053
1088,2141,3.2771206
1088,3005,3.2643542
1088,361,3.2510452
1088,1020,3.2461915
1088,2006,3.2309527
1088,2996,3.230317
1088,3686,3.2123332
1088,1620,3.184331
1088,1047,3.174811
1088,2975,3.1487558
1088,277,3.1015918
1088,282,3.086068
1088,1513,3.0840414
1088,1801,3.0812812
1088,1686,3.0660162
1088,788,3.0274916
1088,2135,3.002467
1088,2710,2.9641104
1088,2405,2.952631
1088,3623,2.9194925
1088,46,2.9134731
1088,1552,2.9025624
1088,1457,2.886997
1088,1821,2.8453019
1088,273,2.823064
1088,3784,2.7689774
1088,2881,2.6953022
1088,3300,2.677802
1088,3717,2.6222148
1088,3285,2.4393852
1088,3225,2.1896904
1088,2835,2.1633863
1088,1831,2.151644
1088,3438,2.0716279
1088,1591,2.0283449
1088,2548,1.9876397
1088,2827,1.9527385
1088,2995,1.8461316
1088,2036,1.6049565
1088,374,1.5646384
1088,1445,1.5545173
1088,1556,1.1501348
908,1219,3.7400696
908,920,3.552852
908,1673,3.0623124
908,1973,1.2791432
5479,1243,3.8904514
5479,1291,3.8736987
5479,1240,3.863321
5479,1411,3.7801337
5479,1302,3.7039628
5479,2797,3.683375
5479,1968,3.6714272
5479,2150,3.5939078
5479,3526,3.5742629
5479,2108,3.519969
5479,1179,3.5094755
5479,3210,3.4771428
5479,21,3.4039426
5479,2671,3.2378786
2106,1197,3.7584112
2106,2858,3.6834676
2106,293,3.6375108
2106,913,3.5929477
2106,28,3.5267599
2106,2959,3.4938197
2106,1079,3.491001
2106,778,3.4779491
2106,529,3.4722724
2106,2501,3.471674
2106,2648,3.4658349
2106,1704,3.4657502
2106,2391,3.407277
2106,1682,3.3543706
2106,1641,3.3140419
2106,3160,3.289424
2106,1103,3.26402
2106,2333,3.2499547
2106,2716,3.1917698
2106,1414,3.1530113
2106,428,3.13457
2106,3176,3.0958247
2106,2883,3.0407653
2106,3608,2.9886494
2106,2291,2.9795904
2106,1611,2.9575753
2106,3903,2.9005938
2106,3549,2.8998065
2106,2081,2.8943703
2106,2302,2.8917785
2106,3052,2.841679
2106,3598,2.788811
2106,144,2.7028966
2106,592,2.6963181
2106,3512,2.696259
2106,3020,2.644566
2106,3502,2.5980754
2106,2707,2.5323522
2106,1399,2.4759972
2106,2844,2.4694438
2106,289,2.4364111
2106,1047,2.418035
2106,1454,2.3803508
2106,362,2.379331
2106,2046,2.364063
2106,361,2.3545413
2106,277,2.3250358
2106,2086,2.318975
2106,988,2.292058
2106,2420,2.285294
2106,2759,2.262822
2106,3259,2.2261376
2106,2539,2.1725326
2106,1010,2.1605918
2106,350,2.1443105
2106,2723,2.108185
2106,2718,2.0983818
2106,2,2.0595543
2106,2141,2.0582192
2106,344,2.0565577
2106,8,2.0402427
2106,520,1.9999099
2106,2978,1.9953209
2106,1101,1.9755586
2106,1676,1.9447317
2106,46,1.9281702
2106,3791,1.8991964
2106,2045,1.8971013
2106,724,1.8219202
2106,145,1.8118851
2106,1767,1.8037279
2106,804,1.7968955
2106,835,1.7929072
2106,3594,1.7849884
2106,238,1.7737564
2106,95,1.755732
2106,3489,1.7132344
2106,3254,1.7107605
2106,1409,1.7074536
2106,603,1.6764845
2106,1353,1.6460388
2106,435,1.5265442
2106,3004,1.4446003
2106,575,1.406697
2106,3835,1.401039
2106,1499,1.3595101
2106,656,1.2786039
2106,360,1.2604012
2106,612,1.2561103
2106,186,1.2495334
2106,173,1.2377636
2106,3325,1.22259
2106,486,1.2112646
2106,546,1.2093723
2106,1750,1.1952102
2106,3393,1.1931039
2106,1126,1.1886114
2106,1381,1.1766773
2106,1359,1.161652
2106,2568,1.1415517
4116,110,4.3629246
4116,3147,4.312379
4116,2797,4.2593865
4116,1214,4.2377467
4116,3114,4.2335625
4116,1387,4.2047777
4116,1259,4.1316795
4116,733,4.1176715
4116,1077,4.1169786
4116,3148,4.0472426
4116,3654,4.0372167
4116,319,4.033335
4116,1625,4.021694
4116,3408,4.0179005
4116,2949,3.9963632
4116,3386,3.9875326
4116,1095,3.9839954
4116,1921,3.9425163
4116,1500,3.906423
4116,1127,3.8870015
4116,2009,3.8653111
4116,1909,3.85853
4116,802,3.8438568
4116,1660,3.795377
4116,1645,3.7239377
4116,3186,3.6997185
4116,3476,3.6928988
4116,2688,3.6105905
4116,592,3.576565
4116,1404,3.5392401
4116,1711,3.4781907
4116,89,3.4610083
4116,100,3.442718
4116,1320,3.3078535
4116,2827,3.2909107
4116,2902,3.132683
4116,540,3.0503418
3340,527,4.6233034
3340,2028,4.5682034
3340,2762,4.4962034
3340,923,4.4135504
3340,1704,4.263627
3340,1721,4.0794888
3340,1265,4.0405154
3340,1219,3.9728022
3340,1580,3.9397206
3340,3624,3.882595
3340,2881,3.7810948
3340,2539,3.7281058
3340,2605,3.6856673
3340,3269,3.6550174
3340,3354,3.4070153
1496,1197,3.9755573
1496,649,3.6486676
1496,457,3.637499
1496,1261,3.493818
1496,3552,3.427184
1496,2288,3.4240842
1496,1029,3.4201496
1496,3868,3.4001584
1496,671,3.3805976
1496,1356,3.3783896
1496,588,3.3750088
1496,441,3.3176367
1496,1747,3.2727184
1496,2916,3.2716732
1496,163,3.21113
1496,2407,3.1944716
1496,3033,3.1682131
1496,2409,3.1357386
1496,1645,3.1203923
1496,2342,3.0769613
1496,3087,3.040814
1496,780,3.0378304
1496,2294,2.995895
1496,3274,2.9488468
1496,3016,2.9121795
1496,188,2.892419
1496,1591,2.8506513
1496,2249,2.8095577
1496,1924,2.7815208
1496,2060,2.710601
1496,2901,2.701876
1496,379,2.6986318
1496,1391,2.6925569
1496,165,2.6481657
1496,1779,2.5214155
1496,1320,2.484785
1496,736,2.299703
1496,2735,2.2789936
1496,3837,2.1608891
1496,2451,2.1510165
1496,2793,2.112757
1496,3696,2.00272
1496,3024,1.910541
1496,1882,1.8410676
1496,1681,1.5065671
1496,1979,1.3600442
1496,1972,1.3439099
1496,1731,1.2943218
3751,1196,4.184449
3751,1284,4.0835743
3751,1272,4.0216017
3751,1617,4.004735
3751,2612,3.9384973
3751,1961,3.9322472
3751,293,3.9315522
3751,1784,3.8714943
3751,2944,3.8710709
3751,1307,3.8348286
3751,3350,3.7991772
3751,2662,3.7706497
3751,539,3.702714
3751,265,3.6888182
3751,3751,3.665187
3751,2401,3.6530395
3751,1396,3.6529665
3751,1913,3.6034458
3751,1101,3.6011963
3751,2706,3.5694861
3751,3624,3.5354319
3751,2174,3.525935
3751,1286,3.479601
3751,1079,3.46066
3751,901,3.4321587
3751,1372,3.3472633
3751,2528,3.337705
3751,3823,3.3266637
3751,3794,3.307048
3751,2622,3.2958884
3751,2180,3.2818587
3751,361,3.2419076
3751,3033,3.1803958
3751,1020,3.1548502
3751,329,3.15209
3751,2657,3.148027
3751,3099,3.110598
3751,674,3.0811439
3751,3638,2.8240144
3751,195,2.8069036
3751,3701,2.7679696
3751,1373,2.750393
3751,1391,2.702119
3751,207,2.5824397
3751,3825,2.552186
4307,1029,3.5978537
4307,3566,3.3257282
4307,481,3.2467344
1616,2028,4.1212273
1616,1259,3.7762046
1616,1261,3.6983314
1616,1036,3.6929927
1616,2248,3.6766872
1616,3552,3.6404543
1616,2194,3.6142817
1616,1094,3.5118754
1616,2542,3.431955
1616,480,3.4048624
1616,3418,3.3683932
1616,3256,3.2029266
1616,2407,3.178218
1616,2145,3.0768318
1616,1127,3.0688012
1616,1047,3.0387323
1616,329,3.0096602
1616,1608,3.0053287
1616,224,2.9215934
1616,3608,2.9114254
1616,145,2.7959466
1616,3082,2.6983001
1616,2860,2.6777005
1616,3489,2.4453144
1616,1616,2.3484802
1609,50,4.5002656
1609,1304,4.102829
1609,2997,4.045992
1609,1947,4.0235896
1609,2761,4.0096874
1609,3421,3.9668567
1609,1230,3.9560592
1609,1185,3.9538069
1609,1246,3.929119
1609,3317,3.9066029
1609,2359,3.873474
1609,1302,3.8252983
1609,364,3.8217459
1609,594,3.8205876
1609,1220,3.8201623
1609,2078,3.7195177
1609,2295,3.7154658
1609,866,3.7111678
1609,2109,3.704596
1609,492,3.673849
1609,3255,3.6722875
1609,357,3.6677866
1609,25,3.6251566
1609,1747,3.5540137
1609,1370,3.4774702
1609,661,3.475338
1609,2696,3.4744227
1609,361,3.4372668
1609,2746,3.3928864
1609,1088,3.3665442
1609,1722,3.311631
1609,2431,3.2613983
1609,852,3.2598243
1609,2770,3.2332125
1609,2881,3.2196887
1609,1513,3.1772141
1609,1390,3.1342587
1609,2724,3.0860703
1609,3707,3.057949
1609,783,3.0526743
1609,1377,3.0278773
1609,3263,3.0260196
1609,105,2.7973502
1609,3258,2.7622654
1609,1499,1.8024671
1437,1254,4.906692
1437,1304,4.8229628
1437,1303,4.7037277
1437,3789,4.687187
1437,1950,4.6817026
1437,3683,4.6325827
1437,32,4.6243954
1437,3467,4.5955076
1437,2336,4.581004
1437,2948,4.5687428
1437,1938,4.5590744
1437,3504,4.5439825
1437,1947,4.5435295
1437,1270,4.4947157
1437,2664,4.4554152
1437,1957,4.437371
1437,3210,4.360426
1437,3763,4.1197577
1437,2369,3.61835
2438,1247,4.691923
2438,116,4.4257483
2438,1073,4.3262916
2438,2599,4.3069944
2438,2791,4.2422714
2438,1957,4.1923585
2438,1748,4.1810527
2438,1965,4.124752
2438,175,4.061596
2438,3418,4.0409617
2438,3040,3.8111184
2438,3598,3.806116
2438,2640,3.8024113
2438,2006,3.6434395
2438,3298,3.4891338
2438,2409,3.2603645
2438,3489,2.787028
2438,2411,2.395285
2438,3688,2.053571
2438,842,1.9302063
2438,3439,1.4479643
2438,2153,1.3054811
264,1197,3.7041154
264,1225,3.4372025
264,3035,3.4194057
264,1249,3.4082222
264,1387,3.3848586
264,3072,3.3293202
264,1610,3.2940216
264,1527,3.2260134
264,1257,3.1979651
264,1307,3.1630864
264,1370,3.0871935
264,969,3.0768142
264,1259,3.0595646
264,2985,3.0580103
264,2739,3.0560064
264,1408,3.0283592
264,1224,3.0160742
264,2746,3.0009298
264,161,2.9488723
264,3844,2.928649
264,3682,2.9141796
264,1587,2.9089055
264,595,2.8573031
264,3675,2.8369262
264,1266,2.8302352
264,3873,2.8281982
264,3524,2.7766173
264,2352,2.7750282
264,2407,2.7721984
264,2012,2.7582035
264,1088,2.7484891
264,2111,2.7366674
264,2403,2.7323844
264,2402,2.6891298
264,3247,2.6847682
264,2002,2.6784172
264,1372,2.6592045
264,3489,2.640582
264,1033,2.5852926
264,707,2.579739
264,2551,2.5314019
264,2249,2.529419
264,3525,2.5140243
264,2735,2.3966777
264,499,2.3757849
264,2375,2.3705266
264,1373,2.363081
264,2471,2.3544078
264,2815,2.2886806
264,2410,2.21882
264,208,2.085853
264,3841,1.9754539
264,2404,1.935817
1958,150,4.0537496
1958,595,3.893483
1958,3160,3.8834863
1958,3396,3.8407705
1958,2302,3.8397822
1958,16,3.8060842
1958,3397,3.7984734
1958,1257,3.794179
1958,2020,3.7519202
1958,3408,3.7465506
1958,1584,3.7266638
1958,2353,3.72601
1958,3102,3.695688
1958,3499,3.68706
1958,3556,3.639899
1958,1042,3.606048
1958,1370,3.56115
1958,477,3.5603514
1958,2245,3.5375016
1958,3466,3.5290804
1958,543,3.527927
1958,1917,3.5087428
1958,3128,3.5066147
1958,2370,3.5050182
1958,2134,3.504342
1958,2011,3.4932513
1958,1480,3.482703
1958,1645,3.4724765
1958,605,3.4709659
1958,2431,3.4526043
1958,2249,3.4521184
1958,3686,3.4502454
1958,2734,3.4306927
1958,1088,3.4247136
1958,2146,3.3969886
1958,1518,3.3893661
1958,3269,3.386389
1958,2772,3.3834033
1958,1892,3.3826268
1958,2657,3.3766828
1958,3477,3.3717635
1958,3698,3.3507109
1958,552,3.3453023
1958,2546,3.32825
1958,231,3.2742715
1958,2424,3.2709618
1958,1566,3.2650409
1958,542,3.2548509
1958,434,3.2405407
1958,2794,3.2387023
1958,2809,3.238072
1958,1806,3.2256343
1958,1191,3.200459
1958,2517,3.1830473
1958,1043,3.165896
1958,1888,3.164894
1958,830,3.1627579
1958,3701,3.1576111
1958,2735,3.142051
1958,2561,3.1402268
1958,195,3.139377
1958,1009,3.118417
1958,1541,3.1123652
1958,2792,3.109431
1958,2513,3.1026657
1958,2093,3.1026511
1958,1457,3.0998826
1958,3,3.007243
1958,2190,2.9635353
1958,2004,2.955549
1958,255,2.9384615
1958,459,2.9381356
1958,673,2.9198217
1958,1373,2.9097726
1958,2408,2.905738
1958,1091,2.880001
1958,3660,2.819767
1958,185,2.7662942
1958,798,2.69472
1958,3190,2.6470292
1958,1882,2.4694657
1958,2798,2.4592648
1958,3401,2.1072633
1958,2383,1.7882618
1753,1234,4.5135126
1753,1104,4.453059
1753,3897,4.384472
1753,3911,4.2944727
1753,1097,4.2780986
1753,589,4.232305
1753,3201,4.204893
1753,474,4.0660124
1753,2087,4.03903
1753,3169,3.992488
1753,1265,3.9752398
1753,2813,3.8885975
1753,1967,3.8832872
1753,99,3.87643
1753,3142,3.8156238
1753,377,3.7523699
1753,1918,3.7398798
1753,2094,3.6943495
1753,2023,3.6675549
1753,317,3.6193342
1753,292,3.5890996
1753,3301,3.5834055
1753,780,3.5742
1753,3534,3.541796
1753,1869,3.1168592
1753,442,3.0403593
1753,2487,3.0050635
1753,1590,2.8799884
1753,485,2.6493187
5596,1225,4.607014
5596,1617,4.5906153
5596,2858,4.5660534
5596,593,4.545061
5596,1200,4.4648733
5596,1036,4.316755
5596,1097,4.2718296
5596,1282,4.263381
5596,1028,4.216795
5596,1215,4.1512294
5596,3418,4.1413236
5596,2160,4.1311226
5596,3604,4.1014795
5596,1994,4.0980144
5596,1210,4.054295
5596,3448,4.0231104
5596,680,3.6733665
5596,426,3.2039003
5444,2763,3.245541
5444,2676,2.9162257
5444,2806,2.6937015
5444,2827,2.5370364
4799,1223,4.1737995
4799,497,3.829621
4799,11,3.721252
4799,837,3.4320521
4799,3243,2.833414
3558,1136,4.916971
3558,1197,4.9112406
3558,1036,4.8471293
3558,2804,4.7765536
3558,1207,4.7699943
3558,2797,4.5751033
3558,1271,4.5167193
3558,539,4.4655495
3558,69,4.45516
3558,62,4.4550133
3558,1220,4.45401
3558,1345,4.413947
3558,441,4.4055576
3558,500,4.4015036
3558,2231,4.396133
3558,2403,4.3093576
3558,700,4.208778
3558,785,4.123227
3558,1876,4.1132035
3558,2372,4.033849
3558,547,3.9913378
3558,231,3.9593935
3558,479,3.9146416
3558,788,3.8900347
3558,315,3.844858
3558,2468,3.836061
3558,44,3.808604
3558,485,3.7669177
3558,3717,3.7506275
5365,50,4.8295083
5365,3114,4.516874
5365,2890,4.2027383
5365,480,4.17539
5365,2671,4.168149
5365,2391,4.157915
5365,2058,4.082264
5365,551,4.0494385
5365,21,4.034023
5365,2393,4.004833
5365,2108,4.003385
5365,780,3.9905298
5365,543,3.9708896
5365,1042,3.9404883
5365,2427,3.928455
5365,3018,3.912394
5365,3253,3.897494
5365,2271,3.8880503
5365,2628,3.884502
5365,1676,3.8609772
5365,1027,3.8107362
5365,1614,3.8038406
5365,1805,3.8000455
5365,358,3.7841544
5365,1658,3.7752612
5365,1020,3.7555587
5365,329,3.7361264
5365,344,3.7189984
5365,1616,3.661512
5365,2505,3.607659
5365,3,3.6019602
5365,2026,3.597045
5365,537,3.5686917
5365,76,3.56045
5365,2154,3.4549813
5365,2446,3.4180508
5365,172,3.3087723
5365,1655,3.280294
5365,315,3.275032
5365,227,3.1412137
5365,1644,2.972282
5365,564,2.918093
5365,419,2.8316545
1303,1221,4.3486867
1303,1198,4.3006463
1303,899,4.2619567
1303,1278,4.215213
1303,1254,4.196312
1303,1235,4.1011868
1303,924,4.027145
1303,1077,3.9417634
1303,2289,3.9345732
1303,1266,3.916405
1303,3508,3.9056773
1303,1625,3.903813
1303,1374,3.8949935
1303,2729,3.8821678
1303,58,3.848866
1303,1240,3.8420262
1303,2395,3.8333375
1303,2791,3.8000882
1303,215,3.795928
1303,16,3.7889295
1303,1674,3.783152
1303,3386,3.7156773
1303,3266,3.6868093
1303,2355,3.664555
1303,671,3.6587558
1303,3526,3.633323
1303,3408,3.6332374
1303,3105,3.6004028
1303,1748,3.595739
1303,1653,3.5504649
1303,2112,3.5337672
1303,1306,3.487142
1303,3703,3.4865427
1303,123,3.4582026
1303,249,3.3921046
1303,3081,3.3678648
1303,509,3.3606274
1303,1982,3.2850258
1303,3769,3.278325
1303,3036,3.2092357
1303,43,3.1752481
1303,3020,3.1528287
1303,2384,3.1394556
1303,1777,3.133623
1303,2110,3.1206002
1303,2657,3.0611973
1303,2105,3.0492625
1303,2915,3.0431314
1303,1127,3.0401583
1303,353,3.0282893
1303,2560,2.9796975
1303,1597,2.9554322
1303,1370,2.942676
1303,1376,2.9253268
1303,799,2.9138186
1303,3033,2.7784111
1303,3844,2.7748456
1303,1405,2.7320893
1303,18,2.6472406
1303,2699,2.6029797
1303,2478,2.527644
1303,2901,2.5183165
1303,442,2.4994254
1303,237,2.3856328
1303,832,2.3676636
1303,1894,2.3100002
1303,3869,2.2873363
1303,1991,2.097431
1303,122,2.0861812
1303,2472,1.6835604
1303,891,1.6545962
1303,275,1.6324036
1303,1603,1.5457386
1303,1970,1.5397966
710,904,4.6001115
710,1207,4.544367
710,296,4.5237675
710,1203,4.462945
710,1197,4.391043
710,1199,4.284691
710,1449,4.27881
710,1291,4.1908207
710,1270,4.1220427
710,1387,4.119051
710,1961,4.118149
710,1333,4.085348
710,1060,4.0840693
710,778,4.078127
710,2797,4.0768757
710,3424,4.061936
710,3006,4.0606565
710,3507,4.0499287
710,2352,4.0327406
710,1962,3.9876506
710,2268,3.972243
710,3361,3.9621434
710,480,3.9370782
710,2739,3.9345896
710,2662,3.903959
710,300,3.903655
710,3256,3.8957286
710,1580,3.8770485
710,1921,3.8645363
710,2968,3.845695
710,1653,3.818471
710,3868,3.8098738
710,2502,3.803368
710,471,3.7528353
710,1120,3.69284
710,2134,3.6835423
710,180,3.6744719
710,3203,3.6706975
710,2455,3.6643624
710,1747,3.644845
710,1378,3.635131
710,514,3.5926175
710,3020,3.587722
710,2841,3.5650764
710,2527,3.5565472
710,2155,3.5506358
710,2518,3.5457654
710,3107,3.5203803
710,3070,3.517721
710,2110,3.5101871
710,2097,3.4962687
710,1722,3.4798799
710,1476,3.4369667
710,1459,3.4194994
710,3701,3.3862846
710,1689,3.3393416
710,2659,3.3303328
710,2478,3.329619
710,2712,3.3201256
710,2539,3.2854111
710,1405,3.2263985
710,2393,3.207222
710,2334,3.1751876
710,248,3.152945
710,3615,3.142216
710,1091,3.0625782
710,1379,3.051099
710,1342,3.0413754
710,1690,2.9987297
710,378,2.8604856
710,2387,2.8134947
710,1003,2.812644
710,479,2.789898
710,2471,2.7734222
710,2616,2.7713068
710,2269,2.694466
710,204,2.6432853
710,2898,2.6335168
710,157,2.5918453
710,2389,2.5896554
710,743,2.5747666
710,413,2.3765123
710,160,2.336172
710,737,2.2477095
710,3802,2.1402843
710,420,2.1230333
710,1499,2.0745966
710,2701,1.9733309
710,762,1.9410735
710,2498,1.89154
710,519,1.798255
710,102,1.610306
710,65,1.5428538
2875,1198,4.824047
2875,1221,4.785168
2875,1214,4.556156
6040,908,4.409436
6040,1212,4.3902893
6040,720,4.358907
6040,1945,4.3560324
6040,296,4.3538265
6040,608,4.342365
6040,1198,4.315823
6040,1203,4.3070397
6040,1248,4.293186
6040,1963,4.18032
6040,1288,4.158351
6040,1199,4.157647
6040,2692,4.1547384
6040,3359,4.1425257
6040,2997,4.1190524
6040,1291,4.118296
6040,800,4.103297
6040,2020,4.0511537
6040,1294,4.0299296
6040,1947,4.0240946
6040,3362,3.96586
6040,213,3.9547558
6040,3421,3.947182
6040,2863,3.9396834
6040,1103,3.9240904
6040,1179,3.8766153
6040,1220,3.6839597
6040,1097,3.6273508
6040,2580,3.5865502
6040,2512,3.5263247
6040,2348,3.3532667
6040,3111,3.2803698
6040,1173,3.0719485
6040,3070,3.0602603
6040,1321,3.038989
6040,2645,2.628432
6040,2100,2.5795143
6040,2376,2.1796548
6040,2802,2.063676
6040,2146,2.0442395
6040,2378,1.5964849
6040,2147,1.5443196
6040,2411,1.1031041
1544,3897,4.4532857
1544,1200,4.4170628
1544,2997,4.4011507
1544,924,4.3518515
1544,3317,4.1573467
1544,3793,4.09938
1544,2355,4.079472
1544,2310,4.0302725
1544,2690,4.0004177
1544,2763,3.9845366
1544,1653,3.9831214
1544,1909,3.704362
1544,3567,3.6902843
1544,3699,3.689349
1544,2985,3.5580208
1544,3755,3.293261
1544,3901,2.7424629
1544,3299,1.9416373
992,920,4.091181
992,1321,3.985835
992,539,3.6097171
992,3599,3.3604298
992,3409,2.8668432
3219,260,4.5878506
3219,2028,4.5192976
3219,1208,4.389216
3219,1136,4.3766313
3219,1,4.1381326
3219,3178,4.005252
3219,2908,3.955519
3219,3526,3.842855
3219,3717,3.5613613
3219,1513,3.4267159
3219,2094,3.4170296
3219,2710,3.315344
3219,2907,2.8457127
5543,1291,4.159685
5543,1080,4.02858
5543,1079,4.014246
5543,29,3.9860659
5543,1275,3.9826725
5543,2176,3.9624922
5543,1396,3.9260452
5543,588,3.9012036
5543,2788,3.8863122
5543,2997,3.85926
5543,1845,3.8526545
5543,1517,3.8122785
5543,1215,3.7713265
5543,2916,3.7446845
5543,2193,3.7307677
5543,2987,3.7266097
5543,1645,3.6780038
5543,2161,3.6537066
5543,2011,3.6368752
5543,1297,3.6310356
5543,26,3.6034577
5543,1573,3.6031632
5543,1025,3.5454056
5543,3264,3.384682
5543,2657,3.3459096
5543,2504,3.3365827
5543,3676,3.2545815
5543,3869,3.2367568
5543,2641,3.1012466
5543,2297,3.0590875
5543,2840,3.0010533
5543,2088,2.7179236
5543,172,2.6890209
5543,153,2.673307
5543,3877,2.15095
5543,3054,2.100197
499,527,4.6059904
499,1208,4.5612593
499,1196,4.3476725
499,908,4.3248873
499,150,4.2914643
499,1264,4.2311378
499,508,4.166701
499,1784,4.1191072
499,1678,4.0701237
499,1103,4.059842
499,515,4.0123954
499,377,3.9452524
499,3546,3.9390266
499,1584,3.9355652
499,3072,3.8867967
499,2424,3.8327324
499,3247,3.770656
499,2145,3.7613125
499,3528,3.7273593
499,271,3.6179197
499,2262,3.5839849
5197,913,4.248801
5197,1267,4.1911454
5197,3629,4.128251
5197,1201,4.10512
5197,2940,3.9438
5197,3549,3.8651292
5197,2949,3.8263958
5197,3653,3.780084
5197,2401,3.7541237
5197,345,3.741736
5197,2076,3.7165065
5197,1378,3.645784
5197,2478,3.518736
5197,1266,3.448971
5197,3157,3.4095304
5197,3657,3.3208566
1113,1178,4.6971292
1113,3307,4.628793
1113,1221,4.614089
1113,1250,4.6084003
1113,1237,4.5671835
1113,3030,4.563514
1113,1280,4.560156
1113,3629,4.5040584
1113,3000,4.453434
1113,47,4.37712
1113,1245,4.3766756
1113,3929,4.352704
1113,3265,4.3334694
1113,1270,4.2434535
1113,2542,4.213173
1113,32,4.195706
1113,2624,4.1913958
1113,1419,4.1491947
1113,16,4.1393213
1113,3192,4.0737834
1113,3386,4.047826
1113,1517,3.9609146
1113,1921,3.916228
1113,21,3.9024224
1113,2167,3.8994975
1113,543,3.8070016
1113,3101,3.788471
1113,2770,3.6758585
1113,2841,3.6755075
1113,3948,3.6696286
1113,2435,3.662589
1113,3809,3.5500283
1113,1892,3.4759398
1113,3943,3.447456
1113,3869,3.4365559
1778,318,4.773299
1778,1784,4.3213067
1778,2797,4.31174
1778,2268,4.22434
1778,2706,4.1962156
1778,1092,4.115971
1778,440,4.095745
1778,1407,4.0740166
1778,3948,4.0445356
1778,3753,4.002674
1778,917,3.9671361
1778,802,3.9648547
1778,69,3.9297655
1778,524,3.915254
1778,1639,3.8671505
1778,3253,3.8671148
1778,2012,3.8175535
1778,1799,3.8168788
1778,3412,3.7943497
1778,2657,3.793785
1778,1485,3.7724516
1778,1918,3.7429516
1778,1840,3.7320018
1778,3264,3.731455
1778,2628,3.7282646
1778,1569,3.6905918
1778,3270,3.6701195
1778,358,3.6578841
1778,2539,3.6441793
1778,2718,3.633367
1778,3263,3.5531325
1778,3534,3.528054
1778,1735,3.5221462
1778,450,3.5213273
1778,605,3.4870656
1778,1405,3.4804313
1778,2724,3.4763114
1778,2409,3.476108
1778,2581,3.4655504
1778,370,3.4645305
1778,3901,3.4146473
1778,788,3.4145174
1778,3444,3.3946502
1778,410,3.377563
1778,1457,3.3715377
1778,303,3.349073
1778,1377,3.2636685
1778,436,3.2503166
1778,201,3.1957498
1778,315,3.1576915
1778,2421,3.1261382
1778,1461,3.1077418
1778,886,3.0804672
1778,1640,3.0695944
1778,413,3.0610282
1778,424,3.0243838
1778,172,2.9453495
1778,2950,2.8938217
1778,3821,2.88628
1778,606,2.8332424
1778,656,2.8057876
1778,2778,2.8027537
1778,1474,2.700166
1778,667,2.6480675
1778,419,2.6317303
1778,460,2.553508
1778,470,2.4734085
1778,1556,2.4628127
1778,2392,2.451673
1778,12,2.3914583
1778,519,2.2478998
1778,1739,2.0384197
4893,2571,4.8400984
4893,2797,4.552183
4893,1206,4.5337877
4893,1214,4.526889
4893,589,4.512268
4893,2174,3.947805
4893,3300,3.9426937
4893,2672,3.9103162
4893,1920,3.64929
4893,2322,3.6181707
4893,2498,3.4487977
4893,880,3.3746812
4893,173,3.351941
2422,2797,4.3076954
2422,3526,4.00883
2422,3254,3.0008037
1020,2028,4.491296
1020,2692,4.448097
1020,1912,4.165336
1020,349,4.031181
1020,3527,4.014185
1020,1127,4.0028973
1020,1653,3.9683022
1020,2193,3.9238255
1020,1573,3.8556533
1020,2628,3.6060665
1020,809,2.56115
3483,50,4.5670786
3483,260,4.544513
3483,2501,4.4319882
3483,1234,4.346357
3483,1247,4.2966027
3483,3037,4.274167
3483,1394,4.215062
3483,428,4.205447
3483,2067,4.185886
3483,1210,4.1814065
3483,2692,4.1707277
3483,3911,4.1208735
3483,2871,4.1177015
3483,2997,4.11303
3483,1275,4.0972395
3483,2070,4.0755725
3483,3536,4.0424104
3483,3256,3.9977067
3483,2302,3.9959607
3483,3552,3.9887474
3483,1396,3.9731002
3483,2268,3.9708724
3483,2006,3.958274
3483,3074,3.9407806
3483,1101,3.937817
3483,2716,3.9232423
3483,3702,3.8921509
3483,2916,3.8601277
3483,3685,3.8530412
3483,2455,3.8107622
3483,2058,3.8095021
3483,2490,3.7941985
3483,1042,3.7926922
3483,3798,3.791582
3483,3555,3.7850027
3483,1552,3.7821262
3483,368,3.7726433
3483,1542,3.7694
3483,2803,3.7589033
3483,2912,3.739919
3483,252,3.722446
3483,3513,3.7218568
3483,1835,3.720428
3483,2596,3.711388
3483,1916,3.706513
3483,3706,3.701501
3483,3250,3.6808221
3483,3478,3.6730747
3483,1339,3.6650836
3483,282,3.626101
3483,1586,3.615978
3483,376,3.6155171
3483,2012,3.5973346
3483,2320,3.5921369
3483,2770,3.5803626
3483,2105,3.5575824
3483,3409,3.5522091
3483,1753,3.5331178
3483,2478,3.5287564
3483,1848,3.4988215
3483,748,3.4366727
3483,3157,3.4170547
3483,435,3.3086152
3483,2699,3.3036273
3483,697,3.291937
3483,459,3.2854085
3483,1440,3.2720037
3483,2335,3.2684622
3483,1468,3.2525084
3483,248,3.234241
3483,1021,3.1593428
3483,3826,3.1322284
3483,3324,3.0592663
3483,267,2.9653265
3483,809,2.9075322
3483,2720,2.2637856
6006,2908,3.425467
6006,2125,3.3456411
6006,2276,3.2453532
6006,367,3.0264254
6006,1721,2.9957452
6006,1030,2.8684258
6006,3325,2.1159983
5234,1136,4.2059546
5234,1449,4.07247
5234,2804,4.007426
5234,296,3.9092102
5234,34,3.9091034
5234,3836,3.9032774
5234,1411,3.8535805
5234,3210,3.7584763
5234,3163,3.7301486
5234,1641,3.7214308
5234,3108,3.658968
5234,1966,3.6178854
5234,2657,3.5990505
5234,2145,3.5496454
5234,784,3.345075
5234,2095,3.3192148
3271,2571,4.342297
3271,1193,4.3375273
3271,1066,4.261179
3271,1299,4.2348747
3271,3360,4.2304764
3271,1249,4.1526427
3271,1200,4.1463227
3271,1265,4.1444087
3271,3363,4.12211
3271,1259,4.088499
3271,1663,4.057239
3271,1302,4.054226
3271,1214,4.0501876
3271,2313,4.046096
3271,17,4.015851
3271,3178,4.001355
3271,2115,4.000409
3271,2109,3.9937856
3271,2852,3.9766269
3271,2671,3.9758909
3271,1968,3.9732428
3271,920,3.9024255
3271,3501,3.8751063
3271,2959,3.8720598
3271,3868,3.8666582
3271,2987,3.8316112
3271,279,3.8245149
3271,2407,3.7885277
3271,2991,3.7833476
3271,2174,3.773195
3271,7,3.7305942
3271,2100,3.724275
3271,2340,3.723895
3271,2013,3.7015374
3271,1346,3.691636
3271,224,3.6771832
3271,1686,3.65961
3271,3524,3.6327507
3271,999,3.629801
3271,2846,3.616254
3271,2369,3.536486
3271,2413,3.4819334
3271,3707,3.4551864
3271,2372,3.4404402
3271,3257,3.059247
3271,3392,2.2509503
4624,745,4.6739
4624,2609,4.3380804
4624,3512,3.9339333
4624,2125,3.907693
4624,2605,3.3840451
4624,3672,3.2378068
1603,1704,4.32324
1603,47,4.1570034
1603,17,4.1273155
1603,32,4.08531
1603,39,3.8598337
1603,1758,3.8413725
1603,164,3.8148394
1603,3882,3.6962662
1603,1892,3.6065798
1470,912,3.9361672
1470,3030,3.8024623
1470,1961,3.6822407
1470,2396,3.6400256
1470,3090,3.5442626
1470,593,3.4301414
1470,897,3.3797927
1470,3911,3.3789787
1470,2924,3.3521261
1470,2700,3.262917
1470,1476,3.2596843
1470,3265,3.1996088
1470,1259,3.187858
1470,2301,3.1732287
1470,2303,3.172115
1470,344,3.1476338
1470,671,3.091947
1470,213,3.079752
1470,1929,3.0625143
1470,2118,3.0597663
1470,1873,3.0289216
1470,1934,3.0074406
1470,3534,2.9769711
1470,2694,2.9446821
1470,2899,2.9433484
1470,1615,2.9414454
1470,1297,2.923929
1470,206,2.907352
1470,3936,2.9006865
1470,2939,2.898384
1470,2874,2.8893356
1470,3951,2.8726609
1470,2205,2.8500896
1470,2289,2.8480318
1470,3551,2.8449082
1470,2830,2.8248367
1470,3760,2.8162224
1470,236,2.8137329
1470,3173,2.8019054
1470,2171,2.7525895
1470,2752,2.7463007
1470,3092,2.7231705
1470,1493,2.636081
1470,764,2.5928664
1470,3327,2.5551977
1470,1431,2.5168002
1470,3409,2.485297
1470,2627,2.4639275
1470,3308,2.449421
1470,288,2.435065
1470,544,2.4165838
1470,561,2.4096837
1470,3765,2.404807
1470,3886,2.3570795
1470,1586,2.3514118
1470,2864,2.340924
1470,2986,2.2707906
1470,1798,2.2115116
1470,2188,2.1622658
1470,2316,2.1601753
1470,2293,2.1101072
1470,1787,2.0397763
1470,3912,2.0089211
1470,796,1.9763936
1470,609,1.9680328
1470,227,1.9118311
1470,2614,1.8596153
1470,1386,1.8111591
1470,644,1.8111591
1470,3220,1.8111591
1470,1558,1.7573416
1470,660,1.7192152
1470,891,1.6343193
1470,3942,1.6121538
1470,1490,1.5981742
1470,2643,1.5017629
1470,546,1.423671
3400,2804,4.7009125
3400,1258,4.5788183
3400,1089,4.56602
3400,1214,4.4500875
3400,1954,4.33539
3400,733,4.3279805
3400,1356,4.2545185
3400,1370,4.1692715
3400,1645,4.141894
3400,2167,4.126057
3400,2058,4.1201854
3400,1061,4.06991
3400,3635,4.061977
3400,1587,3.9851427
3400,2985,3.9490361
3400,1917,3.9163182
3400,2628,3.915056
3400,1479,3.9120133
3400,3701,3.8431015
3400,1687,3.648925
3400,2735,3.4965312
3400,3438,3.1197598
3400,1388,2.881328
3400,173,2.563986
1692,969,4.7643886
1692,1225,4.757224
1692,1262,4.7425165
1692,1213,4.7274604
1692,111,4.6616716
1692,910,4.6301293
1692,1197,4.6052823
1692,1259,4.5406594
1692,1358,4.5285015
1692,1947,4.4111786
1692,3551,4.4101157
1692,345,4.3815956
1692,778,4.372394
1692,3168,4.322292
1692,2076,4.115358
1692,448,4.115246
1692,3461,4.0844
1692,501,4.0141277
3129,1234,4.2203436
3129,260,4.202737
3129,1193,4.167753
3129,1136,4.058181
3129,508,3.9476094
3129,1387,3.9137301
3129,296,3.8955753
3129,1258,3.8745446
3129,1097,3.8487716
3129,1246,3.8301597
3129,2289,3.8263419
3129,2000,3.7880309
3129,1663,3.7773337
3129,1161,3.7757285
3129,555,3.7523186
3129,1393,3.6411014
3129,3793,3.583197
3129,3448,3.484181
3129,2551,3.479006
3129,2403,3.4788733
3129,1645,3.4646528
3129,2420,3.459324
3129,1061,3.4456067
3129,2261,3.3835156
3129,1517,3.346689
3129,3250,3.2893271
3129,3785,3.2825873
3129,1391,3.2777338
3129,1587,3.2564838
3129,1866,3.2494335
3129,466,3.1903057
3129,1620,3.1869292
3129,3638,3.1248376
3129,2193,3.0904026
3129,1378,3.0870857
3129,2088,3.0672057
3129,2672,2.97609
3129,1974,2.9375184
3129,2121,2.8670752
3129,724,2.814529
3129,3798,2.793733
3129,438,2.7417972
3129,3688,2.5097113
3129,762,2.5020344
3129,1969,2.4407134
3129,225,2.4112575
3129,1972,2.4026828
3129,234,2.3989246
3129,1976,2.2310758
3129,1381,1.9961839
983,1198,4.7726374
983,1299,4.468087
983,1376,4.272956
983,2987,4.028454
983,2470,4.02556
983,3081,3.8687985
983,2297,3.8524923
983,3698,3.8520384
983,2615,3.7927604
983,1593,3.7150292
983,3258,3.539937
3311,3578,3.726026
3311,2918,3.7158766
3311,296,3.6927269
3311,1394,3.6813817
3311,1663,3.5784574
3311,589,3.5491118
3311,555,3.5409536
3311,2138,3.4927385
3311,3421,3.4763448
3311,1094,3.4656348
3311,1982,3.4468265
3311,471,3.4316216
3311,1653,3.4236841
3311,2174,3.4126923
3311,2291,3.3988247
3311,1356,3.396471
3311,1047,3.3733587
3311,539,3.3322008
3311,2657,3.326939
3311,112,3.3255155
3311,480,3.3248093
3311,3087,3.3195114
3311,3029,3.3114138
3311,69,3.26617
3311,2490,3.2527885
3311,3219,3.2437606
3311,2140,3.242964
3311,1441,3.2230685
3311,1748,3.2081742
3311,1615,3.1913366
3311,165,3.162921
3311,2746,3.159007
3311,2021,3.1558619
3311,175,3.149208
3311,532,3.1441083
3311,2405,3.1169434
3311,1627,3.1146264
3311,1884,3.106822
3311,1129,3.0626183
3311,2581,3.0445476
3311,543,3.0226374
3311,2409,3.0091782
3311,2539,3.0064547
3311,328,3.0031981
3311,999,3.002555
3311,3425,2.9722738
3311,2002,2.9489949
3311,3444,2.8807888
3311,3764,2.8698893
3311,2,2.856172
3311,2279,2.7927127
3311,1030,2.7799964
3311,1991,2.7669249
3311,3744,2.7374613
3311,330,2.5873108
3311,3660,2.581271
3311,76,2.575464
3311,227,2.5747979
3311,2027,2.5741863
3311,1606,2.55056
3311,2615,2.542543
3311,2060,2.5277116
3311,569,2.5251846
3311,1100,2.45438
3311,291,2.3549051
3311,2121,2.3010752
3311,466,2.2874136
3311,1655,2.2668777
3311,798,2.2281206
3311,2473,2.196696
3311,193,2.1506689
3311,688,2.0792394
3311,276,2.0634987
3311,3889,2.0156608
3311,3439,1.97383
3311,2113,1.9547503
3311,1863,1.9146565
3311,2808,1.8480349
3311,1971,1.7033696
3311,611,1.7023371
3311,1679,1.6290424
3311,1456,1.4990106
3311,2153,1.4640007
3311,3689,1.4159415
3311,393,1.4027059
3311,1993,1.3391867
3311,1490,1.3298912
3311,3440,1.27945
3311,2555,1.2344328
3311,3572,1.193927
5093,527,4.396619
5093,1682,3.807044
5093,515,3.7192469
1297,3429,4.5553637
1297,1196,4.495798
1297,1234,4.4269958
1297,750,4.398907
1297,608,4.392191
1297,1089,4.333392
1297,1243,4.2837934
1297,2599,4.217356
1297,2542,4.178954
1297,2137,4.1785946
1297,589,4.1737237
1297,3653,4.1456356
1297,2871,4.1093154
1297,2580,4.108996
1297,3182,4.093967
1297,2908,4.0518694
1297,1649,4.01397
1297,3230,4.0057096
1297,1466,3.964853
1297,223,3.9425478
1297,1639,3.9202092
1297,1729,3.8383007
1297,492,3.8062632
1297,3034,3.7854178
1297,253,3.7835174
1297,851,3.758756
1297,785,3.7207563
1297,3020,3.7045884
1297,2155,3.6742806
1297,2455,3.6443655
1297,2407,3.6414394
1297,3272,3.574243
1297,3726,3.571807
1297,1909,3.568704
1297,1552,3.5571408
1297,2440,3.4999352
1297,278,3.4685187
1297,3107,3.4374673
1297,3263,3.353451
1297,2454,3.303289
1297,3701,3.2671053
1297,1513,3.180816
1297,700,3.1540432
1297,674,3.0837417
1297,2533,3.0833526
1297,2628,3.0115638
1297,435,2.8015587
1297,3697,2.7429593
1297,3841,2.636019
1297,3669,2.3661401
1297,2158,1.9947548
1297,688,1.9844439
1297,2902,1.7916491
4732,1204,4.7884693
4732,912,4.747202
4732,1197,4.725753
4732,1262,4.7170253
4732,2762,4.6795607
4732,1267,4.6230116
4732,924,4.4230704
4732,1240,4.3989296
4732,1023,4.3902907
4732,1080,4.3690214
4732,3508,4.365604
4732,2951,4.3165293
4732,3735,4.2905164
4732,3168,4.2219334
4732,1912,4.2067513
4732,1374,4.169373
4732,1298,4.144215
4732,1215,4.134022
4732,2763,4.125034
4732,1101,4.1159916
4732,2700,4.1109495
4732,3505,4.0724764
4732,2427,4.0346355
4732,1408,4.026784
4732,1345,3.9710193
4732,941,3.9543946
4732,1921,3.9481013
4732,161,3.9435604
4732,1910,3.8905814
4732,3527,3.8883934
4732,3700,3.868638
4732,3676,3.8302581
4732,3479,3.8193274
4732,3101,3.8174167
4732,2985,3.8016248
4732,2089,3.7628734
4732,2989,3.7557547
4732,799,3.7288277
4732,587,3.7260146
4732,2476,3.7182183
4732,2110,3.7091637
4732,1527,3.6885445
4732,2527,3.6480477
4732,3417,3.6214209
4732,2622,3.6167831
4732,1024,3.6062799
4732,1370,3.6013317
4732,2414,3.575825
4732,2470,3.5617735
4732,2454,3.5576034
4732,532,3.5470927
4732,112,3.5336337
4732,2475,3.523511
4732,3016,3.4802005
4732,2710,3.4742088
4732,2457,3.4599724
4732,2015,3.4303513
4732,3197,3.4107351
4732,2641,3.3951905
4732,2232,3.3891249
4732,674,3.3854856
4732,2600,3.3736687
4732,2881,3.3424768
4732,3686,3.3196006
4732,2990,3.3141305
4732,1762,3.229524
4732,2429,3.1692796
4732,1770,3.1664653
4732,60,3.1466134
4732,2513,3.1068325
4732,2901,3.0847504
4732,1717,2.9786372
4732,89,2.8881867
4732,788,2.885855
4732,2133,2.8801258
4732,1616,2.8566253
4732,479,2.7637343
4732,3693,2.6535528
4732,1525,2.416668
4732,1007,2.300277
4732,1126,2.2874568
4732,2428,2.1243825
3203,50,5.090944
3203,2324,4.967125
3203,608,4.9296374
3203,2858,4.8603745
3203,3578,4.606211
3203,3471,4.534178
3203,3098,4.525974
3203,1955,4.514163
3203,3952,4.4868603
3203,1466,4.452179
3203,3052,4.380399
3203,2439,4.334193
3203,3760,4.2741966
3203,2348,4.2357626
3203,1092,4.177559
3203,3176,4.1045885
3203,1580,4.066025
3203,804,3.7641225
3203,2706,3.701311
3203,2581,3.5722938
3203,1327,3.1614876
3203,1978,1.621777
2962,50,3.9460094
2962,930,3.695325
2962,1284,3.688793
2962,1449,3.5980809
2962,1293,3.5904725
2962,3468,3.559824
2962,3037,3.5294838
2962,1226,3.4984956
2962,1224,3.4972367
2962,1086,3.4843473
2962,3147,3.430527
2962,3044,3.4286926
2962,32,3.3910372
2962,3613,3.3273556
2962,1374,3.3056464
2962,3578,3.3006115
2962,16,3.2999647
2962,2187,3.2645688
2962,1584,3.2624516
2962,2080,3.2363198
2962,3625,3.2052267
2962,3476,3.173954
2962,2596,3.1337652
2962,3230,3.129528
2962,2763,3.0958135
2962,3221,3.067104
2962,3032,3.0513742
2962,2490,3.0099902
2962,3071,2.997122
2962,2527,2.9914393
2962,2727,2.9732935
2962,2344,2.9651392
2962,1909,2.9253066
2962,1527,2.872176
2962,1580,2.85223
2962,1653,2.84191
2962,3753,2.807537
2962,1722,2.7883065
2962,454,2.7864056
2962,2550,2.7252967
2962,3926,2.7117596
2962,2454,2.674065
2962,3033,2.5740528
2962,329,2.5384889
2962,2346,2.5315163
2962,2722,2.5258324
2962,2554,2.5184193
2962,288,2.420018
2962,2014,2.3994734
2962,3717,2.3022282
2962,2263,2.219263
2962,3861,2.2159402
2962,1876,2.215919
2962,464,2.1316853
2962,3830,2.1054955
2962,1342,2.0431252
2962,3403,2.005862
2962,3821,1.9760078
2962,2675,1.9397396
2962,1037,1.9396427
2962,185,1.8906655
2962,3850,1.8332651
2962,3696,1.7551949
2962,2642,1.729146
2962,3646,1.63051
2962,2895,1.5173107
4058,954,4.4173985
4058,1213,4.3739667
4058,1219,4.3065643
4058,2997,4.233456
4058,1079,4.146887
4058,3007,4.0548925
4058,2716,4.0000267
4058,3317,3.965554
4058,1951,3.8676336
4058,3396,3.856055
4058,3386,3.8368864
4058,3104,3.8046699
4058,592,3.7863293
4058,1527,3.7432637
4058,73,3.7198372
4058,2278,3.6785316
4058,62,3.6311264
4058,2706,3.5227368
4058,2734,3.4069839
4058,587,3.3659022
4058,2867,3.3279965
4058,2111,3.2548666
4058,163,3.2172468
4058,350,3.1437201
4058,70,3.1237674
4058,2006,3.077402
4058,780,2.9121168
4058,2617,2.7503839
4058,1379,2.679008
4058,292,2.5623636
4058,3766,1.8705862
4058,3689,1.796932
5950,2762,4.0239177
5950,1252,3.963179
5950,1147,3.9449313
5950,2804,3.8875945
5950,924,3.8215091
5950,1247,3.7697449
5950,1288,3.7688277
5950,1953,3.6811404
5950,1960,3.6661708
5950,32,3.6584537
5950,1956,3.6263266
5950,920,3.6059666
5950,3654,3.426844
5950,1246,3.3500493
5950,272,3.3325357
5950,3168,3.247727
5950,1275,3.2377167
5950,2178,3.1613736
5950,1660,3.152731
5950,2291,3.0675821
5950,1747,3.0622869
5950,3793,3.0165546
5950,2144,3.001974
5950,2669,2.939868
5950,1589,2.8486574
5950,69,2.826001
5950,3204,2.8187604
5950,2915,2.8031418
5950,3555,2.7908816
5950,353,2.7214098
5950,2023,2.6066742
5950,2836,2.5837615
5950,3896,2.5390172
5950,480,2.4990804
5950,3099,2.4273608
5950,377,2.3419383
5950,271,2.2329516
5950,852,2.2325246
5950,2641,2.201916
5950,2533,2.0809355
5950,725,1.9234157
5950,2881,1.7276082
5950,1779,1.6615719
5950,2121,1.5902795
5950,842,1.2409364
4491,3082,4.042144
4491,1527,3.962486
4491,1479,3.909763
4491,1393,3.9020936
4491,524,3.8736117
4491,1672,3.872603
4491,1676,3.8299332
4491,368,3.819347
4491,724,3.740018
4491,1597,3.680637
4491,2572,3.678553
4491,736,3.6201475
4491,2328,3.5995345
4491,3,3.5840645
4491,2597,3.5631986
4491,880,3.5219698
4491,765,3.501166
4491,435,3.4625049
4491,1590,3.420592
4491,606,3.4145987
4491,420,3.3368115
4491,2338,3.3130898
4491,1556,3.247206
5090,2028,4.682604
5090,1961,4.529127
5090,1090,4.5284863
5090,593,4.5257444
5090,1185,4.5218177
5090,969,4.4744496
5090,3811,4.4462104
5090,903,4.3735805
5090,3037,4.3582077
5090,1625,4.3394794
5090,232,4.319723
5090,1293,4.316236
5090,1220,4.3022065
5090,1333,4.2521715
5090,1222,4.2456884
5090,3168,4.236856
5090,3210,4.213793
5090,3284,4.1850853
5090,2352,4.1705537
5090,3471,4.155464
5090,3702,4.150277
5090,1500,4.098317
5090,2366,4.091028
5090,272,4.073742
5090,2866,4.0557966
5090,2915,4.0299616
5090,3260,4.028616
5090,2455,4.004426
5090,3763,3.969821
5090,1682,3.9668968
5090,1094,3.964241
5090,3070,3.9627779
5090,1186,3.953816
5090,852,3.9262133
5090,2987,3.9081428
5090,253,3.9080102
5090,2520,3.8454514
5090,2746,3.6592436
2199,2336,4.290406
2199,2575,4.280647
2199,2908,4.2565894
2199,2599,4.2128015
2199,3543,4.1736746
2199,2502,3.989524
2199,2678,3.4755638
2199,2546,2.5706053
2199,3623,2.5510843
2199,2188,2.5345306
2199,2629,2.3839486
2199,2888,2.074438
2199,407,2.0057216
2199,2719,1.706178
2199,2526,1.6305265
2199,3593,1.2921321
507,1203,4.3075094
507,3911,3.9931812
507,265,3.8419318
507,1699,3.5623088
2131,2028,4.4572372
2131,593,4.440484
2131,1036,4.369182
2131,1259,4.25558
2131,508,4.2415924
2131,1200,4.241475
2131,3007,4.083494
2131,3793,4.057308
2131,3727,3.907767
2131,1093,3.657913
2131,426,3.4502003
2131,879,3.359498
2131,3617,3.3253345
2131,382,3.2447896
2131,3355,3.1222782
2131,435,3.0907001
2131,1970,2.98348
2131,606,2.4121888
2131,667,2.2598593
2131,3663,2.1467888
2131,2807,1.9117273
2018,1198,4.749417
2018,1252,4.6035357
2018,1247,4.4998446
2018,1272,4.497692
2018,593,4.4898367
2018,2208,4.4825497
2018,1225,4.472289
2018,1950,4.408004
2018,1258,4.3888655
2018,1449,4.37469
2018,3365,4.367856
2018,909,4.3570766
2018,599,4.3515797
2018,1294,4.3489637
2018,162,4.3436813
2018,1259,4.3251023
2018,1244,4.311183
2018,1291,4.2951603
2018,3037,4.2702494
2018,1238,4.269061
2018,3097,4.244646
2018,1997,4.2068806
2018,1354,4.205644
2018,3152,4.1744275
2018,3451,4.1689878
2018,2194,4.1588464
2018,1302,4.146591
2018,2204,4.138431
2018,2739,4.112301
2018,1220,4.0849805
2018,1929,4.0447917
2018,866,4.0182276
2018,2952,3.97962
2018,1124,3.9679065
2018,531,3.9513476
2018,2633,3.8855748
2018,3386,3.8853383
2018,2115,3.76232
2018,2065,3.7533412
2018,2013,3.702379
2018,2640,3.644672
2018,2407,3.603779
2018,2211,3.5664077
2018,2641,3.4194367
2018,2247,3.2316866
2018,1191,3.0847228
2018,303,2.911416
2018,2209,1.9834552
3439,293,4.444788
3439,1090,4.436844
3439,2918,4.431554
3439,2139,4.1764445
3439,2150,4.101211
3439,3793,4.0601788
3439,2000,4.059047
3439,2423,4.0482183
3439,2141,3.9269805
3439,1135,3.6732504
6024,1356,4.0593414
6024,3267,4.000982
6024,3203,3.995018
6024,3082,3.9838808
6024,25,3.9782343
6024,1911,3.5248394
6024,3257,3.4821196
6024,2699,3.360385
187,446,4.57956
187,58,4.4989867
187,1704,4.491737
187,290,4.4777136
187,3481,4.4359674
187,2677,4.402849
187,2908,4.3865595
187,1517,4.2743964
187,1682,4.259677
187,1183,4.246114
187,647,4.1946526
187,3255,4.1735888
187,1407,4.16436
187,2883,4.159751
187,388,4.1442494
187,988,4.10268
187,1480,4.101609
187,2276,4.0599675
187,2621,4.0556693
187,1093,4.054042
187,1836,4.0172744
187,2994,3.9540682
187,1547,3.9461591
187,1650,3.9442897
187,2112,3.9403014
187,3107,3.9354193
187,1728,3.933041
187,1811,3.9293556
187,2432,3.9058483
187,3115,3.861363
187,1816,3.8207235
187,1896,3.8177776
187,218,3.7967386
187,1711,3.768785
187,3785,3.6745658
187,2679,3.4100208
187,455,3.2497196
187,3646,3.1802752
187,3821,3.1580584
4161,1233,4.1695113
4161,2858,4.1132655
4161,1224,4.0795774
4161,2203,4.04449
4161,3683,4.00551
4161,1066,3.9048774
4161,2726,3.8808188
4161,2959,3.8649993
4161,2066,3.843796
4161,2927,3.7714086
4161,1277,3.7246976
4161,3160,3.57522
4161,1387,3.5497954
4161,3783,3.4862459
4161,3328,3.4857476
4161,3819,3.4828043
4161,356,3.4733605
4161,3787,3.4724112
4161,1374,3.4680243
4161,3706,3.3429403
4161,3622,3.3354113
4161,2278,3.2258646
4161,474,2.9755764
4161,3719,2.9648461
4161,3020,2.9589262
4161,1028,2.766903
4161,465,2.7649517
4161,3263,2.740259
4161,3793,2.7352943
4161,1587,2.7114573
4161,3555,2.6226087
4161,2718,2.5886753
4161,3569,2.5790427
4161,1597,2.5769882
4161,198,2.5283284
4161,3102,2.4637241
4161,3404,2.3081813
4161,3771,2.2575727
4161,495,2.2471614
4161,3649,2.2235062
4161,1049,1.9553648
4161,438,1.9547069
4161,2126,1.938344
4161,3562,1.8798428
4161,2628,1.8741226
4161,552,1.8607018
4161,170,1.8045821
4161,3717,1.6778889
4161,3835,1.4605057
4161,1438,1.3927786
4161,3579,1.3469464
4161,1869,1.3125896
4161,3669,1.2652892
4161,1497,1.1742189
4161,737,1.1030557
1722,750,5.05415
1722,260,5.0411625
1722,1214,4.869132
1722,2648,4.731149
1722,1077,4.7170506
1722,1333,4.6594534
1722,2664,4.617893
1722,3499,4.488913
1722,2968,4.4443693
1722,1356,4.4189305
1722,198,4.2192636
1722,1130,4.185753
1722,2553,4.1856613
1722,879,4.0935135
1722,1999,4.0057755
1722,2120,3.969284
1722,2459,3.9641829
1722,1975,3.932139
1722,2121,3.9086783
1722,2428,3.8553672
1722,842,3.7646766
1722,2740,3.6689935
1722,2256,3.6640346
1722,3847,3.6461186
1722,2149,3.5672882
1722,3709,3.5065856
4196,1963,4.2606907
4196,1084,4.184801
4196,2764,3.4997404
5198,2324,3.984035
5198,3949,3.7951832
5198,2959,3.7866225
5198,17,3.6020257
5198,1392,3.5127826
5198,1639,3.4946008
5198,892,3.4919086
5198,2580,3.4797134
5198,2502,3.2917914
5198,785,3.2752595
5198,1747,3.263513
5198,440,3.2121897
5198,69,3.1999068
5198,3852,3.1856637
5198,2987,3.0743868
5198,2579,3.0393736
5198,253,3.026816
5198,2294,2.9891922
5198,351,2.6891537
5198,2718,2.6683192
5198,1442,2.5475442
5198,372,2.4359307
5198,585,2.3512208
5198,3623,2.0269399
5198,3785,1.9299576
5198,2142,1.9030397
5198,415,1.8712265
5198,2798,1.3167648
5626,1204,5.0929093
5626,912,4.955389
5626,1617,4.834594
5626,1263,4.649683
5626,590,4.642423
5626,2202,4.62349
5626,3753,4.564378
5626,356,4.540966
5626,3871,4.496043
5626,1936,4.385351
5626,3487,4.3447514
5626,3450,4.3216057
5626,3639,4.1841736
5626,3834,3.9255626
5626,2532,3.8326511
1626,2858,4.3374004
1626,1387,4.2250695
1626,3911,4.0662117
1626,1673,4.0025105
1626,562,3.9457495
1626,21,3.8044913
1626,272,3.7573266
1626,1183,3.6844254
1626,2443,3.6489346
1626,1345,3.6382542
1626,3174,3.5579813
1626,3786,3.3404062
1626,113,3.0525143
1626,3509,2.8032916
1626,2787,2.62302
1626,2451,2.599241
1626,2328,2.4358804
1626,1995,2.220266
1626,2307,1.8145895
3531,1291,4.4542303
3531,1238,4.352378
3531,3751,4.143243
3531,866,4.096078
3531,3185,3.812725
3531,2466,3.6932049
3531,3615,3.592792
3531,2628,3.3670013
1632,904,3.816608
1632,3134,3.6865377
1632,2360,3.680257
1632,296,3.5652263
1632,1245,3.5158615
1632,3006,3.499907
1632,1253,3.4789429
1632,2313,3.4657297
1632,1939,3.4646163
1632,3467,3.449427
1632,246,3.4371924
1632,905,3.3806686
1632,1104,3.3737278
1632,1299,3.369894
1632,924,3.3657854
1632,457,3.3635752
1632,3363,3.3544118
1632,1089,3.3193355
1632,1387,3.3108354
1632,1219,3.3053856
1632,741,3.2992892
1632,1964,3.2961102
1632,2396,3.2676296
1632,1270,3.2648623
1632,2745,3.2638302
1632,290,3.259499
1632,2020,3.2099109
1632,1394,3.2031069
1632,32,3.2023582
1632,2010,3.198672
1632,356,3.191721
1632,3072,3.1364155
1632,1281,3.1343207
1632,3096,3.1215708
1632,3147,3.077962
1632,3543,3.0776114
1632,3811,3.061606
1632,1678,3.031499
1632,497,3.0161643
1632,3678,2.9473782
1632,1183,2.9042506
1632,2797,2.7921164
1632,3936,2.7748566
1632,3076,2.7579184
1632,390,2.743876
1632,2406,2.6730638
1632,3011,2.6714463
1632,3052,2.6268623
1632,2065,2.5819283
1632,2078,2.5357401
1632,2096,2.4112296
1632,3503,2.305163
1632,956,2.3021379
1632,2554,2.2802145
1632,2867,2.2212985
1632,976,2.210551
1632,647,2.1718469
1632,2454,2.170876
1632,2090,2.1199248
1632,3699,2.01661
1632,3110,2.0120745
1632,1371,1.9561812
1632,3430,1.8793402
1632,3913,1.8592405
1632,2094,1.6674058
1632,3235,1.6639476
1632,2862,1.6132457
1632,2616,1.5771146
1632,476,1.5098265
1632,1586,1.3238037
1632,2536,1.147141
1632,2254,1.1440098
4663,923,3.91697
4663,750,3.9093547
4663,1136,3.8488157
4663,953,3.8322814
4663,1963,3.8147264
4663,608,3.697308
4663,232,3.6831186
4663,1176,3.645999
4663,994,3.6247323
4663,924,3.5809414
4663,1292,3.5497549
4663,247,3.528102
4663,223,3.5089335
4663,483,3.4820626
4663,3521,3.4757035
4663,588,3.4529786
4663,2872,3.438614
4663,514,3.4352605
4663,1396,3.3812706
4663,2891,3.358299
4663,1923,3.344407
4663,339,3.3170109
4663,3251,3.290875
4663,2985,3.2722602
4663,832,3.2615075
4663,1729,3.2153668
4663,2354,2.7432775
4663,612,2.7189188
4663,1488,2.6208277
4816,3578,4.731502
4816,306,4.504303
4816,2917,4.451394
4816,3105,4.400725
4816,1580,4.395247
4816,2763,4.369692
4816,3083,4.361064
4816,1354,4.3550997
4816,1078,4.3365097
4816,3181,4.304277
4816,3916,4.299031
4816,608,4.27036
4816,1088,4.246473
4816,628,4.245449
4816,2883,4.1978693
4816,2686,4.1914864
4816,1885,4.186787
4816,1912,4.1568418
4816,2175,4.1510296
4816,2704,4.1286325
4816,3247,4.1126947
4816,353,4.1073427
4816,3269,4.1060133
4816,3206,4.0963473
4816,521,4.0917654
4816,163,4.0380864
4816,2976,4.032618
4816,830,4.00041
4816,2590,3.9775758
4816,1806,3.9712977
4816,1883,3.95921
4816,3865,3.9460301
4816,455,3.942552
4816,2956,3.9200883
5872,2571,4.1776304
5872,608,4.0878587
5872,920,3.8691344
5872,2686,3.8584483
5872,3148,3.783216
5872,2682,3.7506356
5872,3408,3.729378
5872,1527,3.627646
5872,2916,3.6161127
5872,1042,3.5292742
5872,1912,3.49778
5872,1722,3.470892
5872,3020,3.4524856
5872,2433,3.2623188
5872,2688,3.2196612
5872,786,3.1619413
5872,3534,3.0196583
5872,2805,2.6242735
5872,160,2.5512314
5872,2126,2.44621
5872,673,2.2303066
5872,762,1.8900607
1640,2571,3.778071
1640,2858,3.5434847
1640,457,3.504132
1640,2716,3.361441
1640,3510,3.2314095
1640,628,3.211465
1640,3793,3.2024887
1640,380,3.010119
1640,377,2.8955288
1640,2572,2.7439022
1640,1370,2.6936169
1640,145,2.6895978
1640,2710,2.6357741
1640,2628,2.6357372
1640,434,2.5638192
1640,736,2.5488114
1640,1792,2.4690418
1640,70,2.3822262
1640,442,2.3071704
1640,1544,2.1237442
1640,3257,1.9223143
1640,3276,1.8241204
1640,379,1.6866393
1640,208,1.5324935
802,1198,4.7231607
802,904,4.6943483
802,1213,4.5510383
802,1196,4.502315
802,2571,4.479436
802,2788,4.427306
802,2542,4.3414717
802,2917,4.268071
802,1077,4.250839
802,3039,4.239933
802,1961,4.2293415
802,1240,4.2240043
802,3342,4.209641
802,3543,4.203187
802,1285,4.1893463
802,319,4.137231
802,627,4.1168895
802,356,4.1067424
802,2355,4.096362
802,3267,4.0764065
802,2353,4.0754833
802,1639,4.0686216
802,322,4.057592
802,2763,4.044168
802,1994,4.0111732
802,1343,3.9821124
802,454,3.968359
802,1396,3.935318
802,1480,3.9154735
802,2159,3.9146278
802,2617,3.8959243
802,2311,3.868767
802,1552,3.8658574
802,18,3.857299
802,785,3.8570566
802,653,3.8486326
802,2736,3.8065894
802,1866,3.8004994
802,3138,3.7903285
802,3477,3.7802615
802,2143,3.7335165
802,3525,3.7024827
802,2003,3.697877
802,1895,3.6735911
802,830,3.669146
802,1586,3.6650593
802,3301,3.6296387
802,1391,3.5478013
802,2794,3.4606695
802,1591,3.439862
3462,858,4.4677615
3462,2329,4.2679195
3462,296,4.2569146
3462,2762,4.252686
3462,2571,4.1714597
3462,3683,4.1494203
3462,2997,4.138499
3462,916,4.1297407
3462,246,4.114041
3462,3911,4.04918
3462,1246,4.019105
3462,3671,4.010188
3462,1041,3.9937706
3462,1956,3.9904559
3462,2137,3.9041605
3462,1259,3.876287
3462,2908,3.8464432
3462,3578,3.8430667
3462,589,3.824625
3462,457,3.8185873
3462,1210,3.8130322
3462,2750,3.7378864
3462,235,3.69248
3462,52,3.6701915
3462,2144,3.6547441
3462,553,3.651568
3462,588,3.600626
3462,1967,3.514141
3462,1356,3.491619
3462,647,3.4852839
3462,180,3.4643588
3462,1290,3.4606905
3462,1810,3.4546127
3462,2005,3.4362297
3462,733,3.3870683
3462,2346,3.3572178
3462,3809,3.3356147
3462,3527,3.3149261
3462,2528,3.3052502
3462,468,3.2853916
3462,3617,3.275083
3462,788,3.2146587
3462,1552,3.2127197
3462,3623,3.1723173
3462,1676,3.0894039
3462,2325,3.0401669
3462,3753,3.0004964
3462,2567,2.975562
3462,3798,2.9207933
3462,3844,2.8974993
3462,329,2.8938336
3462,3861,2.8834286
3462,2628,2.8526864
3462,61,2.7903678
3462,2369,2.7464614
3462,2252,2.66403
3462,3146,2.6448812
3462,3869,2.6184258
3462,3708,2.6102722
3462,3752,2.5755482
3462,2354,2.4382653
3462,2724,2.4257455
3462,3901,2.1683207
753,480,4.252158
753,3510,4.2378864
753,1722,3.9903855
753,2987,3.9606457
753,595,3.8987758
753,2916,3.8971534
753,60,3.8753216
753,2294,3.8603835
753,3863,3.8484454
753,3809,3.8144453
753,317,3.801968
753,1544,3.7812572
753,828,3.7435288
753,2174,3.7114253
753,1588,3.6426797
753,520,3.6359444
753,2169,3.6343956
753,3489,3.6307995
753,661,3.6000047
753,2107,3.5986726
753,1772,3.5922537
753,20,3.5153112
753,1021,3.5020666
753,466,3.4472172
753,2163,3.4402523
753,688,3.4026775
753,2152,3.3759742
923,1617,4.2657022
923,3481,4.0600166
923,1270,4.024664
923,357,3.875743
923,3948,3.7565174
923,1517,3.745635
6002,858,4.7497234
6002,541,4.553204
6002,1221,4.53581
6002,1262,4.488881
6002,1196,4.454371
6002,910,4.421402
6002,898,4.383865
6002,1084,4.3827205
6002,3683,4.3699093
6002,1259,4.362919
6002,1235,4.314249
6002,1222,4.3134956
6002,3147,4.293627
6002,1206,4.289071
6002,3421,4.2628136
6002,2248,4.257969
6002,3062,4.2578206
6002,2728,4.2261124
6002,3498,4.1674786
6002,3578,4.1672316
6002,1333,4.166993
6002,2352,4.152669
6002,2946,4.07552
6002,1913,4.0684505
6002,2239,4.057216
6002,2890,4.0505476
6002,3330,4.0461445
6002,235,3.9916153
6002,3093,3.9262536
6002,968,3.901465
6002,991,3.7466474
6002,2427,3.652156
6002,3506,3.6084003
6002,1375,3.605856
6002,3813,3.5783412
6002,3729,3.4705
6002,338,2.9763985
3294,1291,4.716625
3294,3421,4.707834
3294,3386,4.4891706
3294,1092,4.2343807
3294,2000,4.170267
3294,1210,4.09438
3294,663,4.001244
3294,3477,3.2927103
3294,2387,2.7290232
131,1617,3.869906
131,1242,3.7557974
131,1288,3.674857
131,2677,3.6285279
131,1960,3.628182
131,2997,3.591995
131,1185,3.5373523
131,247,3.5166416
131,235,3.469145
131,1961,3.454778
131,1180,3.4433165
131,1188,3.4392686
131,2333,3.4386177
131,1285,3.4235344
131,1625,3.4157727
131,194,3.397654
131,272,3.3859253
131,1357,3.3657432
131,589,3.3496246
131,1885,3.2519698
131,1270,3.231531
131,1594,3.1979182
131,617,3.11165
131,11,3.107859
131,117,3.0789566
131,3211,2.9480262
131,406,2.5140057
131,1676,2.1767654
131,2875,1.9194008
3913,2918,4.0302367
3913,180,3.9292378
3913,3552,3.9107296
3913,1407,3.85303
3913,2716,3.8476033
3913,380,3.8343987
3913,440,3.717562
3913,474,3.6772077
3913,3253,3.5643768
3913,368,3.5372996
3913,588,3.5318294
3913,3450,3.5213037
3913,736,3.4461482
3913,2278,3.43892
3913,224,3.323006
3913,1581,3.2306135
3913,3273,3.1745057
3913,2622,3.1643004
3913,788,3.083517
5607,3114,4.134079
5607,2064,4.099698
5607,1270,3.9620051
5607,3421,3.93396
5607,2599,3.9308338
5607,2791,3.9080806
5607,1923,3.897857
5607,946,3.8851817
5607,1220,3.868475
5607,671,3.697781
5607,2144,3.6862807
5607,205,3.6116393
5607,1042,3.6008806
5607,3210,3.5979414
5607,1569,3.3371506
5607,2622,3.3232794
5607,339,3.2104373
5607,2709,3.1030073
5607,2881,2.9486134
5607,585,2.7916915
5607,3113,2.7711196
5607,3326,2.7029688
5607,2606,2.4929404
2945,1617,4.220424
2945,608,4.2062097
2945,162,3.9664164
2945,1500,3.7159607
2945,348,3.587781
2945,1824,3.4338768
2945,2674,2.1644216
5323,858,4.8671255
5323,1148,4.7872114
5323,3629,4.5184336
5323,2010,4.4217052
5323,1304,4.369764
5323,1294,4.355013
5323,1199,4.3252206
5323,968,3.770972
5323,43,3.437492
5323,2976,2.8365521
5323,2763,2.7852094
5323,3701,2.716154
5323,2702,2.5978618
5323,2699,2.5187747
5323,707,2.2324326
5323,2772,2.154353
5323,2724,1.9947274
5323,2147,1.7494932
3264,3148,3.5469313
3264,3809,2.9076903
3264,3844,2.7065747
3264,3869,2.2989843
3264,2496,2.2095275
150,318,4.7264113
150,1225,4.398886
150,608,4.3716607
150,1,4.3086405
150,1952,4.253626
150,1387,4.243862
150,1307,4.1942644
150,1097,4.1884274
150,2797,4.1413975
150,1270,4.10966
150,364,4.0819273
150,595,4.0688534
150,223,4.061509
150,345,4.053467
150,3105,4.0273247
150,3733,4.026003
150,1879,4.0056725
150,3408,3.9480946
150,2321,3.8255198
150,2282,3.7531428
150,266,3.6484199
150,24,3.3797352
150,3004,2.7327201
150,3325,2.6620555
3158,527,4.7650976
3158,720,4.618675
3158,2571,4.6160583
3158,306,4.535315
3158,1196,4.457074
3158,2692,4.4310255
3158,1303,4.365015
3158,541,4.35434
3158,293,4.3420143
3158,1175,4.325819
3158,150,4.2418995
3158,2761,4.2241797
3158,2359,4.1991854
3158,3783,4.178403
3158,2395,4.1396337
3158,1873,4.121999
3158,223,4.1094933
3158,1967,4.0677633
3158,1784,4.044137
3158,1639,4.037857
3158,2115,4.0213127
3158,2348,3.8781815
3158,141,3.8654246
3158,1129,3.8576396
3158,1241,3.7865937
3158,2640,3.7862477
3158,587,3.7684228
3158,1711,3.644645
3158,2033,3.5847983
3158,1391,3.4723015
3158,1544,3.0817032
3158,3156,2.5133142
4958,1252,4.0225916
4958,1225,3.9036775
4958,1260,3.854668
4958,1077,3.7604434
4958,1274,3.7247522
4958,1348,3.6821256
4958,932,3.6772652
4958,1089,3.6561315
4958,2997,3.6467736
4958,1301,3.6462893
4958,321,3.5984085
4958,3499,3.5827663
4958,1396,3.5799942
4958,3296,3.5634637
4958,1333,3.5453634
4958,2125,3.4954967
4958,551,3.3845696
4958,2478,3.3700407
4958,2048,3.3551035
4958,1965,3.3530884
4958,2161,3.3273263
4958,3253,3.3012586
4958,3033,3.2583165
4958,2014,3.224911
4958,2033,3.2190616
4958,2105,3.1717267
4958,297,3.1681778
4958,3704,3.1485453
4958,2012,3.0859818
4958,2453,2.901887
4958,1831,2.5964887
4958,1924,2.1959717
1099,1252,4.799671
1099,1178,4.7368746
1099,750,4.7293324
1099,1248,4.643025
1099,3095,4.5106173
1099,778,4.487817
1099,3196,4.4335356
1099,3897,4.4188643
1099,32,4.3601694
1099,36,4.357191
1099,110,4.191064
1099,25,3.932717
1099,2580,3.8123088
1099,494,2.6084006
1099,653,1.7513202
1099,502,1.0016769
1099,2412,0.9131627
3945,1952,4.2240896
3945,2739,4.08115
3945,1960,4.0455613
3945,2971,4.0390472
3945,1086,4.028736
3945,1271,4.0269227
3945,3362,4.019206
3945,1333,4.010053
3945,940,3.9904523
3945,1161,3.9414122
3945,1085,3.898084
3945,1923,3.8914666
3945,1096,3.888328
3945,281,3.7892683
3945,551,3.781
3945,2985,3.6986325
3945,592,3.6798055
3945,2987,3.672183
3945,3706,3.6410508
3945,2013,3.5746093
3945,1101,3.5491915
3945,2003,3.509186
3945,3199,3.5052946
3945,3702,3.4834242
3945,1129,3.4632483
3945,3770,3.4573333
3945,2746,3.416079
3945,1909,3.3076172
3945,1645,3.2613077
3945,2124,3.251611
3945,3791,3.1640432
3945,1049,3.135343
3945,3708,3.0550575
3945,292,3.0524578
3945,24,3.0141933
3945,153,2.9297109
3945,1911,2.922895
3945,1690,2.798294
3945,782,2.688623
3945,1726,2.6801465
3945,1327,2.6543512
3945,1388,2.5195408
3945,2121,2.503256
3945,518,2.4561596
3945,193,2.4098454
3945,1644,2.3868408
3945,2642,2.2674768
3945,762,2.029434
2571,1198,4.5428348
2571,1250,4.5306187
2571,1136,4.489189
2571,1294,4.301984
2571,3751,4.0683203
639,1136,4.0388746
639,1246,4.0015044
639,953,3.9780033
639,2728,3.8817627
639,590,3.8646593
639,1022,3.800491
639,2687,3.781847
639,1219,3.7656903
639,2077,3.7240982
639,648,3.701342
639,2133,3.6833086
639,1569,3.6635914
639,3430,3.601192
639,1247,3.5955093
639,1409,3.5930305
639,480,3.589152
639,95,3.58772
639,2405,3.5804129
639,2035,3.5521517
639,1591,3.5465214
639,3478,3.5099983
639,2037,3.4860766
639,1562,3.4712052
639,2411,3.4666114
639,1888,3.3905349
639,2524,3.3491492
639,2017,3.3462565
639,2424,3.3355937
639,207,3.3293521
639,2616,3.3090892
639,361,3.2645774
639,3799,3.131391
1447,260,4.47057
1447,1204,4.3689914
1447,1196,4.231282
1447,2858,4.2052546
1447,1272,4.1856403
1447,2804,4.108656
1447,1218,4.103971
1447,1036,4.1039267
1447,1269,4.087834
1447,1953,4.050912
1447,2761,3.9947069
1447,1258,3.9773254
1447,800,3.9730058
1447,1307,3.950579
1447,1259,3.9332974
1447,1228,3.9321775
1447,1961,3.9203496
1447,3363,3.9119864
1447,3578,3.906446
1447,2686,3.888814
1447,597,3.8199072
1447,2871,3.8029895
1447,2580,3.7859983
1447,2160,3.7817526
1447,3160,3.7790806
1447,1348,3.7746248
1447,1466,3.7662237
1447,551,3.7470913
1447,3256,3.722433
1447,3181,3.7099395
1447,1693,3.6898394
1447,3271,3.663707
1447,471,3.65489
1447,2671,3.6544864
1447,112,3.632292
1447,1183,3.62012
1447,3823,3.6131601
1447,2321,3.6073685
1447,2115,3.5897532
1447,3738,3.5877252
1447,2278,3.5775857
1447,1711,3.57071
1447,3255,3.566175
1447,2403,3.5587354
1447,1101,3.556045
1447,1380,3.5418248
1447,3639,3.5265257
1447,661,3.5209217
1447,1464,3.510091
1447,1205,3.5056179
1447,605,3.473932
1447,3034,3.441897
1447,861,3.4320517
1447,277,3.4190495
1447,94,3.408879
1447,3527,3.4037843
1447,3809,3.3335233
1447,3844,3.3286252
1447,2476,3.3232703
1447,3263,3.3163767
1447,236,3.3110318
1447,2747,3.2893765
1447,2539,3.262545
1447,3755,3.2564106
1447,450,3.247242
1447,231,3.2383647
1447,552,3.1782131
1447,317,3.1607413
1447,2106,3.1574006
1447,2712,3.156011
1447,3398,3.1539226
1447,2405,3.147367
1447,2252,3.1214817
1447,252,3.0687785
1447,288,3.0388284
1447,491,3.0344148
1447,3745,2.9973044
1447,504,2.97556
1447,303,2.8980913
1447,24,2.8832636
1447,9,2.8235357
1447,2694,2.6965685
1447,879,2.667323
1447,459,2.6610842
1447,2796,2.6187687
1447,3764,2.5101895
1447,3269,2.5050542
1447,2717,2.3738456
1447,2448,2.3679206
1447,2325,2.3577733
1447,2606,2.3363628
1447,410,2.320916
1447,3697,2.3151355
1447,1690,2.2345264
1447,2953,2.179688
1447,1581,1.9597274
1447,737,1.9091119
1447,355,1.8485296
1447,3432,1.6933036
1447,15,1.652399
1447,2808,1.6326829
1447,1979,1.6142635
1447,1862,1.5994331
1447,2153,1.5287821
1447,2265,1.4208918
1447,2036,1.3868935
1447,2974,1.247808
1447,2381,1.2371564
1447,2383,1.1979313
3410,745,4.136786
3410,908,4.1144605
3410,1225,4.0478954
3410,1952,3.8507528
3410,3741,3.788961
3410,2206,3.7869859
3410,608,3.7805028
3410,3317,3.7492948
3410,902,3.744516
3410,930,3.727677
3410,2791,3.7098951
3410,3471,3.6983407
3410,2947,3.6389518
3410,1259,3.636745
3410,319,3.6305268
3410,2020,3.6021605
3410,3507,3.5941238
3410,589,3.5825846
3410,235,3.5413537
3410,2391,3.5155032
3410,1028,3.471693
3410,1374,3.4642684
3410,1285,3.4639392
3410,596,3.451021
3410,1610,3.4416494
3410,1356,3.4268918
3410,206,3.4248893
3410,2467,3.396547
3410,2181,3.3935878
3410,2943,3.3740454
3410,412,3.3215923
3410,1321,3.2646132
3410,1810,3.2538648
3410,253,3.220785
3410,3476,3.2091362
3410,1982,3.1629705
3410,1393,3.1427493
3410,1101,3.112042
3410,2528,3.0927243
3410,2613,3.0746398
3410,52,3.0013084
3410,780,2.945542
3410,2671,2.916039
3410,2738,2.903393
3410,2803,2.856747
3410,2469,2.8208694
3410,1371,2.692173
3410,1047,2.6544917
3410,2789,2.5442767
3410,736,2.4873924
3410,3141,2.469683
3410,2091,2.461026
3410,2378,2.4394102
3410,3218,2.2927852
3410,3024,2.2549744
3410,2717,2.245432
3410,1327,2.244702
3410,1388,2.188684
3410,3689,1.603866
3410,1381,1.3663638
5330,2488,3.3678215
5330,334,3.1275854
5330,1094,3.1260216
4113,434,3.451756
4113,2709,3.4242926
2195,3114,3.770122
2195,590,3.7596722
2195,529,3.6919627
2195,594,3.6851609
2195,2872,3.5999417
2195,1097,3.5923462
2195,2137,3.5883992
2195,1722,3.5508227
2195,1022,3.5488522
2195,1485,3.484255
2195,2989,3.4602885
2195,1479,3.4423528
2195,1372,3.4347367
2195,3623,3.4265573
2195,1689,3.4099498
2195,1476,3.3304949
2195,3354,3.324151
2195,552,3.2920809
2195,528,3.253253
2195,393,2.8346963
2195,1599,2.6664467
5717,1104,4.2410507
5717,1224,4.202112
5717,296,4.1878953
5717,1211,4.1118875
5717,1199,4.075186
5717,3421,4.0679274
5717,1200,4.0611987
5717,1258,4.0538917
5717,1291,4.0506597
5717,2921,3.9861016
5717,2728,3.9770885
5717,1257,3.9730525
5717,1682,3.9453168
5717,3224,3.9025636
5717,2949,3.893205
5717,3361,3.8635652
5717,2795,3.8569903
5717,1784,3.8327258
5717,2580,3.826265
5717,2137,3.8257856
5717,2916,3.7818804
5717,1222,3.7299812
5717,1663,3.7159567
5717,2539,3.7059689
5717,2085,3.700662
5717,2991,3.6910276
5717,2640,3.626293
5717,2112,3.6042242
5717,22,3.6025558
5717,391,3.515132
5717,2427,3.4893236
5717,2540,3.4034357
5717,1429,3.3648415
5717,2003,3.3508914
5717,2504,3.1388502
5717,145,3.0870075
5717,70,3.0465536
2805,858,4.432022
2805,1284,4.1911087
2805,2028,4.1415343
2805,3634,4.1243997
2805,2871,3.8758352
2805,300,3.6808994
2805,3682,3.588458
2805,3101,3.1077776
5744,1267,4.5882807
5744,593,4.509533
5744,1269,4.47091
5744,3462,4.4611645
5744,1197,4.454223
5744,919,4.4220695
5744,1288,4.35113
5744,17,4.2567472
5744,2248,4.251388
5744,1281,4.223751
5744,1340,4.2103496
5744,2791,4.1100273
5744,1265,4.071482
5744,1680,4.0617065
5744,3397,4.047587
5744,3361,4.0435743
5744,3736,4.042222
5744,2423,4.0227757
5744,480,4.0152636
5744,2716,4.012662
5744,3310,3.9875753
5744,2125,3.921419
5744,2406,3.9133463
5744,892,3.9128084
5744,1542,3.871978
5744,2529,3.8410685
5744,917,3.8311872
5744,1777,3.8074832
5744,3608,3.7893925
5744,2528,3.7658749
5744,2596,3.7523425
5744,3250,3.714235
5744,1951,3.7061095
5744,2718,3.705434
5744,3404,3.6975553
5744,2926,3.6676855
5744,112,3.641225
5744,1014,3.6345768
5744,7,3.6136847
5744,2049,3.5005908
5744,1135,3.4955063
5744,788,3.4764485
5744,2942,3.437687
5744,2533,3.399166
5744,2469,3.31196
5744,1391,3.246744
5744,1030,3.2452927
5744,1377,3.1716652
5744,2017,3.050394
5744,2051,2.7627578
5744,3438,2.6864235
5744,3689,2.1320474
1836,745,5.004573
1836,50,4.859803
1836,2330,4.7134676
1836,608,4.7119303
1836,3683,4.7011375
1836,1394,4.6311517
1836,2396,4.6063995
1836,593,4.578208
1836,3077,4.5722413
1836,3424,4.4947495
1836,1,4.491248
1836,3536,4.414812
1836,3363,4.385466
1836,3499,4.3558407
1836,1968,4.31836
1836,2725,4.307982
1836,3505,4.305633
1836,588,4.283599
1836,471,4.251467
1836,2502,4.2381
1836,1343,4.2280927
1836,1845,4.2233467
1836,1635,4.2037754
1836,3526,4.156203
1836,3685,4.1461134
1836,3147,4.137236
1836,45,4.1231036
1836,2406,4.1165247
1836,2361,4.104065
1836,2403,4.0103683
1836,501,3.9733155
1836,1393,3.9689474
1836,352,3.9454238
1836,2110,3.9443352
1836,480,3.6712105
1836,2124,3.561191
1836,1268,3.5422597
1836,3497,3.1586707
329,1207,3.9799726
329,2858,3.9121885
329,296,3.900143
329,1247,3.7495847
329,1252,3.6442368
329,1253,3.6146166
329,3421,3.5871284
329,3360,3.556117
329,1077,3.4700346
329,3751,3.4469543
329,1394,3.4389458
329,1610,3.4216728
329,3424,3.4178581
329,3098,3.3429918
329,551,3.339612
329,3160,3.3255415
329,2303,3.3169687
329,2138,3.2900214
329,3396,3.221094
329,3552,3.2080874
329,728,3.1890376
329,2721,3.1830711
329,2301,3.165989
329,2797,3.1621466
329,2690,3.1611087
329,3952,3.1546826
329,1923,3.1447551
329,3868,3.134535
329,1183,3.0936189
329,1885,3.0839727
329,2371,3.0740802
329,3250,3.0058863
329,3240,3.0039835
329,3927,2.988654
329,266,2.9831023
329,316,2.9706647
329,1298,2.9582782
329,3863,2.9528747
329,3176,2.9471827
329,339,2.8957872
329,2003,2.874019
329,2736,2.853304
329,2883,2.8504875
329,2470,2.8446665
329,2665,2.813283
329,45,2.752213
329,1375,2.703087
329,2672,2.6875255
329,1967,2.6745539
329,3247,2.6719666
329,586,2.6557586
329,3701,2.6337678
329,2135,2.6017356
329,2723,2.5434809
329,2770,2.4609725
329,1835,2.444973
329,3698,2.42908
329,1690,2.4263566
329,3861,2.3892913
329,537,2.3604908
329,2694,2.323437
329,1371,2.3205335
329,208,2.2954788
329,3249,2.2381601
329,4,2.2365317
329,429,2.2348986
329,1405,2.2114706
329,3004,2.1913226
329,558,2.0992153
329,2408,2.066002
329,3895,1.8719399
329,2851,1.7957661
329,1831,1.6595635
329,1562,1.6094466
329,2448,1.6038997
329,2338,1.5895333
329,519,1.4923912
329,3392,1.4374833
329,546,1.3890808
329,102,1.3104076
329,1996,1.2333974
329,374,1.2318937
329,2799,1.2093668
1217,969,4.755499
1217,1288,4.6059113
1217,110,4.563021
1217,1380,3.5066638
1217,648,3.1856482
5943,1949,4.350027
5943,1259,4.1850657
5943,915,4.044692
5943,3552,4.0309553
5943,1937,3.974129
5943,3260,3.919205
5943,2915,3.8940244
5943,2130,3.8915172
5943,3102,3.8674588
33,50,4.1574645
33,1945,3.9545557
33,1250,3.928589
33,926,3.858645
33,1294,3.7577283
33,17,3.734243
33,480,3.7308474
33,3362,3.718013
33,3334,3.7166407
33,1283,3.7115846
33,1246,3.7057512
33,1240,3.6921806
33,1214,3.6894114
33,3152,3.6876674
33,1304,3.6726308
33,1321,3.664257
33,1296,3.6519632
33,1084,3.6298122
33,2071,3.6038973
33,1387,3.573536
33,538,3.569303
33,3072,3.5670629
33,2871,3.5619261
33,1834,3.5405476
33,1961,3.5354688
33,2660,3.4905849
33,2010,3.4691997
33,1340,3.4586186
33,3105,3.454445
33,1103,3.4460492
33,230,3.4453716
33,866,3.4322057
33,474,3.4267344
33,3111,3.3983934
33,1094,3.3972504
33,3019,3.389318
33,1085,3.3704083
33,337,3.360239
33,2529,3.332645
33,3682,3.3247166
33,3204,3.2271109
33,2646,3.1747057
33,3186,3.16671
33,2459,3.0394745
33,3693,2.4927154
3601,2762,4.554288
3601,678,4.5061445
3601,1299,4.4895887
3601,1704,4.4575243
3601,110,4.3629746
3601,1090,4.338955
3601,2918,4.326997
3601,1961,4.3142786
3601,1095,4.173671
3601,1959,4.048727
3601,2140,4.0302577
3601,1179,3.952118
3601,802,3.9509273
3601,2174,3.9118528
3601,454,3.9041655
3601,3214,3.8078575
3601,317,3.8069391
3601,3791,3.7233653
3601,2424,3.6743376
3601,2468,3.5945263
3601,1888,3.5558715
4814,260,4.4741163
4814,1,4.1380987
4814,3006,4.1329703
4814,296,4.1126714
4814,2745,3.9231477
4814,2406,3.8245025
4814,3624,3.7623901
4814,2916,3.750466
4814,3210,3.7464566
4814,1396,3.7420974
4814,3087,3.7239566
4814,780,3.6808035
4814,2470,3.6568086
4814,3033,3.6209588
4814,1909,3.6004634
4814,329,3.4679608
4814,2478,3.4444518
4814,2413,3.4046788
4814,2416,3.1439424
4814,196,2.67685
5600,318,4.6733975
5600,1193,4.591188
5600,1210,4.464237
5600,356,4.3764915
5600,539,4.284875
5600,920,4.2661448
5600,2797,4.240921
5600,11,4.205743
5600,34,4.160349
5600,3723,4.12902
5600,3702,4.010723
5600,531,4.005926
5600,1711,3.9761899
5600,441,3.9679918
5600,2858,3.9432626
5600,450,3.8724585
5600,2108,3.8627877
5600,2795,3.8523786
5600,3261,3.8159938
5600,2369,3.7660465
5600,52,3.7370508
5600,1073,3.7355404
5600,2245,3.7114632
5600,603,3.7012758
5600,2252,3.6951594
5600,1020,3.6879983
5600,2567,3.678876
5600,410,3.6319633
5600,934,3.627921
5600,2331,3.5657692
5600,1746,3.543213
5600,3500,3.4640965
5600,1885,3.3509293
5035,2762,4.3558383
5035,3114,4.205508
5035,1307,4.1421537
5035,589,4.1116853
5035,1210,4.108364
5035,1294,4.0878606
5035,1036,4.0567045
5035,2797,3.9562817
5035,3039,3.9221807
5035,474,3.9127197
5035,1912,3.8328748
5035,7,3.8247013
5035,2150,3.7950578
5035,1372,3.7849493
5035,351,3.693898
5035,2457,3.6786485
5035,2407,3.658232
5035,2133,3.6556585
5035,367,3.6175997
5035,592,3.6143677
5035,3623,3.5743117
5035,3614,3.5214381
5035,3301,3.5187654
5035,378,3.4999237
5035,2468,3.4132233
5035,3688,3.324388
5035,2642,3.3191729
302,541,4.0464897
302,1089,4.00893
302,110,3.9998426
302,457,3.9910984
302,1387,3.9510133
302,915,3.914579
302,1259,3.8850977
302,1265,3.8691862
302,3317,3.8684719
302,529,3.8670492
302,2289,3.849131
302,1028,3.8324509
302,3363,3.823813
302,3552,3.773022
302,3396,3.768601
302,1912,3.6878
302,2542,3.6773252
302,1678,3.6347737
302,3210,3.6167955
302,3675,3.5889945
302,25,3.5543163
302,1732,3.534116
302,3852,3.5128956
302,3358,3.482298
302,235,3.459842
302,380,3.4551694
302,1094,3.4154208
302,2291,3.4121158
302,2371,3.409313
302,2529,3.407742
302,151,3.3774714
302,339,3.3564758
302,2278,3.314899
302,514,3.2698655
302,3020,3.2391663
302,3174,3.2113066
302,316,3.2018905
302,329,3.168977
302,1485,3.159153
302,2353,3.1565378
302,112,3.0966544
302,663,3.0743356
302,2770,3.01482
302,198,3.0128598
302,1241,2.9923005
302,3614,2.975257
302,1689,2.9333122
302,3744,2.9079914
302,3033,2.871318
302,2710,2.8686767
302,2245,2.850224
302,2334,2.801471
302,1049,2.7548146
302,1405,2.6844327
302,3053,2.613172
302,1513,2.592554
302,3409,2.5511024
302,1459,2.5468442
302,450,2.507029
302,1390,2.465189
302,1690,2.4632523
302,338,2.4390225
302,2717,2.434834
302,2082,2.4074466
302,2387,2.3928092
302,1642,2.250431
302,185,2.2495282
302,2120,2.234595
302,798,2.1622005
302,3693,2.1545708
302,3316,2.1368551
302,1488,2.0733318
302,9,2.0725665
302,2034,2.033987
302,3324,1.9569981
302,1746,1.8834684
302,2986,1.8830247
302,275,1.8197902
302,153,1.7466328
302,1831,1.6729628
302,1439,1.3806354
302,3669,1.3570414
302,250,1.3023094
302,546,1.3019539
302,1707,1.2419044
302,405,1.2087421
302,1381,1.1776705
302,1556,1.1379938
302,2799,1.1192967
849,3897,3.9845119
849,380,3.4980276
849,3753,3.4945598
849,2406,3.4798799
849,3087,3.3991776
849,1380,3.3137572
849,342,3.2768908
849,2572,3.1309173
849,586,2.9729483
849,2539,2.9402962
849,1689,2.8796346
849,1888,2.4602828
849,2668,2.1415966
849,2907,1.5688899
3032,858,4.9613876
3032,1225,4.894031
3032,47,4.827904
3032,1291,4.747506
3032,3836,4.7458887
3032,3363,4.641738
3032,3039,4.637761
3032,3362,4.6355047
3032,1955,4.6342683
3032,3671,4.6220713
3032,1333,4.610246
3032,596,4.5949764
3032,1962,4.591198
3032,2797,4.581905
3032,2779,4.5757766
3032,1249,4.548856
3032,1307,4.5404444
3032,941,4.5303655
3032,1101,4.528242
3032,2080,4.5091057
3032,2167,4.5069036
3032,1408,4.4943504
3032,1042,4.48277
3032,1732,4.4816117
3032,2633,4.4571066
3032,2144,4.4458666
3032,3471,4.435548
3032,3328,4.434545
3032,1081,4.429204
3032,3501,4.427988
3032,1485,4.4155855
3032,1376,4.4084115
3032,616,4.4080486
3032,3274,4.407716
3032,1129,4.4021506
3032,2975,4.3791494
3032,1049,4.361886
3032,3478,4.3495493
3032,2929,4.340004
3032,2899,4.3341327
3032,1375,4.333562
3032,2291,4.323804
3032,552,4.314106
3032,2273,4.311548
3032,2478,4.3089843
3032,333,4.30624
3032,391,4.3053865
3032,2476,4.302484
3032,3169,4.2965302
3032,3029,4.294079
3032,1191,4.291894
3032,2263,4.2880435
3032,1010,4.2879043
3032,830,4.2822466
3032,997,4.2770753
3032,1676,4.270793
3032,2240,4.2602296
3032,3247,4.2585764
3032,786,4.237583
3032,2879,4.2007904
3032,1379,4.2001805
3032,196,4.1956367
3032,423,4.1926327
3032,2384,4.192573
3032,1919,4.190231
3032,2469,4.1877413
3032,1463,4.1871023
3032,63,4.1865177
3032,1640,4.181879
3032,100,4.1805315
3032,2468,4.178977
3032,3674,4.175874
3032,2756,4.174762
3032,1565,4.170341
3032,2530,4.166085
3032,2399,4.160514
3032,339,4.157333
3032,413,4.1421337
3032,2942,4.139066
3032,3387,4.134075
3032,1668,4.1177225
3032,839,4.1061587
3032,1551,4.0943985
3032,2042,4.0766487
3032,3273,4.0765886
3032,1833,4.073357
3032,153,4.060319
3032,2472,4.05124
3032,2802,4.0502377
3032,2956,4.0382814
3032,2746,4.023444
3032,3438,4.013925
3032,2522,4.005475
3032,250,4.00213
3032,1470,3.9998407
3032,1971,3.9903302
3032,2428,3.9743762
3032,2531,3.9726653
3032,1665,3.9581804
3032,1863,3.9308255
3032,540,3.9026024
3032,2004,3.880951
3032,466,3.8802032
3032,2154,3.8771856
3032,1590,3.8771498
3032,2354,3.876194
3032,2412,3.8395762
3032,2514,3.8247821
3032,1381,3.8044872
3032,1389,3.6291394
3032,2515,3.5522618
3032,1760,3.392538
3032,2974,3.3715506
192,1358,4.165724
192,1084,4.164753
192,1296,4.1018276
192,1201,4.0957365
192,293,4.088644
192,1307,4.0459986
192,3481,4.033868
192,994,4.010519
192,1291,4.010167
192,1090,3.9623747
192,32,3.9582915
192,1411,3.9226952
192,594,3.7887077
192,555,3.7800765
192,1639,3.778151
192,34,3.7113695
192,508,3.7080069
192,1730,3.637547
192,25,3.6274395
192,3360,3.6217582
192,1183,3.5909197
192,300,3.5532794
192,249,3.5110126
192,2712,3.4159694
192,553,3.3753462
192,151,3.3254144
192,2394,3.3237865
192,10,3.31495
192,1680,3.3049154
192,2706,3.2027318
192,2622,3.125156
192,11,3.0953174
192,2490,3.092445
192,344,2.9776933
192,805,2.975471
192,3398,2.9533377
192,3633,2.8844032
192,3869,2.8363948
192,1372,2.7823927
192,2424,2.633117
192,1647,2.5989697
192,2617,2.5961256
192,1783,2.5694757
192,303,2.4360213
192,1475,2.4308057
192,2605,2.3289797
192,1801,2.299914
192,168,2.036705
192,1373,1.838027
192,172,1.7709231
192,9,1.6375029
192,2808,1.6163881
192,809,1.545995
192,2412,1.2425114
3546,1198,4.1073246
3546,3435,4.0327325
3546,923,3.9758143
3546,1945,3.9364903
3546,1617,3.8283439
3546,2203,3.7934191
3546,1230,3.7666297
3546,926,3.75972
3546,1210,3.7154546
3546,1287,3.7101774
3546,913,3.704369
3546,590,3.6308708
3546,162,3.6063886
3546,1259,3.5554924
3546,176,3.4931955
3546,2302,3.4770348
3546,345,3.4147263
3546,380,3.382502
3546,1699,3.3698487
3546,2366,3.3475502
3546,3310,3.3347824
3546,446,3.3333998
3546,3729,3.2974005
3546,1184,3.2886343
3546,2001,3.2780223
3546,117,3.260911
3546,3726,3.2422042
3546,1875,3.2135935
3546,1916,3.1946006
3546,2321,3.1537533
3546,1968,3.1307287
3546,1594,3.020256
3546,2897,2.9922745
3546,2247,2.9383523
3546,1589,2.9274206
3546,1614,2.741606
3546,2094,2.679452
3546,485,2.0151596
547,912,4.606384
547,1172,4.441334
547,608,4.423398
547,2734,3.3770368
170,2324,4.5490794
170,1206,4.422579
170,457,4.322873
170,2662,4.086734
170,2710,3.1879597
170,2827,1.4998381
5889,3196,4.1729445
5889,3469,4.1464543
5889,919,4.135856
5889,1294,4.080162
5889,3090,4.0109167
5889,3095,3.9936495
5889,1211,3.989617
5889,2973,3.9502225
5889,1230,3.9308145
5889,1387,3.9082932
5889,3421,3.8783588
5889,2797,3.7951508
5889,2070,3.72711
5889,2915,3.4952583
570,3897,4.038636
570,1704,3.9802494
570,3481,3.811432
570,595,3.7863407
570,2268,3.7566319
570,1274,3.72388
570,588,3.6478148
570,2125,3.5947177
570,531,3.5705037
570,2085,3.5276012
570,350,3.5088336
570,1093,3.4443805
570,1835,3.400455
570,2033,3.3157465
570,271,3.2536469
570,2771,3.251288
570,252,3.1923814
570,537,3.1869705
570,3269,3.1654553
570,1801,3.165357
570,498,3.1033878
570,558,2.8966243
570,273,2.859757
570,3,2.8159604
570,3799,2.002875
3589,858,3.469306
3589,1036,3.2220178
3589,608,3.2047594
3589,969,3.1842067
3589,1784,3.152245
3589,1291,3.1271527
3589,1028,3.1213703
3589,2000,3.1039448
3589,110,3.0786216
3589,1961,3.0634725
3589,2628,3.0445104
3589,3508,3.010252
3589,2115,2.890409
3589,2791,2.8596978
3589,1711,2.8502765
3589,2921,2.846975
3589,1275,2.846717
3589,3479,2.8462267
3589,3037,2.827549
3589,3035,2.8185868
3589,368,2.8010328
3589,2916,2.742028
3589,1732,2.7175202
3589,3412,2.7074604
3589,2860,2.6970286
3589,3507,2.6956944
3589,1917,2.6863387
3589,1124,2.684889
3589,610,2.6748712
3589,837,2.6727386
3589,1213,2.6674929
3589,2273,2.640246
3589,1084,2.6366706
3589,3372,2.6180558
3589,2528,2.6063824
3589,968,2.5574255
3589,3020,2.5516558
3589,2174,2.5450869
3589,2405,2.535715
3589,2694,2.5330696
3589,2866,2.528727
3589,3153,2.5233064
3589,3367,2.5224779
3589,3361,2.4991055
3589,2490,2.465912
3589,2102,2.4381208
3589,163,2.430189
3589,2956,2.4284065
3589,724,2.4220726
3589,3200,2.412412
3589,3698,2.3933358
3589,1388,2.3781006
3589,410,2.3712907
3589,420,2.3582222
3589,2135,2.355104
3589,1230,2.31606
3589,1367,2.2922297
3589,303,2.2791097
3589,2808,2.1979015
3589,2875,2.192485
3589,2051,2.1877918
3589,1405,2.1598637
3589,2034,2.0943973
3589,153,2.0903506
3589,2428,2.0754485
3589,2786,1.9477388
3589,2416,1.8949997
3589,355,1.8590863
3589,1091,1.8173872
3589,2523,1.7521791
3589,3710,1.7460115
3589,3690,1.5206052
3589,1445,1.497782
3589,688,1.4010248
3303,1278,4.8038216
3303,3114,4.757312
3303,3871,4.466325
2340,3730,5.109988
2340,1284,5.1051817
2340,1221,5.0039263
2340,1131,5.000281
2340,1304,4.9502687
2340,949,4.9397764
2340,1291,4.9177027
2340,1288,4.8997188
2340,913,4.897227
2340,3342,4.778881
2340,902,4.7747574
2340,3168,4.7501173
2340,1281,4.7407036
2340,3362,4.7035103
2340,2943,4.6107473
2340,3260,4.596603
2340,1784,4.5776715
2340,3685,4.532973
2340,535,4.517707
2340,180,4.4942555
2340,1958,4.491714
2340,1517,4.489834
2340,2779,4.440815
2340,2355,4.391138
2340,2518,4.371083
2340,492,4.352833
2340,26,4.1751094
2340,3033,4.1584153
2340,3186,4.136403
2340,252,4.0967126
2340,2572,3.8508995
2340,2478,3.8463235
2340,3909,3.6025417
2340,1591,3.4474227
2340,3343,2.784794
1953,17,4.1227446
1953,590,4.0973835
1953,1210,4.0717173
1953,480,3.9863887
1953,342,3.8271377
2624,3435,4.786714
2624,858,4.6099224
2624,3468,4.5605836
2624,1278,4.4532795
2624,1291,4.442094
2624,2947,4.3855023
2624,1674,4.3842635
2624,1238,4.27545
2624,1265,4.24142
2624,1097,4.1997466
2624,594,4.183222
2624,534,4.1711826
2624,1296,4.1696553
2624,2078,4.169302
2624,1270,4.165885
2624,595,4.164641
2624,2000,4.1580267
2624,1680,4.1415462
2624,2018,4.084934
2624,2987,4.012404
2624,2009,4.008125
2624,3175,3.9903674
2624,2141,3.953622
2624,1088,3.9441097
2624,2011,3.9404216
2624,2657,3.8613443
2624,2641,3.7528095
2624,3489,3.6638906
2624,2142,3.603574
5720,1387,3.5167837
5720,1219,3.4328613
5720,1287,3.2362509
5720,1097,3.2196517
5720,1777,3.1526968
5720,380,3.09164
5720,1089,3.0673733
5720,165,3.0567524
5720,1125,3.038454
5720,2115,2.9358768
5720,968,2.9028642
5720,1206,2.8949132
5720,1909,2.8688421
5720,2915,2.847014
5720,339,2.8194115
5720,2541,2.8110735
5720,3526,2.7245755
5720,2143,2.6821542
5720,95,2.6212366
5720,700,2.618957
5720,3489,2.5809288
5720,3107,2.514921
5720,2395,2.486677
5720,2133,2.45887
5720,2147,2.4263952
5720,653,2.398321
5720,3029,2.385188
5720,786,2.3446012
5720,1918,2.2455225
5720,3113,2.2210305
5720,1377,2.215841
5720,1379,2.1768777
5720,208,2.000748
5720,2815,1.9904057
5720,2373,1.9835069
5720,2531,1.9527826
5720,173,1.7851288
5205,1233,4.1010523
5205,2329,4.0596943
5205,356,3.948247
5205,1210,3.8931203
5205,3471,3.8571353
5205,1258,3.7916687
5205,1387,3.7839694
5205,1097,3.72948
5205,3527,3.693884
5205,2312,3.6739426
5205,3624,3.6434288
5205,2310,3.5952935
5205,1321,3.5908377
5205,3203,3.5436847
5205,3408,3.5395617
5205,1219,3.53429
5205,3020,3.5167065
5205,3256,3.5121856
5205,1951,3.4918103
5205,1344,3.4770832
5205,1527,3.462956
5205,165,3.4480026
5205,1088,3.434565
5205,3916,3.4184403
5205,1909,3.406735
5205,2083,3.38901
5205,1645,3.3721533
5205,3744,3.3685315
5205,3623,3.3645284
5205,3018,3.2983966
5205,2640,3.2675943
5205,368,3.0950036
5205,1894,3.0869055
5205,2641,3.0761685
5205,1327,3.0499525
5205,44,3.0142953
5205,423,3.0048509
5205,3016,2.9986687
5205,3174,2.9968488
5205,879,2.8687172
5205,2606,2.857566
5205,3177,2.8329008
5205,3355,2.798776
5205,3646,2.7532265
5205,2389,2.610016
1821,2203,4.2173653
1821,3462,4.106966
1821,920,3.8403478
1821,2211,3.0331454
3688,1198,5.022157
3688,50,5.0165987
3688,858,5.0076723
3688,1207,4.976714
3688,1193,4.792952
3688,1196,4.7793164
3688,1267,4.77738
3688,1225,4.776453
3688,1283,4.7469883
3688,1090,4.6983743
3688,1293,4.6796875
3688,2918,4.6796007
3688,1287,4.5830445
3688,924,4.5787263
3688,1200,4.5753946
3688,2732,4.542524
3688,2020,4.4972706
3688,529,4.456007
3688,3098,4.42641
3688,3210,4.4245434
3688,1641,4.4153523
3688,2302,4.3574524
3688,3613,4.325207
3688,1732,4.2362485
3688,3253,4.2303085
3688,223,4.206525
3688,2155,3.9651628
3688,3809,3.8969092
3688,2712,3.8392067
3688,3301,3.825729
3688,1513,3.4529116
5227,2762,3.927921
5227,47,3.7199867
5227,3256,3.587212
5227,1370,3.5453324
5227,1407,3.4602745
5227,2985,3.3717084
5227,2617,3.301563
5227,1792,3.2460055
5227,2421,3.1970847
5227,836,3.0294232
5227,1831,3.0231586
5227,546,2.704543
2051,527,4.817934
2051,1213,4.7601247
2051,2692,4.591278
2051,3160,4.3726096
2051,866,4.29564
2051,1034,4.1632752
2051,2353,4.0810766
2051,2425,4.070504
2051,2427,3.951722
2051,1396,3.9295688
2051,507,3.923955
2051,1785,3.820403
2051,480,3.7167215
2051,1480,3.7016401
2051,3117,3.699422
2051,3555,3.692102
2051,2893,3.448153
2051,780,3.2377586
2051,2167,3.0542016
2051,1049,2.962601
2051,2605,2.9199524
2051,2616,2.9114976
2051,2628,2.839924
2051,259,2.7862859
2051,1320,2.7237854
2051,1769,2.5896447
2051,2428,2.1778154
2051,1606,1.5093749
1939,1198,4.5109878
1939,899,4.3728933
1939,903,4.3386354
1939,916,4.3319154
1939,2692,4.272019
1939,1253,4.2527094
1939,1199,4.1870627
1939,1089,4.1649327
1939,1270,4.019085
1939,1097,4.0098953
1939,902,3.9864004
1939,915,3.98343
1939,1357,3.896894
1939,3104,3.8767855
1939,2243,3.8474724
1939,1921,3.8461666
1939,492,3.7677581
1939,3932,3.7602477
1939,2952,3.7138653
1939,3527,3.6098874
1939,3928,3.4966555
1939,3658,3.4729958
1939,2879,3.3954384
1939,3771,3.3346243
1939,3340,3.1649609
1939,381,3.0636375
1177,110,4.299881
1177,3147,4.1674743
1177,2336,4.1408215
1177,589,4.072471
1177,2542,4.054881
1177,2268,4.0258703
1177,2355,3.876811
1177,3932,3.7754858
2233,1704,3.885791
2233,919,3.8730571
2233,1197,3.852447
2233,3147,3.8125849
2233,1394,3.743834
2233,2352,3.6562963
2233,2791,3.617877
2233,1396,3.5181236
2233,3105,3.4030943
2233,2671,3.402214
2233,2908,3.3994946
2233,3948,3.343737
2233,500,3.3414044
2233,222,3.2842634
2233,2694,3.2040663
2233,3478,3.0685906
2233,3176,2.9990466
2233,3699,2.9857695
2233,2792,2.8847113
2233,2088,2.8143456
783,1233,4.382187
783,3089,4.356886
783,110,4.131422
783,2761,4.0188365
783,1210,3.9857852
783,3481,3.9648404
783,3753,3.8502336
783,555,3.8096752
783,2916,3.7380104
783,2273,3.5274904
783,112,3.479785
783,1785,3.3829234
783,2540,3.2570932
783,2625,3.252851
783,464,2.4003031
166,2762,4.419325
166,919,4.3764834
166,2804,4.2627654
166,1200,4.2504253
166,150,4.235363
166,589,4.187586
166,778,4.1863704
166,1206,4.130825
166,3499,4.0726633
166,3668,4.059904
166,2366,4.0353947
166,3526,3.9777412
166,1517,3.9695094
166,474,3.9692898
166,2987,3.9327972
166,357,3.8981364
166,1343,3.8898308
166,3267,3.8878875
166,1370,3.855691
166,2890,3.8432622
166,1051,3.8409758
166,39,3.7917824
166,1527,3.7776222
166,2141,3.7518249
166,3107,3.7233074
166,269,3.7009218
166,708,3.6900222
166,3179,3.6428022
166,3527,3.6285663
166,1569,3.5111806
166,1015,3.4946694
166,2513,3.3384705
166,2794,3.3050625
166,2093,3.2640314
166,2710,3.2190404
166,3660,3.1925967
166,2468,3.1810868
166,1713,3.1441376
166,1779,2.961113
166,2699,2.8930426
166,2950,2.8767393
166,427,2.4580822
166,2153,1.960077
991,931,3.8434668
991,927,3.832286
991,3479,3.5266955
991,3108,3.3619027
3594,2028,4.052677
3594,1,3.7204235
3594,2872,3.531175
3594,2692,3.4917376
3594,1500,3.4879658
3594,1722,3.475762
3594,2916,3.4307334
3594,1909,3.3504992
3594,2355,3.3296914
3594,3623,3.277957
3594,3615,3.2694652
3594,1429,3.20131
3594,1200,3.2007732
3594,1025,3.120032
3594,2657,3.0728636
3594,941,3.0711212
3594,3052,3.039133
3594,1061,3.011423
3594,2820,3.0104227
3594,2134,2.991088
3594,1518,2.862569
3037,2858,4.7145143
3037,2336,4.4948463
3037,32,4.481062
3037,1271,4.3136287
3037,321,4.285262
3037,249,4.279467
3687,2501,3.9747465
3687,1084,3.8421283
3687,914,3.8197374
3687,364,3.565208
3687,2078,3.5501647
3687,1094,3.5475633
3687,21,3.370829
3687,3450,2.9699626
3687,3194,2.9202027
3687,1573,2.6781723
3687,292,2.6334581
3687,1379,2.5285141
3687,2699,2.4667172
3687,48,2.3311825
3687,5,2.2801847
3687,1367,2.2194371
2109,1198,4.183872
2109,904,4.1230044
2109,2203,4.005645
2109,1449,3.948532
2109,1272,3.916362
2109,926,3.810845
2109,110,3.7458375
2109,1278,3.7254438
2109,1266,3.705646
2109,1219,3.6700566
2109,1387,3.6466017
2109,2183,3.6386373
2109,2194,3.6249526
2109,111,3.617794
2109,2206,3.6040988
2109,2706,3.5970995
2109,2947,3.577576
2109,1248,3.5593486
2109,1396,3.5277328
2109,1350,3.457808
2109,3039,3.4552655
2109,428,3.4085283
2109,1345,3.2552123
2109,1220,3.2409708
2109,3871,3.2233434
2109,3418,3.1956534
2109,785,3.1488886
2109,1372,3.1373699
2109,832,3.1146355
2109,364,3.096764
2109,112,3.0917382
2109,2662,3.0702374
2109,2013,3.0563955
2109,454,3.044361
2109,2178,3.035725
2109,2454,3.0310955
2109,2427,2.9927325
2109,2628,2.9581163
2109,3107,2.941591
2109,468,2.8988574
2109,1620,2.8929572
2109,848,2.8676915
2109,3489,2.8276532
2109,39,2.8069186
2109,3020,2.7942226
2109,2014,2.7779365
2109,2012,2.761119
2109,3340,2.7444518
2109,1588,2.7381
2109,2836,2.7363658
2109,3672,2.7345827
2109,367,2.7119622
2109,383,2.6884918
2109,2840,2.654283
2109,203,2.6297483
2109,1405,2.5688322
2109,3918,2.4952972
2109,1126,2.4290085
2109,1544,2.4217122
2109,2269,2.4024994
2109,256,2.4010127
2109,2082,2.3879387
2109,1030,2.36766
2109,782,2.3484824
2109,2532,2.275481
2109,276,2.2167728
2109,455,2.159064
2109,3354,2.1548867
2109,1702,2.1520846
2109,3709,2.1163437
2109,3933,2.1089401
2109,1388,2.1072016
2109,505,2.081227
2109,19,2.0487814
2109,1772,2.0151296
2109,3024,1.8002453
2109,3043,1.6130841
2109,3662,1.3351642
4044,858,5.081102
4044,2762,4.801122
4044,247,4.4866385
4044,2987,4.252426
4044,2294,4.169976
4044,2188,3.834543
4044,818,3.4946325
2027,318,4.5866456
2027,3147,4.331943
2027,1952,4.0888767
2027,1265,3.9940746
2027,2739,3.9710214
2027,1394,3.910068
2027,515,3.8827615
2027,2243,3.8357368
2027,52,3.810777
2027,3189,3.7203538
3992,1674,4.1820273
3992,733,4.174796
3992,1199,4.144485
3992,3753,4.138342
3992,1214,4.136406
3992,2080,4.0804124
3992,3479,4.054037
3992,3702,4.049391
3992,2268,4.045424
3992,1080,4.021563
3992,1097,4.0160785
3992,39,3.9343467
3992,1374,3.9326022
3992,2085,3.9113786
3992,2890,3.9015265
3992,3253,3.8970814
3992,2144,3.8866653
3992,2078,3.8604994
3992,596,3.8468733
3992,1339,3.8243303
3992,2640,3.802651
3992,3526,3.7931013
3992,2403,3.7877505
3992,1047,3.7805958
3992,3274,3.7784853
3992,3450,3.7699308
3992,2533,3.7667613
3992,2867,3.73499
3992,13,3.7100291
3992,239,3.6734571
3992,2133,3.665175
3992,1037,3.6211963
3992,3489,3.6201277
3992,1371,3.6198807
3992,231,3.605119
3992,2094,3.5538592
3992,1833,3.522805
3992,1616,3.5130596
3992,3394,3.426556
1273,750,4.4479294
1273,1267,4.439736
1273,2028,4.393201
1273,1254,4.387917
1273,2858,4.3825884
1273,1299,4.3661838
1273,3683,4.3033037
1273,1304,4.286665
1273,1231,4.242388
1273,933,4.2313256
1273,994,4.2000513
1273,3083,4.1768856
1273,1,4.161945
1273,1273,4.146288
1273,3421,4.118187
1273,1912,3.916863
1273,205,3.7607489
1273,3011,3.7581224
1273,514,3.575369
1273,1883,3.5730898
1273,2874,3.5473323
1273,3506,3.5168278
1273,3614,3.347764
1273,2100,3.3274417
1273,2369,2.4835222
4888,3435,4.723225
4888,2186,4.688169
4888,1247,4.639339
4888,111,4.627781
4888,1300,4.6231337
4888,916,4.617631
4888,670,4.610565
4888,945,4.6048756
4888,1617,4.600835
4888,1269,4.5856004
4888,947,4.5823326
4888,541,4.582217
4888,2208,4.576185
4888,913,4.572752
4888,1066,4.5517406
4888,1303,4.549336
4888,955,4.4918537
4888,914,4.429468
4888,3606,4.348031
4888,2612,4.3446183
4888,1264,4.3296022
4888,3067,4.3178635
4888,3504,4.295279
4888,1955,4.218128
4888,935,4.171252
4888,897,4.132527
4888,2174,3.9760346
4888,952,3.9288301
4888,3599,3.784525
4888,2161,3.2763934
4888,439,1.8909392
2403,260,4.37234
2403,2947,3.8691583
2403,3753,3.8065276
2403,1101,3.7358706
2403,1258,3.6605139
2403,3499,3.6236706
2403,1370,3.5921736
2403,353,3.5722058
2403,3481,3.544616
2403,1584,3.4701762
2403,292,3.4428778
2403,3082,3.4368298
2403,3703,3.4048526
2403,474,3.368344
2403,1527,3.351049
2403,3409,3.338631
2403,1429,3.3020163
2403,2363,3.1176229
2403,2710,3.085176
5927,260,4.66918
5927,3949,4.3210344
5927,678,4.315551
5927,3359,4.2435665
5927,2997,4.1698427
5927,1673,4.0904074
5927,1635,4.05793
5927,3317,4.049709
5927,866,4.0450516
5927,235,4.0381594
5927,1639,3.9775438
5927,150,3.9753098
5927,1097,3.943254
5927,508,3.9406447
5927,1734,3.9334407
5927,3746,3.903321
5927,25,3.8632705
5927,1966,3.856621
5927,348,3.8549187
5927,3260,3.7984564
5927,3418,3.7197263
5927,2291,3.7110815
5927,1554,3.5748203
5927,3010,3.5426679
5927,417,3.5267336
5927,2155,3.5094264
5927,3952,3.5043163
5927,39,3.4895382
5927,352,3.1356122
5927,1569,2.7888904
5927,1409,2.3942566
5927,3258,2.2906883
1418,3114,3.888978
1418,457,3.827161
1418,1214,3.819703
1418,1240,3.7688236
1418,905,3.7328768
1418,3408,3.6091115
1418,2288,3.5811563
1418,3471,3.5651317
1418,1527,3.4786444
1418,1754,3.4260082
1418,2502,3.385387
1418,2002,3.3373032
1418,1372,3.285356
1418,3623,3.2383666
1418,2062,3.2370818
1418,2735,3.2226696
1418,2581,3.1349144
1418,2722,3.0116754
1418,2399,2.992717
1418,1603,2.91599
1418,1717,2.9072225
1418,479,2.9052057
1418,2428,2.8636715
1418,168,2.8156848
1418,886,2.8151746
1418,435,2.7480652
1418,2448,2.0122054
1418,2412,1.9110383
1418,3440,1.7020342
1418,2153,1.6391455
2165,1198,4.760023
2165,1221,4.7580357
2165,2762,4.733678
2165,1233,4.6586676
2165,1036,4.5987244
2165,1214,4.461039
2165,1610,4.4298553
2165,1257,4.4272585
2165,3210,4.387308
2165,3481,4.359125
2165,3552,4.2619967
2165,3793,4.2488785
2165,161,4.1969547
2165,2355,4.130529
2165,1073,4.0315
2165,3623,3.9200068
2165,3617,3.834301
2165,434,3.8164449
1451,2762,4.7640705
1451,1208,4.721118
1451,1207,4.68939
1451,3468,4.6702747
1451,1233,4.635644
1451,446,4.5818253
1451,2571,4.557805
1451,1200,4.548088
1451,47,4.5337577
1451,29,4.5315657
1451,2010,4.5009823
1451,3360,4.4991736
1451,2944,4.4944944
1451,1961,4.478752
1451,3424,4.4595103
1451,529,4.4434013
1451,3359,4.4307237
1451,3072,4.428344
1451,2067,4.384279
1451,595,4.3455954
1451,2997,4.3387394
1451,3256,4.3377657
1451,3366,4.335843
1451,594,4.3241477
1451,3508,4.313735
1451,1643,4.3081656
1451,2745,4.2963233
1451,3168,4.2751827
1451,290,4.272263
1451,1641,4.255556
1451,523,4.249333
1451,3539,4.232454
1451,2080,4.2205877
1451,3852,4.2009325
1451,3104,4.2008286
1451,3480,4.177471
1451,1120,4.1658254
1451,3102,4.140918
1451,1279,4.1165943
1451,3260,4.1155343
1451,588,4.1110673
1451,3253,4.088869
1451,1653,4.048706
1451,322,4.0472283
1451,2022,4.033578
1451,253,4.0324135
1451,2112,3.9971285
1451,3203,3.984849
1451,2025,3.9842944
1451,2916,3.956046
1451,1922,3.9552944
1451,2062,3.927373
1451,3702,3.919373
1451,3608,3.9171574
1451,2021,3.8954928
1451,991,3.879097
1451,3706,3.8758118
1451,377,3.8689325
1451,383,3.8569345
1451,1375,3.833228
1451,3308,3.8230839
1451,1378,3.7771711
1451,2889,3.7655501
1451,2124,3.6645198
1451,1030,3.663125
1451,2453,3.6365478
1451,2413,3.6212606
1451,3565,3.5822177
1451,3206,3.5731978
1451,3615,3.5668073
1451,2520,3.5345664
1451,1371,3.526478
1451,3744,3.4899325
1451,1027,3.4345613
1451,1457,3.419302
1451,365,3.164254
1451,196,3.1275334
1451,836,2.6101334
1451,256,2.5999033
1451,1562,2.4893916
1451,15,2.4327278
1451,2412,1.9413524
3029,745,4.753834
3029,318,4.752378
3029,1136,4.611759
3029,1196,4.6097355
3029,2324,4.6073294
3029,58,4.604414
3029,2918,4.6036253
3029,1537,4.5038757
3029,2858,4.5006084
3029,608,4.4373527
3029,1956,4.4262414
3029,1028,4.381691
3029,838,4.3774524
3029,1617,4.37343
3029,2648,4.372898
3029,1214,4.348611
3029,924,4.3412604
3029,2396,4.3253627
3029,3079,4.3216906
3029,1097,4.268227
3029,1411,4.248988
3029,1073,4.24205
3029,1099,4.2305975
3029,3271,4.230259
3029,364,4.2301064
3029,2194,4.2271795
3029,3105,4.223892
3029,1274,4.208859
3029,3510,4.208205
3029,1982,4.184906
3029,1408,4.179721
3029,380,4.157447
3029,2020,4.1568737
3029,1356,4.1522455
3029,194,4.1350756
3029,1393,4.0995092
3029,2301,4.090991
3029,2366,4.0757675
3029,141,4.067463
3029,2474,4.066315
3029,2116,4.02763
3029,2058,4.021184
3029,1025,3.993137
3029,361,3.977686
3029,1573,3.958221
3029,2427,3.9400573
3029,3125,3.9040775
3029,377,3.898705
3029,3398,3.8975227
3029,3087,3.8450255
3029,1339,3.7708578
3029,648,3.7510862
3029,1135,3.744143
3029,2023,3.7429936
3029,358,3.6851468
3029,1015,3.6600287
3029,2712,3.649065
3029,2134,3.6286168
3029,372,3.6181254
3029,107,3.5819697
3029,383,3.5671349
3029,2151,3.545301
3029,3869,3.5042982
3029,140,3.4589212
3029,248,3.4437556
3029,3784,3.4248295
3029,2084,3.4162931
3029,3489,3.2635117
3029,2505,3.2592092
3029,466,3.0653412
3029,3156,3.0461287
3029,743,2.8641677
3029,455,2.8154135
3029,3299,2.608773
3029,19,2.572014
3029,1562,2.4966218
3029,540,2.413478
2225,1272,4.080971
2225,2571,4.0246773
2225,3196,4.016393
2225,1394,3.9869602
2225,3365,3.9665556
2225,2028,3.9602482
2225,2804,3.9409418
2225,1242,3.9166534
2225,1293,3.84409
2225,3728,3.804834
2225,2797,3.7978883
2225,936,3.7639413
2225,34,3.7344005
2225,553,3.7250586
2225,1292,3.7112377
2225,3505,3.6793995
2225,3397,3.6447988
2225,3210,3.6410458
2225,3386,3.6327927
2225,3129,3.5995178
2225,3072,3.5785766
2225,1610,3.5381756
2225,2423,3.5117607
2225,151,3.4251707
2225,3020,3.421832
2225,3256,3.4166079
2225,2463,3.3917701
2225,2134,3.3811393
2225,2114,3.3718042
2225,480,3.3665385
2225,3763,3.3509908
2225,368,3.277523
2225,104,3.2479603
2225,2770,3.2416735
2225,3398,3.2396173
2225,458,3.1620555
2225,3698,3.1416793
2225,2628,3.0526037
2225,2418,3.0325472
2225,2376,2.9228523
2225,1088,2.851389
2225,1379,2.8314595
2225,2641,2.7989504
2225,2735,2.5972545
2225,2616,2.3586125
2225,2016,2.088041
2225,2259,2.0779219
2225,2408,1.9674374
2225,1381,1.7455348
2225,2380,1.4091169
2173,1196,4.2724
2173,541,4.2092566
2173,1096,4.065438
2173,2313,4.039297
2173,1258,4.0354495
2173,3735,3.9556375
2173,3741,3.9520755
2173,562,3.9429135
2173,2467,3.893548
2173,529,3.8664289
2173,1161,3.8652077
2173,62,3.8398967
2173,1302,3.8373747
2173,2312,3.815143
2173,3181,3.7926452
2173,1408,3.7667503
2173,1643,3.759223
2173,1584,3.7567968
2173,2716,3.746422
2173,2739,3.700684
2173,3200,3.6540098
2173,3072,3.6293905
2173,500,3.6133752
2173,3163,3.5855489
2173,357,3.5768313
2173,3167,3.573972
2173,99,3.5407746
2173,1179,3.513812
2173,1747,3.5131197
2173,2065,3.4847357
2173,3430,3.3861418
2173,2929,3.3273635
2173,2712,2.791189
2744,3037,2.137405
2744,3671,2.1093183
2744,3508,2.0510838
2744,714,1.9311974
2744,590,1.9196138
2744,110,1.9181466
2744,2921,1.8829253
2744,3365,1.8762959
2744,2018,1.7631621
2744,3396,1.6957636
2744,262,1.6396549
2744,3627,1.5108796
2744,1017,1.4080168
2744,1588,1.3577771
2744,2089,1.348664
2744,1049,1.1833713
2744,158,1.1769127
2744,2687,1.1496766
2144,3147,3.796886
2144,1258,3.5960336
2144,296,3.4210234
2144,1320,3.0707994
2144,193,3.0066862
3985,296,4.023669
3985,800,4.013671
3985,2357,4.0045147
3985,475,3.9454181
3985,1942,3.9346142
3985,446,3.9265373
3985,1446,3.891481
3985,3811,3.889315
3985,1719,3.874419
3985,3819,3.8656323
3985,2575,3.8257015
3985,1923,3.817124
3985,356,3.8081026
3985,2682,3.772752
3985,778,3.7577333
3985,1873,3.6827943
3985,53,3.6787112
3985,3060,3.6432784
3985,1639,3.6135402
3985,3783,3.5905697
3985,272,3.5859728
3985,3787,3.5843692
3985,334,3.5693297
3985,1184,3.5304291
3985,2539,3.5184991
3985,1836,3.4726524
3985,83,3.448978
3985,339,3.4341917
3985,3817,3.4133067
3985,2155,3.3982868
13,1196,3.9439971
13,480,3.7084794
13,3256,3.565536
13,1127,3.5636933
13,648,3.4297335
13,3417,3.4025774
13,1356,3.3815162
13,1544,3.2214668
13,368,3.2126293
13,434,3.1471777
13,2,2.9658809
4652,745,4.7342486
4652,908,4.725609
4652,1276,4.5687666
4652,1244,4.3956127
4652,1734,4.2030196
4652,1957,4.2012033
4652,3176,3.7994955
4652,3174,3.7016053
4652,3155,3.1476505
3733,260,4.4115295
3733,296,4.3554683
3733,1213,4.345559
3733,111,4.2439117
3733,2028,4.1775017
3733,924,4.08566
3733,3897,4.074902
3733,778,3.972429
3733,1079,3.9716568
3733,1923,3.8018441
3733,3421,3.7615786
3733,1466,3.5829802
3733,3174,3.214665
3733,3298,2.7321641
195,2019,4.914358
195,908,4.847685
195,904,4.8001695
195,3022,4.7763767
195,1207,4.7623878
195,750,4.6760435
195,260,4.6714206
195,1217,4.62402
195,668,4.621634
195,1300,4.6164546
195,3000,4.6017146
195,741,4.546462
195,47,4.5123277
195,307,4.468381
195,1834,4.4666853
195,1099,4.450279
195,2010,4.447571
195,2959,4.441925
195,1419,4.428738
195,1923,4.4220877
195,900,4.405011
195,2966,4.3902493
195,1734,4.3787622
195,3147,4.3680325
195,2686,4.3619266
195,1274,4.3574905
195,1357,4.3300166
195,3160,4.315782
195,2594,4.313511
195,2115,4.312072
195,1249,4.311906
195,80,4.3030033
195,3062,4.297047
195,2366,4.2969484
195,2542,4.239348
195,3793,4.227747
195,1694,4.2122264
195,6,4.2107296
195,300,4.1728425
195,2502,4.1636877
195,2125,4.144066
195,2161,4.143811
195,3915,4.1311994
195,3108,4.1249213
195,3150,4.1218023
195,3175,4.1217184
195,3298,4.1040335
195,1729,4.101782
195,2355,4.048204
195,316,4.0206037
195,2985,3.9795194
195,1573,3.9751291
195,3618,3.9641938
195,18,3.950165
195,2001,3.9493444
195,1232,3.9422736
195,1502,3.9298341
195,163,3.9296813
195,1339,3.9032888
195,1883,3.90108
195,377,3.895939
195,3608,3.886286
195,184,3.874084
195,2683,3.851077
195,2712,3.8500986
195,2134,3.849065
195,2005,3.8390803
195,1020,3.823516
195,1321,3.801754
195,3550,3.7728434
195,3948,3.7692037
195,767,3.747413
195,2006,3.734758
195,3796,3.723625
195,2111,3.6377869
195,3264,3.6362855
195,24,3.6182618
195,2034,3.5250716
195,2340,3.5153623
195,1588,3.4519117
195,76,3.3731928
195,1409,3.3583465
195,2263,3.2812998
195,2793,3.2412434
195,2328,3.2287173
195,1320,3.2183747
195,3243,3.0855947
195,849,2.7761683
195,880,2.7584193
195,3031,2.7141337
195,829,2.6959038
195,2995,2.6784616
195,717,2.513091
195,1891,2.5058234
195,3946,2.491082
195,405,2.2705963
195,2701,2.1316743
195,519,1.750304
195,3392,1.6724443
2778,1280,4.529307
2778,232,4.477662
2778,162,4.441493
2778,590,4.4143133
2778,1270,4.3803167
2778,3067,4.352954
2778,3925,4.232336
2778,3408,4.232148
2778,3072,4.174638
2778,562,4.1520004
2778,1641,4.1427736
2778,2174,4.0043383
4245,2009,3.6673462
4245,2533,3.466186
4245,2134,3.3895977
4245,2140,3.356386
4245,3659,3.3514779
3080,3089,4.9872665
3080,1148,4.8937616
3080,1198,4.814743
3080,745,4.7823005
3080,2571,4.6969957
3080,1192,4.5492077
3080,2132,4.5400615
3080,457,4.509527
3080,1206,4.5083675
3080,1258,4.4810104
3080,541,4.437744
3080,265,4.3622713
3080,1244,4.354974
3080,3859,4.3314285
3080,3060,4.3017197
3080,3363,4.2915487
3080,2700,4.2783422
3080,1641,4.27692
3080,555,4.2529063
3080,2611,4.252445
3080,1270,4.2469687
3080,1500,4.2272305
3080,281,4.2113667
3080,1097,4.1940384
3080,1179,4.1699433
3080,348,4.069456
3080,2321,4.060687
3080,3108,4.0329156
3080,428,4.0138817
3080,3685,3.871397
3080,2797,3.8644373
3080,861,3.833422
3080,3499,3.7701206
3080,3706,3.7600434
3080,3087,3.737988
3080,1967,3.651755
3080,537,3.5618439
3080,2423,3.491171
3080,1268,3.4631422
3080,3614,3.277902
3080,236,3.2347732
3080,3045,3.040993
3080,835,2.9821358
3080,1918,2.911418
3080,1009,2.8836057
3080,2012,2.7172334
3080,333,2.688872
3413,318,5.0179615
3413,1208,4.8156977
3413,2858,4.7603498
3413,750,4.7329736
3413,1104,4.67414
3413,1089,4.594225
3413,3498,4.496499
3413,1307,4.4925013
3413,1270,4.2032566
3413,2312,4.1248603
5107,318,4.1945577
5107,750,4.1423035
5107,912,4.1334143
5107,2324,4.117388
5107,905,3.996846
5107,1172,3.9145944
5107,947,3.9094698
5107,2360,3.9007144
5107,2132,3.8638432
5107,1293,3.767556
5107,778,3.7503273
5107,1036,3.7057812
5107,3096,3.7054265
5107,2908,3.6913395
5107,307,3.6741579
5107,2333,3.672794
5107,2686,3.6234589
5107,2890,3.5328605
5107,1270,3.5190887
5107,1784,3.5142512
5107,588,3.5139215
5107,1096,3.491661
5107,2068,3.481808
5107,2943,3.470108
5107,1517,3.4700966
5107,1914,3.438605
5107,3076,3.4359748
5107,1663,3.4292717
5107,1362,3.4180925
5107,1184,3.377819
5107,21,3.320056
5107,2064,3.2912414
5107,1393,3.2616737
5107,2284,3.2500978
5107,3167,3.2462697
5107,26,3.1933298
5107,1580,3.0401053
5107,141,3.0197778
5107,1958,3.011474
5107,2891,2.9171576
5107,1701,2.8411355
5107,543,2.8330393
5107,3684,2.7773752
5107,165,2.7738922
5107,3699,2.764248
5107,2393,2.7028677
5107,3107,2.620395
5107,780,2.6173532
5107,2617,2.467675
5107,3033,2.4566512
5107,3308,2.440784
5107,7,2.412558
5107,451,2.3703933
5107,783,2.2990174
5107,1629,2.27715
5107,2767,2.1593065
5107,2375,1.9869738
5107,2533,1.9038274
5107,3156,1.7780108
5107,327,1.5647333
3610,953,2.8949895
3610,597,2.5890183
3610,2002,2.5583658
3610,910,2.549545
3610,648,2.5473127
3610,377,2.5442674
3610,1408,2.5348926
3610,908,2.528875
3610,858,2.5204282
3610,798,2.514267
3610,3717,2.5063376
3610,2606,2.5022585
3610,2617,2.4809206
3610,3527,2.4717343
3610,420,2.4655328
3610,1198,2.4420223
3610,1375,2.4400985
3610,952,2.433642
3610,368,2.4320428
3610,3246,2.415351
3610,104,2.4002337
3610,2860,2.396331
3610,920,2.3557973
3610,364,2.3485928
3610,1083,2.342439
3610,2447,2.3041854
3610,839,2.2965648
3610,480,2.2930002
3610,2059,2.2838583
3610,943,2.2771862
3610,3052,2.273506
3610,88,2.265692
3610,898,2.264992
3610,1777,2.2636704
3610,785,2.2636337
3610,3671,2.2434287
3610,3061,2.2411761
3610,1687,2.2182505
3610,1374,2.1844473
3610,2109,2.1819777
3610,2137,2.178842
3610,945,2.170229
3610,2502,2.169235
3610,410,2.1679258
3610,2221,2.1578958
3610,3217,2.1564584
3610,1377,2.110671
3610,2325,2.0928333
3610,1025,2.0919383
3610,3751,2.091154
3610,733,2.083608
3610,2366,2.0809393
3610,3931,2.0802429
3610,1099,2.080022
3610,223,2.079351
3610,3095,2.0784154
3610,940,2.07232
3610,2092,2.0721118
3610,2010,2.0589883
3610,2940,2.05379
3610,1029,2.0462754
3610,2763,2.043613
3610,2428,2.0355666
3610,1079,2.0298386
3610,930,2.0227766
3610,2208,2.0154731
3610,1371,1.9970008
3610,954,1.9953976
3610,2202,1.9947565
3610,2099,1.970132
3610,3610,1.9658706
3610,3526,1.921339
3610,2805,1.8906771
3610,907,1.8895764
3610,153,1.8739915
3610,949,1.838872
3610,901,1.8176148
3610,1713,1.7876129
3610,965,1.7812011
3610,3089,1.7664673
3610,3785,1.7642162
3610,3440,1.7098578
3610,1191,1.6792798
3610,2978,1.6532533
204,2028,4.4397235
204,750,4.336261
204,1197,4.287826
204,2571,4.2762766
204,1196,4.266527
204,356,4.1238155
204,1961,4.0507946
204,3510,3.9465249
204,1265,3.8963695
204,2000,3.8742566
204,1090,3.8678975
204,628,3.8402658
204,529,3.811355
204,3526,3.7911692
204,2401,3.7685056
204,1968,3.7460842
204,1917,3.7304573
204,3702,3.7112145
204,2841,3.7017543
204,1385,3.659728
204,1206,3.651131
204,588,3.6375918
204,2528,3.580474
204,1552,3.5288482
204,253,3.47097
204,1589,3.4458303
204,592,3.4409611
204,434,3.4317577
204,367,3.4226792
204,2105,3.4195294
204,3784,3.3966558
204,1544,3.3615828
204,3528,3.3298397
204,2135,3.324419
204,494,3.3164916
204,231,3.2828753
204,1030,3.2807617
204,1009,3.2588758
204,2094,3.1457624
204,1391,3.1417747
204,2016,2.9024315
204,836,2.8277006
204,2986,2.706169
204,160,2.6405656
204,3799,2.0722535
204,169,1.9037758
204,3593,1.8844697
2455,1206,3.6328795
2455,2352,3.459806
2455,2139,3.3127093
2455,2968,2.8525832
2455,3213,2.8433754
2455,3525,2.5926754
2455,2640,2.5350778
2455,3638,2.4364038
2455,2012,2.3589606
2455,2533,2.341583
2455,1009,2.2027454
2455,2641,2.1411138
2455,1128,1.8516712
2455,177,1.7863138
3381,3720,3.5871916
3381,2945,3.102944
1094,1204,4.2360096
1094,2132,3.927919
1094,1704,3.9251235
1094,150,3.8526478
1094,1258,3.8268318
1094,2000,3.7770102
1094,3448,3.7711806
1094,3916,3.753293
1094,2080,3.7196078
1094,3793,3.6481633
1094,2144,3.5405192
1094,2599,3.5252638
1094,2087,3.473072
1094,2403,3.4701712
1094,1127,3.4542725
1094,1688,3.3859177
1094,3052,3.3638377
1094,3645,3.2664351
1094,1498,3.2209098
1094,2363,3.188031
4569,2571,4.538322
4569,3107,3.6864033
4569,2912,3.6723967
4569,736,3.610115
4569,1429,3.5909882
4569,1586,3.4425795
4569,303,3.4403985
4569,1100,3.3695648
4569,3113,3.3605156
4569,798,3.3147905
4569,208,3.1538422
4046,750,4.0863013
4046,2571,3.942771
4046,2858,3.8909519
4046,1254,3.8896236
4046,1097,3.2120833
4821,527,4.4269924
4821,1225,4.0395794
4821,1200,4.024353
4821,1674,3.931212
4821,319,3.6963758
4821,337,3.64958
4821,2987,3.644976
4821,2161,3.632258
4821,1693,3.5714536
4821,3501,3.5118217
4821,2407,3.4946408
4821,1694,3.4763618
4821,2141,3.3888881
4821,3033,3.374272
4821,2174,3.332615
4821,2405,3.3057706
4821,2803,3.2719116
4821,45,3.2673688
4821,3704,3.2641835
4821,2796,3.0000322
4821,237,2.9055836
4821,1792,2.8690805
4821,542,2.690875
4821,2525,2.2847917
4821,2422,1.8971431
5319,1278,4.2753077
5319,928,4.27405
5319,1214,4.258925
5319,1,4.223134
5319,741,4.127511
5319,1682,4.039647
5319,597,4.039158
5319,1199,4.0168886
5319,2359,4.0102262
5319,1639,3.966478
5319,2115,3.9306848
5319,2005,3.9192822
5319,3071,3.9149587
5319,1527,3.9121957
5319,2137,3.9092953
5319,2150,3.901636
5319,364,3.9003398
5319,1967,3.8864262
5319,1215,3.881503
5319,2231,3.8103347
5319,3253,3.7812529
5319,2596,3.7743173
5319,1777,3.754563
5319,1645,3.7228558
5319,288,3.6976154
5319,2294,3.6879816
5319,367,3.687574
5319,661,3.6801796
5319,175,3.6574874
5319,835,3.5194516
5319,466,3.4189053
5319,1883,3.4152226
5319,3701,3.4108539
5319,1037,3.2917094
4506,904,4.679501
4506,260,4.6746163
4506,1250,4.618127
4506,1196,4.462095
4506,3365,4.4226937
4506,1217,4.4211183
4506,953,4.4083405
4506,1953,4.3659725
4506,1950,4.356066
4506,1240,4.3555703
4506,1226,4.318903
4506,1235,4.316637
4506,1097,4.3159914
4506,3035,4.310195
4506,2313,4.3043485
4506,1266,4.2891874
4506,1947,4.283924
4506,1230,4.274556
4506,2067,4.261812
4506,529,4.2449503
4506,1080,4.2123194
4506,3451,4.202861
4506,2359,4.1632566
4506,1674,4.155591
4506,1103,4.1212163
4506,3360,4.1211
4506,1078,4.0898075
4506,1964,4.06787
4506,959,4.0630436
4506,1678,4.05544
4506,3543,4.053268
4506,1012,4.0467834
4506,2109,4.041902
4506,2366,4.0364227
4506,2401,4.0292206
4506,3330,4.026225
4506,1082,4.0251217
4506,2333,4.023164
4506,6,3.9991012
4506,2150,3.9785616
4506,2355,3.9707751
4506,3167,3.9576333
4506,2087,3.9502113
4506,3753,3.9373372
4506,941,3.9343796
4506,3793,3.9258814
4506,2463,3.757712
4506,2407,3.6855521
4506,2100,3.6786287
4506,1290,3.665122
4506,3049,3.5691519
4506,2003,3.5631363
4506,1347,3.5200796
4506,3423,3.372222
4506,3698,3.3707948
4506,2043,3.3010578
4506,3672,3.2012594
5220,1252,4.172019
5220,1278,4.0045414
5220,1228,3.9464455
5220,2959,3.9148276
5220,1953,3.8821454
5220,1961,3.8765059
5220,1222,3.85134
5220,1261,3.8490455
5220,800,3.816918
5220,1361,3.7953436
5220,3424,3.7804124
5220,1080,3.7784603
5220,2871,3.7742746
5220,319,3.7305212
5220,3613,3.6950626
5220,3545,3.6748765
5220,235,3.6410053
5220,1374,3.6283796
5220,2076,3.6079493
5220,2890,3.606576
5220,2108,3.5835109
5220,431,3.5569167
5220,3108,3.5526283
5220,1414,3.5365648
5220,2301,3.5253282
5220,2134,3.483514
5220,3102,3.4701357
5220,412,3.4583578
5220,3251,3.4535575
5220,39,3.4460526
5220,2353,3.4014778
5220,3591,3.3938336
5220,34,3.3721495
5220,2968,3.3630786
5220,2734,3.3519135
5220,2005,3.3212292
5220,616,3.3152246
5220,2291,3.3071034
5220,2457,3.2482164
5220,1580,3.2237086
5220,2177,3.2082407
5220,3015,3.1898096
5220,1347,3.1859517
5220,1031,3.1463447
5220,3016,3.1342313
5220,2245,3.1334825
5220,367,3.101081
5220,3214,3.0894947
5220,1015,3.041226
5220,2405,3.0095139
5220,1573,2.9887447
5220,1088,2.971377
5220,2802,2.9375215
5220,3714,2.8986979
5220,1011,2.8410149
5220,3590,2.8184752
5220,585,2.7156148
5220,2255,2.6798887
5220,3708,2.6688538
5220,2792,2.608315
5220,1332,2.5312083
5220,2950,2.459478
5220,3764,2.405001
5220,2526,2.386386
5220,2902,2.2745543
5220,3715,2.260766
5220,2450,2.031663
5220,1984,2.0084867
5220,1998,1.6074028
2926,1923,3.856095
2926,2302,3.7750652
2926,440,3.6820772
2926,40,3.6313305
2926,3255,3.614359
2926,2502,3.596063
2926,1722,3.5701113
2926,3556,3.5471213
2926,21,3.541772
2926,1120,3.534389
2926,671,3.4749897
2926,454,3.4183
2926,1777,3.4159322
2926,1569,3.3852596
2926,661,3.3801522
2926,458,3.362975
2926,60,3.3570929
2926,1268,3.3312335
2926,344,3.2893684
2926,552,3.2532673
2926,500,3.2420058
2926,3173,3.127744
2926,2496,3.0373275
2926,3557,3.0218506
2926,2688,2.9851654
2926,122,2.9220192
2926,2805,2.6801527
2926,1887,2.2318764
2926,3225,2.11736
403,1358,4.3012743
403,1247,4.268441
403,590,4.1588583
403,3147,4.1382804
403,3578,4.1333857
403,1246,4.1315727
403,3552,4.0942316
403,3448,4.064494
403,2706,4.0019436
403,1645,3.91599
403,1552,3.8613744
403,2109,3.8322134
403,2403,3.8168018
403,3513,3.8153143
403,494,3.7887866
403,2490,3.7877622
403,2837,3.7785897
403,592,3.7730463
403,3301,3.766927
403,2605,3.7456336
403,1390,3.715837
403,2746,3.679243
403,3863,3.6613927
403,828,3.610985
403,1405,3.5071397
403,2126,3.4325278
403,1359,3.104189
403,2153,2.63629
3676,1617,4.291786
3676,1253,4.262358
3676,2396,4.14732
3676,595,3.875163
3676,508,3.87457
3676,2968,3.7969017
3676,1356,3.7675889
3676,3754,1.8585227
502,2599,4.090268
5352,3435,4.3846774
5352,951,4.2861195
5352,965,4.1984134
5352,3088,4.1712465
5352,3471,4.1557684
5352,457,4.1494303
5352,1301,4.0075116
5352,1073,3.9423342
5352,900,3.9342046
5352,1035,3.9270701
5352,2565,3.8917482
5352,2078,3.8243423
5352,30,3.6583867
5352,3034,3.5669532
5352,2991,3.4651968
5352,1580,3.4565587
5352,2989,3.335845
5352,3501,3.3344336
5352,2363,3.2258697
5352,3194,3.1256244
5352,1334,3.105703
5352,2193,2.998658
5352,317,2.9180465
5352,3714,2.5010042
3202,50,4.1647635
3202,597,3.694941
3202,440,3.649404
3202,594,3.5737405
3202,587,3.5341206
3202,3793,3.5235329
3202,1704,3.5169075
3202,3178,3.5126398
3202,1608,3.4985197
3202,832,3.481059
3202,494,3.391236
3202,1620,3.3533154
3202,1835,3.325233
3202,2429,3.1935296
3202,2126,3.1500812
3202,186,3.1212852
1909,2997,3.7787948
1909,2959,3.7379656
1909,778,3.641855
1909,1883,2.8145013
1909,788,2.2574563
4407,2268,4.0054655
4407,29,3.968098
4407,2908,3.9578981
4407,597,3.9336152
4407,3358,3.6863341
4407,1730,3.6845465
4407,587,3.6083965
4407,316,3.566319
4407,62,3.524832
4407,2707,3.5150485
4407,147,3.4869225
4407,1805,3.4809895
4407,1370,3.458472
4407,2058,3.4569147
4407,1608,3.4298801
4407,21,3.4258242
4407,2294,3.3900602
4407,2861,3.3781848
4407,3686,3.352877
4407,2012,3.306672
4407,2628,3.116589
4407,31,2.9882486
4407,3146,2.8949823
4407,637,2.361117
4407,510,2.3582358
4407,393,1.5079857
4572,1028,4.2553244
4572,3114,4.2398767
4572,2321,4.0421543
4572,2424,4.02696
4572,616,4.0070806
4572,2087,3.964865
4572,2078,3.959628
4572,2125,3.9526787
4572,317,3.893806
4572,586,3.8889303
4572,575,3.8696518
4572,1812,3.853664
4572,2,3.7949338
4572,3051,3.7857978
4572,2124,3.7810802
4572,158,3.7496285
4572,1592,3.6823444
4572,2052,3.6294518
4572,374,3.6088808
5881,593,4.42515
5881,457,4.183635
5881,306,4.131578
5881,1610,4.0542126
5881,2355,3.946508
5881,733,3.873047
5881,805,3.832902
5881,2333,3.831232
5881,780,3.804349
5881,205,3.776572
5881,21,3.7666616
5881,587,3.7395551
5881,39,3.713074
5881,2012,3.6799474
5881,57,3.678998
5881,1190,3.66045
5881,1485,3.646915
5881,52,3.6299675
5881,361,3.6196873
5881,2875,3.6140368
5881,1835,3.5927293
5881,3259,3.570856
5881,2605,3.523515
5881,2581,3.513174
5881,2622,3.5033994
5881,3016,3.490124
5881,2881,3.4776893
5881,317,3.4570706
5881,516,3.3451042
5881,3489,3.3279243
5881,3045,3.2987406
5881,434,3.211067
5881,2147,3.1439815
5881,1665,3.1101093
5881,410,2.992385
5881,305,2.6289215
5881,193,2.6199062
1362,1212,4.4240665
1362,527,4.4053288
1362,1204,4.387729
1362,1284,4.25245
1362,608,4.0899253
1362,3338,4.0755215
1362,3467,4.0234203
1362,3578,3.8908188
1362,3916,3.804681
1362,1035,3.7644415
1362,3952,3.6945949
1362,551,3.673352
1362,3289,3.6721544
1362,3624,3.6189363
1362,3927,3.5846772
1362,3150,3.5823333
1362,1127,3.575848
1362,3555,3.5585027
1362,2173,3.5424206
1362,1573,3.4009101
1362,3914,3.3866246
1362,3594,3.3860157
1362,490,3.2036812
1362,3287,3.0913963
1362,3534,3.0837998
1362,504,3.0068028
1362,196,2.7069364
1362,3898,2.5560372
5015,1252,4.4689136
5015,750,4.4416714
5015,3468,4.3531637
5015,1189,4.324067
5015,593,4.3178525
5015,1299,4.275507
5015,3334,4.261414
5015,3095,4.260939
5015,926,4.258382
5015,1225,4.2537913
5015,1231,4.2183495
5015,2313,4.212144
5015,1235,4.1926327
5015,1214,4.1811194
5015,3037,4.179927
5015,1276,4.1417494
5015,1952,4.1406765
5015,1610,4.1256275
5015,2396,4.123808
5015,1955,4.122584
5015,3147,4.1161337
5015,3363,4.0719004
5015,1625,4.0689754
5015,1387,4.0681143
5015,1080,4.0650997
5015,1333,4.046567
5015,1210,4.0434837
5015,3654,4.032522
5015,1302,4.028553
5015,2922,4.0253925
5015,539,3.9976454
5015,2078,3.9914348
5015,1180,3.9905472
5015,2398,3.9699645
5015,1954,3.9596105
5015,6,3.9412994
5015,474,3.930041
5015,2739,3.9287539
5015,1082,3.9048336
5015,2080,3.8985972
5015,1730,3.8900414
5015,3723,3.8431504
5015,3724,3.8379364
5015,2866,3.8209648
5015,2344,3.818499
5015,2407,3.810452
5015,2197,3.8100207
5015,3167,3.8094394
5015,2870,3.7958696
5015,1573,3.7954566
5015,3639,3.7862024
5015,1619,3.7859602
5015,934,3.778965
5015,2993,3.7710254
5015,2657,3.7604597
5015,3760,3.760435
5015,3311,3.7384086
5015,3308,3.713551
5015,2916,3.6964793
5015,2273,3.69469
5015,1721,3.685637
5015,1835,3.6781144
5015,2145,3.6540065
5015,3734,3.639799
5015,3099,3.635633
5015,2424,3.618753
5015,2013,3.6046393
5015,2617,3.5702
5015,2942,3.5539894
5015,2746,3.5502408
5015,3771,3.5202985
5015,368,3.4451165
5015,2002,3.4442747
5015,3638,3.3343327
5015,1876,3.295575
5015,158,3.1877942
1937,1136,4.0097303
1937,1172,3.9093626
1937,1304,3.904171
1937,1086,3.8104072
1937,1307,3.7226205
1937,1231,3.6739988
1937,1961,3.642033
1937,1387,3.6279802
1937,1392,3.4239402
1937,1285,3.3954005
1937,1965,3.3810031
1937,551,3.3758214
1937,3039,3.3182673
1937,2312,3.3138006
1937,3868,3.3091173
1937,2069,3.2581751
1937,3358,3.2497988
1937,1594,3.1850016
1937,2065,3.0270119
1937,1376,2.8401337
1937,2736,2.7836158
1937,2001,2.7421048
1937,2407,2.7038558
1937,3763,2.6773536
1937,2469,2.4647467
1937,289,2.3747773
1937,2378,2.1845534
1937,2405,2.0744815
1937,2374,1.8777752
1937,1801,1.8041278
3923,1584,3.878669
3923,1019,3.8695917
3923,2529,3.7957208
3923,2311,3.6633105
3423,2028,4.7403774
3423,2762,4.686253
3423,1214,4.5829067
3423,1960,4.499187
3423,2791,4.445494
3423,1240,4.4453115
3423,3421,4.4284067
3423,1097,4.4029818
3423,1968,4.2976375
3423,2700,4.2357836
3423,3052,4.2354574
3423,1265,4.221003
3423,3948,4.200808
3423,3072,4.1872673
3423,1653,4.162395
3423,1517,4.1569963
3423,2108,4.1196055
3423,2916,4.1032324
3423,780,4.0546184
3423,266,4.0506134
3423,3740,3.965092
3423,2003,3.8904233
3423,2405,3.8764422
3423,1620,3.870918
3423,2759,3.868052
3423,22,3.813054
3423,2605,3.7539642
3423,3308,3.7220469
3423,2416,3.6485488
3423,3861,3.6348784
3423,788,3.6130552
3423,2735,3.594054
3423,442,3.5431008
3423,2126,3.357202
3423,2279,3.3458114
3423,3394,3.254906
3423,1702,3.2263126
3423,2827,3.2146692
3423,1562,2.5714042
3423,3877,2.2109818
2898,1136,4.645774
2898,2571,4.6153274
2898,593,4.4887543
2898,3897,4.4024973
2898,1096,4.285725
2898,3481,4.2320065
2898,1265,4.123031
2898,3703,3.8833992
2898,3943,3.645277
2898,70,3.4638245
2898,2712,3.3967333
2898,1866,3.296913
2898,3785,2.7643745
2898,3752,2.6220078
1871,1233,4.3418107
1871,1197,4.316918
1871,2064,4.1503296
1871,3000,4.1392136
1871,1036,4.0524817
1871,3421,4.024847
1871,2947,3.9613326
1871,3418,3.7828953
1871,2529,3.615884
1871,3703,3.4641738
588,1212,4.6047835
588,260,4.5908127
588,2186,4.536489
588,1204,4.5226016
588,3089,4.497502
588,3462,4.428404
588,678,4.410356
588,1104,4.399076
588,1225,4.393638
588,906,4.390624
588,914,4.377839
588,1260,4.365755
588,296,4.360898
588,905,4.345876
588,1269,4.3210726
588,3730,4.300206
588,1280,4.295734
588,1264,4.2920437
588,2132,4.208893
588,508,4.1755114
588,1,4.1439886
588,2336,4.122788
588,3551,4.0819297
588,1175,4.0732946
588,549,4.0491138
588,2289,4.03903
588,1285,4.033804
588,588,3.9552426
588,3536,3.9416952
588,3102,3.919095
588,3246,3.9179525
588,1584,3.9170585
588,412,3.8422737
588,3702,3.8344622
588,3358,3.821907
588,2349,3.794049
588,1810,3.6672392
588,3176,3.6457887
588,1401,3.6295936
588,3263,3.3087964
588,427,1.8999634
914,527,4.627123
914,858,4.592324
914,1207,4.557966
914,1234,4.461542
914,923,4.4476767
914,1280,4.3103867
914,1179,3.9110093
914,3823,3.7735355
3808,1198,4.253394
3808,2762,4.1325836
3808,1217,4.120356
3808,1252,4.045087
3808,1234,3.982854
3808,1,3.9144099
3808,356,3.8684692
3808,1258,3.8632064
3808,373,3.835093
3808,2917,3.8131132
3808,1222,3.802204
3808,2648,3.7796652
3808,2599,3.778749
3808,1954,3.75861
3808,2863,3.7420235
3808,2729,3.7415094
3808,2716,3.7327476
3808,1285,3.724615
3808,589,3.7122583
3808,3671,3.7085347
3808,1466,3.6881452
3808,2919,3.6852436
3808,337,3.6197827
3808,480,3.601324
3808,1073,3.5642376
3808,1179,3.5638819
3808,1297,3.544343
3808,2662,3.5260134
3808,3167,3.5247552
3808,2243,3.50626
3808,3700,3.4904156
3808,3194,3.4640684
3808,1968,3.443211
3808,3214,3.4354608
3808,2268,3.4153278
3808,180,3.414819
3808,2463,3.4070973
3808,2490,3.3952177
3808,1268,3.3552692
3808,2431,3.347035
3808,2278,3.3425055
3808,350,3.341993
3808,368,3.3335068
3808,333,3.3293548
3808,2356,3.2969644
3808,2423,3.2740173
3808,2802,3.2586846
3808,3476,3.247841
3808,1395,3.2417755
3808,454,3.226047
3808,2413,3.1820416
3808,3729,3.153347
3808,2001,3.1154513
3808,2746,3.1070416
3808,1334,3.0924828
3808,2734,3.0457377
3808,3529,3.045222
3808,3103,3.0436738
3808,3544,3.0374107
3808,3841,3.0359044
3808,2527,3.0307038
3808,1327,2.9848843
3808,2530,2.9414115
3808,2266,2.9238956
3808,1191,2.8922625
3808,3698,2.8899133
3808,2617,2.8840725
3808,2942,2.8546345
3808,1130,2.8535032
3808,2367,2.8423188
3808,1918,2.8289216
3808,3120,2.8227782
3808,2297,2.7969854
3808,2241,2.787711
3808,3660,2.71733
3808,2377,2.7019958
3808,4,2.7013235
3808,420,2.6593997
3808,485,2.6545875
3808,804,2.641362
3808,414,2.6181152
3808,544,2.5818875
3808,2026,2.5654185
3808,360,2.5537932
3808,1499,2.510373
3808,498,2.488127
3808,2389,2.4863396
3808,725,2.4574993
3808,255,2.3806148
3808,2315,2.2347503
3808,1746,1.9740485
3808,829,1.9212972
3808,1979,1.8981036
3808,2164,1.8936088
3808,1445,1.8904536
3808,2412,1.7231457
3808,2386,1.6332216
3808,3434,1.5463697
3808,2816,1.5235331
3808,3572,1.3532323
3808,2515,1.3302525
3808,1996,1.3022494
3808,2516,1.2999624
3599,1610,3.9296117
3599,1827,3.8757987
3599,474,3.7168686
3599,2273,3.6916838
3599,2012,3.649346
3599,2393,3.6469536
3599,1608,3.6187558
3599,736,3.5457196
3599,671,3.4639382
3599,1653,3.3909166
3599,288,3.324735
3599,76,3.2626848
3599,544,3.2129204
3599,1377,3.129856
3599,2701,3.0702808
3599,291,2.9372482
3599,160,2.932805
2540,527,4.9221096
2540,2762,4.8081503
2540,1265,4.568213
2540,3105,4.48123
2540,838,4.4022408
2540,16,4.310442
2540,235,4.2361574
2540,2916,4.172244
2540,2321,4.151597
2540,163,4.151511
2540,3723,4.138759
2540,1370,4.135444
2540,2025,4.133601
2540,3893,4.0670958
2540,869,3.9252687
2540,650,3.9231682
2540,1093,3.9135208
2540,3926,3.874189
2540,788,3.85292
2540,367,3.8492815
2540,1586,3.8233085
2540,707,3.643968
2540,1353,3.576262
2540,273,3.5635886
2540,1049,3.5218153
2540,429,3.4343734
2540,2082,3.3042636
2540,434,3.2795
2592,1262,4.2472105
2592,318,4.146753
2592,3006,4.0378723
2592,1247,4.027249
2592,2918,4.02246
2592,1939,4.0182166
2592,1294,4.016588
2592,1252,4.015204
2592,457,3.9884574
2592,1251,3.9481816
2592,3634,3.9480188
2592,3735,3.9308372
2592,3504,3.9019027
2592,3359,3.8890853
2592,1960,3.8292537
2592,3363,3.798295
2592,3508,3.7964854
2592,3545,3.7861204
2592,161,3.738645
2592,1964,3.7288885
2592,1161,3.699022
2592,3111,3.6786711
2592,380,3.6695194
2592,733,3.6590695
2592,165,3.6412935
2592,3529,3.5983443
2592,10,3.5939643
2592,934,3.5931067
2592,1012,3.5850897
2592,2096,3.5829945
2592,11,3.572743
2592,3101,3.568838
2592,2664,3.5264902
2592,21,3.5248086
2592,2875,3.472526
2592,3005,3.4516823
2592,3753,3.4449756
2592,2871,3.442347
2592,1645,3.415011
2592,1620,3.3927803
2592,2803,3.283228
2592,786,3.269572
2592,2179,3.1928487
2592,1892,3.1851118
2592,2688,3.170072
2592,1589,3.0542269
2592,1422,2.989818
2592,3755,2.9820852
2592,1744,2.9526477
2592,105,2.9035492
2592,237,2.877882
594,1136,4.971366
594,898,4.95795
594,1247,4.9435215
594,945,4.846868
594,1304,4.84249
594,3096,4.718074
594,2248,4.711622
594,907,4.6307273
594,2243,4.4006104
594,2424,4.3208923
594,3512,4.195702
594,377,4.123403
4247,1196,4.0455427
4247,1580,3.5321536
4247,1205,3.4862459
4247,2034,2.8119617
4247,2515,1.6142585
5679,2762,4.8806705
5679,1304,4.8567467
5679,733,4.744172
5679,1214,4.7229114
5679,969,4.6413336
5679,1261,4.5927134
5679,2000,4.552557
5679,3366,4.5211515
5679,2640,4.4617147
5679,368,4.316682
5679,112,4.3017225
5679,3418,4.2986326
5679,353,4.28215
5679,10,4.2416778
5679,2476,4.2332444
5679,2457,4.196541
5679,253,4.1845207
5679,1586,4.1749897
5679,2023,4.145013
5679,2334,4.03942
5679,748,3.9898148
5679,2427,3.845703
5679,288,3.8220375
2526,318,4.6300855
2526,1193,4.60325
2526,969,4.4037027
2526,1284,4.344323
2526,951,4.2771163
2526,1963,4.2585483
2526,3811,4.2032022
2526,1253,4.1982384
2526,1281,4.1724
2526,589,4.146136
2526,3362,4.1306763
2526,3421,4.127635
2526,3088,4.1019187
2526,2204,4.0369153
2526,3702,3.9792573
2526,3366,3.9712029
2526,1028,3.9656448
2526,1069,3.9611864
2526,2080,3.9500165
2526,3135,3.929008
2526,2130,3.887234
2526,3682,3.870053
2526,929,3.82179
2526,2117,3.8089755
2526,1183,3.787067
2526,671,3.7731898
2526,2366,3.7482486
2526,2311,3.6851454
2526,1544,3.6155033
2526,2899,3.6024804
2526,3927,3.5322356
2526,957,3.4574745
2526,1371,3.387278
2526,3354,3.2357123
2526,2034,3.1557295
3509,318,4.1833353
3509,2028,3.9184875
3509,1617,3.8590841
3509,589,3.6310012
3509,2716,3.5260477
3509,1275,3.4210207
3509,785,3.3547945
3509,3081,3.2776926
3509,1356,3.2459044
3509,3186,3.223635
3509,2174,3.2048068
3509,3398,3.182151
3509,2085,3.1709557
3509,2628,3.165823
3509,1645,3.1551788
3509,586,3.0794115
3509,3698,2.9720473
3509,500,2.9599204
3509,1027,2.9364703
3509,2541,2.8166807
3509,3300,2.788004
3509,2717,2.7219267
3509,442,2.710346
3509,370,2.7063477
3509,1876,2.6934524
3509,1064,2.6264539
3509,2093,2.5649338
3509,2505,2.5190089
3509,435,2.3129656
3509,1037,2.2202528
3509,2004,2.2037745
3509,3438,2.187483
3509,1590,2.0936372
3509,19,1.9596579
3509,415,1.9507542
3509,208,1.796087
3509,455,1.7810919
3509,169,1.4196122
3509,2799,1.2038988
4177,527,4.9874105
4177,1234,4.722297
4177,924,4.5024037
4177,1240,4.502326
4177,1222,4.442857
4177,2948,4.346925
4177,2194,4.337288
4177,3386,4.242285
4177,1350,4.230122
4177,2193,4.040698
4177,2455,3.9941163
4177,3082,3.9418051
4177,2097,3.9058228
4177,1969,2.55168
5304,527,4.3331704
5304,296,4.1130514
5304,3408,3.6336875
5304,3952,3.4606209
5304,3753,3.2903373
1589,1240,4.168655
1589,3911,4.151595
1589,2948,4.0237384
1589,1210,4.013647
1589,2662,3.964838
1589,1748,3.8865955
1589,3576,3.7737107
1589,524,3.7094328
1589,2470,3.4625528
1589,3354,2.3319855
2974,1193,4.7595143
2974,593,4.729835
2974,1358,4.6989737
2974,1036,4.6954703
2974,1246,4.6042767
2974,1089,4.588746
2974,3578,4.5784683
2974,2791,4.486891
2974,2908,4.3598423
2974,2690,4.300305
2974,1682,4.260745
2974,1500,4.198151
2974,3250,4.019589
2974,2976,3.8791232
2974,2722,3.4385974
4887,908,4.261386
4887,1278,3.9875486
4887,1291,3.9770253
4887,1240,3.956934
4887,529,3.848622
4887,1185,3.8448503
4887,1834,3.7876759
4887,1394,3.7815957
4887,508,3.7384272
4887,1266,3.7328086
4887,161,3.6965704
4887,1466,3.6095119
4887,3526,3.5786388
4887,2987,3.5596347
4887,3108,3.5254354
4887,377,3.4765658
4887,2628,3.4754112
4887,441,3.4688869
4887,2005,3.4638567
4887,2083,3.4406784
4887,1057,3.4364455
4887,1729,3.4282892
4887,647,3.4205213
4887,2161,3.418509
4887,2278,3.40828
4887,3770,3.3753994
4887,2985,3.3718243
4887,2490,3.3452485
4887,2439,3.3385787
4887,1088,3.2433243
4887,514,3.230655
4887,2112,3.2106566
4887,2407,3.1877272
4887,543,3.1688461
4887,2551,3.158472
4887,3712,3.155158
4887,2280,3.1464522
4887,3744,3.1409726
4887,3272,3.0597734
4887,1339,3.0475264
4887,1892,2.9629402
4887,468,2.7999263
4887,3249,2.7827873
4887,2794,2.7322245
4887,1091,2.551586
4887,2668,2.5308785
4887,2421,2.5094724
4887,2408,2.321323
4417,1291,4.338837
4417,1954,4.196461
4417,1625,4.1004925
4417,3793,3.9426558
4417,3476,3.7900145
4417,2916,3.7249022
4417,2105,3.539974
4417,2683,3.4292338
4417,1552,2.9968593
4417,464,2.4783587
4852,904,4.4489493
4852,1207,4.3823166
4852,1219,4.215845
4852,1199,4.1007977
4852,1214,4.0446405
4852,36,4.031747
4852,940,3.8865263
4852,1968,3.8233266
4852,2921,3.760779
4852,3451,3.7453787
4852,1085,3.5224924
4852,3598,3.4484868
4852,2099,3.3122592
4852,266,3.1121137
4181,440,4.037876
4181,1784,3.9771452
4181,171,3.7643425
4181,2155,3.5595837
4181,2770,3.4468863
4181,2718,3.438673
4181,2889,3.3950124
4181,2012,3.248998
3910,3429,4.529314
3910,1136,4.5087457
3910,2396,4.3710327
3910,2997,4.2664075
3910,3508,4.2301354
3910,589,4.088382
3910,2947,4.073491
3910,1747,3.7637262
3910,3466,3.7172012
3910,1721,3.582264
3910,3643,3.5371962
3910,2353,3.4182942
3910,3479,3.3469014
3910,2143,3.1136684
3910,303,2.5703363
3910,1544,2.2261415
3910,1373,1.4028894
4867,1225,4.5211067
4867,1131,4.4033093
4867,912,4.369549
4867,3683,4.324218
4867,1258,4.3035507
4867,1394,4.2364693
4867,2289,4.2010975
4867,1302,4.1936307
4867,3421,4.1827564
4867,2302,4.1466136
4867,2948,4.1463866
4867,2599,4.1129456
4867,1073,4.1078835
4867,2071,4.097351
4867,3168,4.089261
4867,32,4.066585
4867,1407,4.060791
4867,3044,4.0574074
4867,3526,4.017147
4867,2502,4.0057764
4867,249,4.0017633
4867,1673,3.9958677
4867,1580,3.934461
4867,2109,3.92397
4867,1347,3.9206219
4867,1810,3.8638794
4867,2371,3.856535
4867,1653,3.855986
4867,471,3.8449411
4867,367,3.816073
4867,348,3.8147044
4867,1025,3.807818
4867,3422,3.7470376
4867,1554,3.7446234
4867,3398,3.701932
4867,45,3.6923862
4867,2015,3.6897435
4867,3684,3.676128
4867,3698,3.6047018
4867,1747,3.595351
4867,1367,3.5372295
4867,344,3.5286446
4867,2792,3.4791954
4867,3016,3.452507
4867,2105,3.3849401
4867,2900,3.2676153
4867,1064,3.2393613
4867,158,3.1767745
4867,92,3.138792
4867,196,3.1206973
4867,2038,2.8256369
4867,1126,2.6754665
4867,2568,2.206957
1613,1224,4.739624
1613,1252,4.686738
1613,1213,4.67724
1613,1953,4.5416937
1613,1449,4.5234656
1613,1230,4.5147986
1613,1291,4.4885426
1613,1394,4.4622736
1613,1228,4.459283
1613,456,4.3944263
1613,1784,4.3675537
1613,2951,4.3310785
1613,176,4.320379
1613,3421,4.320292
1613,2739,4.307067
1613,1635,4.259846
1613,3100,4.13932
1613,1408,4.1310644
1613,223,4.119559
1613,2949,4.0539846
1613,440,4.024641
1613,25,4.005389
1613,151,4.00406
1613,21,3.930026
1613,1407,3.9037285
1613,588,3.8988798
1613,507,3.8899357
1613,1672,3.8830383
1613,3893,3.878715
1613,3639,3.8768806
1613,2779,3.8621051
1613,1747,3.8501382
1613,539,3.8129368
1613,2423,3.8121438
1613,175,3.7715478
1613,1580,3.7452557
1613,1527,3.7246232
1613,1393,3.7230654
1613,2640,3.6109486
1613,2161,3.5877743
1613,1799,3.5468946
1613,1061,3.4994712
1613,1020,3.440506
1613,3450,3.420669
1613,2314,3.3850288
1613,2718,3.3847005
1613,3798,3.3772795
1613,3016,3.285541
1613,2297,3.2087357
1613,3638,3.1928732
1613,2060,3.1749563
1613,1654,3.1665125
1613,3120,3.1397538
1613,1627,3.074681
1613,24,3.0634668
1613,2717,3.0605898
1613,3752,3.0462117
1613,520,3.036379
1613,3141,3.0093277
1613,1620,3.0087647
1613,273,2.9599748
1613,2410,2.924276
1613,2735,2.914419
1613,1379,2.892293
1613,2860,2.8406944
1613,1665,2.8154702
1613,1440,2.760738
1613,204,2.7261631
1613,2123,2.7238638
1613,3395,2.7084906
1613,1373,2.676004
1613,413,2.632413
1613,3688,2.5647483
1613,1385,2.540931
1613,1769,2.5025334
1613,1604,2.4776962
1613,1644,2.4767022
1613,1005,2.2319598
1613,1702,1.7826204
1613,880,1.6846684
1613,2701,1.629487
2254,1197,4.559621
2254,1242,4.4875555
2254,1210,4.2396927
2254,2872,4.125926
2254,2941,4.0851307
2254,2288,4.050581
2254,2278,3.804477
2254,3300,3.6633632
2254,3445,3.4938488
2787,2762,4.4547877
2787,1358,4.360358
2787,2692,4.353429
2787,1266,4.2598305
2787,1961,4.253689
2787,293,4.2506046
2787,1957,4.0631747
2787,3160,4.050542
2787,3510,4.007536
2787,2355,3.946103
2787,3703,3.8898761
2787,2144,3.874584
2787,3005,3.288445
5526,919,4.210889
5526,1950,4.088025
5526,2917,3.9969184
5526,1960,3.9543653
5526,2336,3.905583
5526,1955,3.7984
5526,3019,3.7926965
5526,1150,3.787733
5526,448,3.7155004
5526,1500,3.7067986
5526,235,3.5816562
5526,3529,3.3275707
5526,3753,3.2438781
5526,3701,3.0863369
5526,3707,2.9653635
5526,2413,2.8787382
5526,3262,2.6477695
5526,2338,1.5021913
3724,1207,4.416361
3724,1136,4.239073
3724,593,4.2297077
3724,2762,4.2199187
3724,3196,4.1806145
3724,2858,4.16096
3724,926,4.105295
3724,1200,4.0695434
3724,2804,4.067898
3724,1266,4.0415163
3724,920,4.0117807
3724,2336,4.0036106
3724,1097,3.9537458
3724,1086,3.9523458
3724,1230,3.9166627
3724,1301,3.908418
3724,588,3.867395
3724,1261,3.829276
3724,1288,3.7976317
3724,3175,3.7869701
3724,2081,3.7738097
3724,1394,3.7677217
3724,1171,3.7596023
3724,3526,3.758634
3724,1408,3.7386372
3724,1407,3.7331018
3724,515,3.7144456
3724,2355,3.7067132
3724,2295,3.7038403
3724,2946,3.69502
3724,1958,3.672335
3724,3868,3.6615043
3724,25,3.6550956
3724,1124,3.6506314
3724,2423,3.6305933
3724,2529,3.6250513
3724,3450,3.5886235
3724,1356,3.5710855
3724,1376,3.5566456
3724,1179,3.5501208
3724,2184,3.5347695
3724,3398,3.5336242
3724,2005,3.5309114
3724,2134,3.520863
3724,2015,3.4235253
3724,342,3.4203649
3724,3712,3.342842
3724,468,3.3113875
3724,2735,3.2985737
3724,344,3.293666
3724,3263,3.2919853
3724,616,3.2913938
3724,3740,3.2809086
3724,1007,3.2403574
3724,371,3.2326078
3724,2527,3.205389
3724,1747,3.1773496
3724,2374,3.1344886
3724,2369,3.0980783
3724,2717,3.073898
3724,2054,3.0430398
3724,2752,3.036572
3724,3497,2.9928555
3724,719,2.9801846
3724,275,2.8198245
3724,435,2.7176552
3724,2027,2.610984
3724,2050,2.554558
3724,2471,2.4470825
3773,2571,4.1698775
3773,1193,4.096081
3773,2797,3.8879719
3773,1235,3.8579717
3773,2819,3.8558047
3773,246,3.8549032
3773,1084,3.7849045
3773,1674,3.7117333
3773,1610,3.6967742
3773,538,3.682755
3773,2857,3.6744013
3773,539,3.6352482
3773,2301,3.6073918
3773,2858,3.6013064
3773,1396,3.538074
3773,1485,3.5343428
3773,2080,3.5320363
3773,2174,3.488923
3773,1265,3.4872243
3773,2454,3.4759083
3773,2141,3.4190977
3773,3033,3.4071112
3773,1573,3.4053626
3773,1042,3.3984778
3773,3070,3.3961968
3773,367,3.3899183
3773,3525,3.387299
3773,3206,3.3081217
3773,3497,3.23876
3773,2409,3.2068796
3773,2416,3.1912787
3773,1371,3.1174688
3773,317,3.1076486
3773,2524,3.0325751
3773,2389,2.9957821
3773,2953,2.9267726
3773,169,2.5234199
3773,1126,2.484636
3773,546,2.310948
1095,920,4.211375
1095,265,4.0417624
1095,1183,3.8151727
1095,151,3.7537506
5735,919,4.3783073
5735,2695,0.9245639
1948,1197,4.3788357
1948,1291,4.3680034
1948,2791,4.1067734
1948,1500,4.093035
1948,3932,3.89751
1948,661,3.7077765
1948,3566,3.5886393
1948,3301,3.543752
1948,3555,3.5236444
1948,2640,3.4234421
1948,1722,3.3581555
1948,1597,3.192938
1948,2699,2.752598
1948,653,2.5540173
1948,1918,2.5011678
1948,208,2.2207458
1948,366,2.0210752
1948,3316,1.7285122
1948,1562,1.2424297
4682,296,4.332235
4682,3429,4.271141
4682,1089,4.268632
4682,1196,4.2655826
4682,903,4.2195683
4682,2571,4.1820607
4682,913,4.155161
4682,954,4.135294
4682,2064,4.1053505
4682,2692,4.0759397
4682,2020,4.0521164
4682,2010,4.0422115
4682,1097,4.0230784
4682,41,4.0180764
4682,2137,4.0023775
4682,1411,3.9980183
4682,920,3.9740365
4682,2949,3.9733512
4682,3551,3.9502702
4682,1734,3.9363296
4682,1028,3.9155555
4682,2872,3.884055
4682,34,3.8807902
4682,1653,3.843793
4682,1955,3.8388677
4682,1162,3.8167284
4682,1376,3.8107688
4682,595,3.8101635
4682,1356,3.8090706
4682,2912,3.7724438
4682,3302,3.765338
4682,1639,3.762836
4682,279,3.7466383
4682,1747,3.744451
4682,2922,3.739812
4682,2100,3.737055
4682,1047,3.7358084
4682,2948,3.7344363
4682,1171,3.73007
4682,1845,3.7205157
4682,1094,3.7125106
4682,1447,3.6784072
4682,2278,3.666169
4682,2437,3.658109
4682,3635,3.6180513
4682,222,3.6176221
4682,3608,3.616363
4682,2439,3.6020942
4682,224,3.5914402
4682,1573,3.5807078
4682,3045,3.5787838
4682,1031,3.5767136
4682,2528,3.5681405
4682,3623,3.5571046
4682,1542,3.5500345
4682,3099,3.536608
4682,1527,3.534812
4682,417,3.5262072
4682,3763,3.4861193
4682,2111,3.466435
4682,353,3.4164746
4682,1899,3.3978014
4682,605,3.3904138
4682,2507,3.359312
4682,2672,3.306144
4682,1093,3.3046875
4682,3262,3.2763808
4682,2006,3.2328267
4682,3251,3.23143
4682,2977,3.2305884
4682,3699,3.2209911
4682,3146,3.124103
4682,1918,3.111848
4682,3293,3.042749
4682,2806,2.988284
4682,2260,2.932322
4682,3156,2.8629608
4682,1726,2.7588367
4682,1590,2.7111144
4682,3053,2.6736984
4682,1779,2.603582
4682,3048,2.5272815
4682,3043,1.9439429
3678,2571,4.387603
3678,3578,4.2610455
3678,2968,3.8831594
3678,1653,3.7513766
3678,2985,3.67001
3678,2628,3.5624247
3678,1375,3.415044
3678,3701,3.247234
3678,780,3.1838465
3678,3755,3.0093281
3678,3623,2.9708638
5811,912,3.9908626
5811,1242,3.9794104
5811,1235,3.8736384
5811,150,3.842832
5811,778,3.6931605
5811,2599,3.682073
5811,529,3.6816106
5811,2721,3.644885
5811,356,3.6232586
5811,2716,3.582248
5811,1345,3.5680306
5811,2423,3.4914854
5811,2005,3.4633064
5811,3176,3.4372292
5811,2048,3.4343395
5811,1836,3.4085631
5811,1416,3.398607
5811,339,3.3844123
5811,1573,3.363049
5811,2003,3.3559635
5811,2572,3.347383
5811,1821,3.334608
5811,2124,3.3015742
5811,1717,3.255237
5811,2447,3.0756872
5811,585,2.9777212
5811,1513,2.9770994
5811,2723,2.9635148
5811,2450,2.367873
5811,1996,2.0027776
333,1193,4.024391
333,1148,4.0135903
333,899,3.8640199
333,905,3.730276
333,1287,3.6906505
333,3897,3.666691
333,1080,3.6220818
333,3363,3.601244
333,1226,3.548605
333,1968,3.4749308
333,3098,3.3401902
333,2946,3.2041306
333,3604,3.1414144
333,595,3.1104054
333,3873,3.0904727
333,3011,3.0350714
333,2857,2.9872258
333,2361,2.8794978
333,2083,2.678846
333,2088,1.9395914
5970,1270,4.144909
5970,1077,4.137556
5970,3471,4.051845
5970,2640,3.7626386
5970,2628,3.6692977
1476,260,4.3979034
1476,2028,4.147748
1476,1218,4.0703897
1476,58,3.9230926
1476,1641,3.757645
1476,2355,3.738733
1476,2139,3.6948297
1476,2081,3.6648397
1476,2078,3.6412096
533,260,4.4957848
533,296,4.378482
533,1256,4.3123593
533,111,4.283793
533,1196,4.230568
533,1089,4.182788
533,1,4.105615
533,1333,4.0249586
533,508,4.0017242
533,3499,3.927925
533,1275,3.9247332
533,223,3.9013505
533,1095,3.8983114
533,3098,3.877851
533,1663,3.8481262
533,440,3.803875
533,3448,3.78399
533,2000,3.7698207
533,1912,3.7680233
533,1982,3.6974418
533,2993,3.6796114
533,1186,3.6717694
533,1345,3.6557956
533,574,3.6308599
533,861,3.591116
533,349,3.588191
533,163,3.4330876
533,3040,3.1742296
533,70,3.1715903
533,2262,3.1514144
533,3745,3.144775
533,3740,3.1443915
533,2826,3.1281471
533,1020,3.0435798
533,1375,3.0381134
533,1429,3.0241814
533,2605,2.9970236
533,3263,2.9472842
533,1816,2.9092233
533,2717,2.837472
533,2094,2.8074324
533,2792,2.7927318
533,2416,2.7670083
533,1899,2.6631992
533,786,2.6476898
533,2617,2.6099372
533,2789,2.5805976
533,3623,2.4987814
533,303,2.4945521
533,673,2.3915796
533,798,2.1930459
533,2986,1.8844696
5463,3134,4.2393465
5463,1208,4.157516
5463,1256,4.136834
5463,1260,4.1188645
5463,1219,4.0946903
5463,293,4.071863
5463,3091,4.0705934
5463,3683,4.0664597
5463,1242,4.0529957
5463,1200,4.024804
5463,2927,3.9879234
5463,1235,3.9783645
5463,2300,3.9759922
5463,1132,3.9753218
5463,1199,3.9498942
5463,1300,3.9456124
5463,2612,3.9026
5463,1245,3.8952165
5463,2664,3.8706932
5463,2303,3.8658366
5463,2948,3.8268168
5463,1289,3.8013663
5463,247,3.7846417
5463,3467,3.7696385
5463,3328,3.736378
5463,1936,3.6164608
5463,272,3.5157619
5463,3452,3.2301192
5463,3491,3.168265
5463,2525,2.9000683
2055,1198,4.5813966
2055,1262,4.5488205
2055,2028,4.5041785
2055,457,4.486173
2055,1233,4.4364414
2055,919,4.4057474
2055,3062,4.3812027
2055,1253,4.3588963
2055,3683,4.273596
2055,3421,4.2060575
2055,3499,4.028517
2055,349,3.9571915
2055,3244,3.903392
2055,2455,3.873494
2055,1183,3.8287787
2055,3535,3.5508192
1501,318,4.589875
1501,953,4.478417
1501,3469,4.448388
1501,2329,4.425969
1501,1197,4.278009
1501,3508,4.2398586
1501,1270,4.23582
1501,1960,4.1714096
1501,2080,4.100869
1501,2872,4.0933313
1501,440,4.0862255
1501,2018,4.064489
1501,1215,4.0416074
1501,2687,4.004513
1501,2295,3.9786947
1501,368,3.9610658
1501,1396,3.9491482
1501,2763,3.911832
1501,1689,3.8766506
1501,543,3.861992
1501,514,3.8225093
1501,450,3.818531
1501,3264,3.804827
1501,586,3.7995243
1501,3263,3.7911859
1501,3555,3.7896187
1501,2478,3.7856565
1501,2014,3.7835143
1501,3618,3.760871
1501,236,3.7566032
1501,2105,3.7442153
1501,1597,3.7128968
1501,3254,3.674183
1501,786,3.6711679
1501,1167,3.6695955
1501,2263,3.6641226
1501,2059,3.654411
1501,1009,3.6531878
1501,1888,3.6319356
1501,2822,3.6303966
1501,3893,3.619515
1501,1713,3.6189356
1501,3591,3.5790849
1501,3672,3.5440433
1501,2469,3.504486
1501,2016,3.4753876
1501,3387,3.4701564
1501,1064,3.4523776
1501,435,3.4058564
1501,1391,3.3850307
1501,1831,3.3677845
1501,135,3.3547523
1501,2498,3.2189627
1501,2805,3.1311789
1501,1359,3.1014276
1501,1602,2.9238656
1501,1445,2.8622456
1501,2265,2.8408399
1501,1681,2.7764258
1501,3564,2.419883
5664,1148,4.979997
5664,296,4.8668838
5664,1278,4.8297997
5664,2804,4.8000994
5664,356,4.575691
5664,1240,4.570976
5664,1274,4.484292
5664,1982,4.477293
5664,1912,4.3819613
5664,1580,4.342594
5664,3253,4.325539
5664,2502,4.289286
5664,141,4.2736855
5664,1356,4.265873
5664,1805,4.2455025
5664,2393,4.2275286
5664,3476,4.1566534
5664,367,4.12329
5664,368,4.0143013
5664,1701,3.9970288
5664,1513,3.8385043
5664,2485,3.4686167
5664,1009,3.3900728
5664,3273,2.9782434
5664,1562,2.1999886
886,3783,3.625579
886,3328,3.5213876
886,3598,3.427743
886,3787,3.42069
886,3536,3.3669722
1630,492,3.3541782
1630,3476,3.1337054
1630,780,2.8859959
1630,2916,2.8368351
1630,350,2.6913395
1630,451,2.5482311
1630,1689,2.3038843
1630,332,1.612004
1630,1591,1.5636168
1630,173,1.3239512
506,2692,4.03918
506,3578,3.9949327
506,3408,3.7404761
506,2716,3.7095685
506,2707,3.5358834
506,3081,3.5178096
506,2694,3.3359582
506,2581,3.1580167
506,1513,3.0353072
506,2701,2.5177655
506,2995,2.5032413
4303,1197,4.346287
4303,1104,4.330748
4303,110,4.193663
4303,3095,4.163989
4303,1,4.13762
4303,3421,4.1217074
4303,1294,4.1175056
4303,2501,4.036515
4303,2194,4.0296335
4303,3281,4.0005894
4303,1411,3.9952486
4303,1946,3.973447
4303,32,3.954829
4303,6,3.8948102
4303,1957,3.8732367
4303,509,3.8055763
4303,1295,3.756997
4303,471,3.7451856
4303,1183,3.7158709
4303,2118,3.7023792
4303,2000,3.688983
4303,3111,3.6697302
4303,1321,3.630731
4303,1085,3.6135795
4303,3081,3.5200648
4303,2764,3.425225
4303,3261,3.4051752
4303,2763,3.4048653
4303,2003,3.2295134
4303,1370,3.1193216
4303,3755,2.968492
4303,145,2.9160397
4303,3732,2.7538083
4303,2447,2.7391293
4303,2533,2.692882
4303,1573,2.6594071
4303,3264,2.5231857
4303,1717,2.2380521
4303,1983,2.0740895
4213,1204,4.845471
4213,1221,4.570284
4213,593,4.5401373
4213,3671,4.499704
4213,1674,4.4817657
4213,1240,4.4664516
4213,1249,4.460059
4213,1287,4.4283133
4213,1028,4.4216967
4213,1220,4.397786
4213,2872,4.34752
4213,1127,4.3165007
4213,2763,4.2909365
4213,3505,4.2600956
4213,3230,4.2444763
4213,3487,4.2371383
4213,3253,4.2123146
4213,296,4.208044
4213,3175,4.162133
4213,2002,4.1527505
4213,3005,4.083619
4213,1587,4.0817966
4213,2100,4.069641
4213,3633,4.0692363
4213,1372,4.0604534
4213,648,4.05656
4213,225,4.0456867
4213,2951,4.0199842
4213,3367,4.003383
4213,999,3.9626951
4213,543,3.896606
4213,3316,3.8716974
4213,1371,3.8592606
4213,1395,3.8506808
4213,2021,3.8227873
4213,1373,3.7527401
4213,694,3.7122245
4213,2699,3.6289682
4213,762,3.414101
1047,589,4.254074
1047,1270,4.2002807
1047,1527,4.11771
1047,1917,3.9689016
1047,3555,3.86158
1047,2021,3.7411857
1047,2297,3.7201545
1047,3785,3.63329
1047,3826,3.291282
5466,1224,4.6500425
5466,1233,4.5991364
5466,1223,4.578136
5466,1213,4.568171
5466,1278,4.559019
5466,1197,4.4888883
5466,2132,4.485358
5466,1196,4.4278727
5466,608,4.3889728
5466,1041,4.3788524
5466,1214,4.32924
5466,1245,4.3165083
5466,3504,4.299058
5466,2289,4.257558
5466,2336,4.234402
5466,1411,4.178625
5466,590,4.17137
5466,1682,4.1528826
5466,1641,4.1478186
5466,1188,4.0842714
5466,1356,4.006459
5466,2108,3.9815006
5466,2580,3.9511003
5466,2657,3.7238424
5466,2787,3.386732
2882,480,3.7029552
2882,2268,3.6766691
2882,3148,3.6437347
2882,1682,3.640083
2882,3897,3.6320124
2882,1923,3.479878
2882,2058,3.4298553
2882,2470,3.421886
2882,2541,3.4144897
2882,3301,3.3157623
2882,2546,3.1599112
2882,2395,3.048043
2882,833,2.9840517
3506,527,4.8580217
3506,1197,4.723138
3506,1196,4.6091523
3506,1090,4.484169
3506,529,4.3914623
3506,1265,4.3008156
3506,6,4.205762
3506,1639,4.114374
3506,514,4.0130095
3506,2567,3.4761758
3506,3146,2.5282845
637,858,4.5171566
637,1208,4.5148253
637,1258,4.3111315
637,541,4.308704
637,1097,4.250225
637,1246,4.24166
637,110,4.189854
637,1956,4.18855
637,2070,4.1637816
637,1231,4.151209
637,1259,4.131356
637,3198,4.1277866
637,2018,4.104421
637,1265,4.0234976
637,2644,4.0152617
637,3068,4.014105
637,2139,3.958165
637,2948,3.9356241
637,3260,3.916467
637,2662,3.9090505
637,1994,3.885678
637,3066,3.883283
637,2081,3.8575494
637,1587,3.806511
637,1188,3.7324274
637,2291,3.7145169
637,1012,3.6971889
637,3249,3.6613925
637,1017,3.6504683
637,587,3.5205884
637,377,3.491283
637,2699,3.4195921
637,3686,3.4024675
637,3157,3.342733
637,410,3.2931285
637,2533,3.2686427
637,2524,2.9925945
637,60,2.7792914
637,2408,2.2891045
637,2701,2.1543818
1726,1233,4.184666
1726,1218,4.11755
1726,2571,4.091881
1726,1304,3.9941733
1726,1277,3.8742619
1726,3481,3.8480234
1726,3578,3.7734346
1726,940,3.7166574
1726,1954,3.691955
1726,589,3.451229
1726,1374,3.4314208
1726,2138,3.424636
1726,2000,3.4063978
1726,2529,3.3467245
1726,2366,3.184259
1726,2600,2.9460077
1726,349,2.945691
1726,2393,2.7641182
1726,1376,2.7545228
1726,2167,2.726617
1726,2613,2.6919606
1726,2005,2.6594558
1726,3197,2.5207856
1726,3029,2.5081477
1726,317,2.4602416
1726,3173,2.3716168
1726,170,2.2965045
1726,89,2.2684603
1726,3274,2.264571
1726,673,2.2187924
1726,3514,2.1550655
1726,2616,2.0329266
1726,442,1.986168
1726,3489,1.9351823
1726,459,1.9158108
1726,2002,1.8953493
1726,1690,1.8787398
1726,1388,1.8241007
1726,1100,1.7843995
1726,3113,1.7390357
1726,1590,1.6915613
1726,736,1.6206393
1726,2525,1.5978117
1726,1382,1.5115118
1726,15,1.4860733
1726,208,1.4610991
1726,836,1.3932669
1726,2253,1.3642726
1726,2549,1.3528126
1726,405,1.3176489
1726,160,1.3017117
1726,1867,1.0888963
2029,2324,4.3829126
2029,1230,4.3076153
2029,2599,4.0910025
2029,2318,4.0868373
2029,34,3.998556
2029,3358,3.738597
2029,3086,3.6660085
2029,1032,3.5323846
2029,595,3.4246619
2029,69,3.3111868
2029,3174,3.259995
2029,3760,3.0934422
2029,708,2.878654
2029,2033,2.676617
2029,3943,2.6620347
2029,2011,2.5636172
2029,3785,2.10265
2029,709,1.9404076
819,589,4.41216
819,1210,4.3619137
819,1270,4.2873135
819,6,4.2247458
819,3751,4.1639266
819,3624,3.9070907
819,480,3.8434513
819,648,3.4204059
819,1573,3.2265482
819,1876,3.156024
819,3717,2.6640928
3185,593,4.4893265
3185,457,4.387907
3185,1060,4.294176
3185,1220,4.239748
3185,223,4.098609
3185,2355,4.0654545
3185,1032,4.0234885
3185,3186,3.8459609
3185,3809,3.8269806
3185,145,3.8133616
304,1248,4.2885413
304,2066,4.117523
304,1179,3.8077161
304,1748,3.7235067
304,164,3.459293
304,2987,3.3141909
1366,1197,4.449231
1366,2186,4.405427
1366,2959,4.2995596
1366,1982,4.0381804
1366,3499,4.0336695
1366,3408,3.9756484
1366,3298,3.7634585
1366,2841,3.7373636
1366,3174,3.6844647
1366,799,3.6713579
1366,2706,3.5933814
1366,2572,3.5751424
1366,3534,3.5190213
1366,2723,3.4539227
1366,1833,2.8259783
1366,1984,2.6805115
1366,2906,2.6506805
1366,2701,1.8185804
4837,1234,4.2141333
4837,1278,4.1005673
4837,1394,4.027111
4837,3114,3.9645529
4837,2150,3.7491088
4837,3702,3.7367828
4837,1994,3.630579
4837,1297,3.5926428
4837,1918,3.5170555
4837,3703,3.4492054
4837,357,3.4057975
4837,1866,3.3791814
4837,2145,3.3505347
4837,2409,3.3485155
4837,1010,3.3346875
4837,407,3.30221
4837,1342,3.2518308
4837,1091,3.2361524
4837,2789,3.2107503
4837,2613,3.203931
4837,1970,3.1932952
4837,3764,3.1910858
4837,3174,3.1905818
4837,2787,3.1893883
4837,2656,3.1276252
4837,2717,3.0879536
4837,2428,3.0798805
4837,2055,3.025238
4837,2468,3.0163972
4837,1992,2.8653986
4837,1987,2.6929197
4837,2525,2.592338
4837,1326,2.426959
1150,1136,3.6500268
1150,2324,3.5482683
1150,1449,3.546126
1150,2571,3.5449867
1150,916,3.5158648
1150,994,3.48857
1150,3671,3.4082263
1150,36,3.4050508
1150,1953,3.383078
1150,931,3.3820195
1150,800,3.3717818
1150,3359,3.3681557
1150,3468,3.3489165
1150,3083,3.3464909
1150,6,3.3302689
1150,1288,3.320227
1150,2028,3.3032706
1150,3504,3.2630565
1150,1997,3.2479203
1150,549,3.2445097
1150,3361,3.2344108
1150,1500,3.232327
1150,3095,3.232082
1150,3471,3.2262948
1150,2289,3.2027738
1150,3551,3.1805367
1150,1292,3.1520033
1150,1923,3.145179
1150,272,3.1377342
1150,2396,3.134386
1150,314,3.1155825
1150,3100,3.0890615
1150,1270,3.0720663
1150,2919,3.0694594
1150,300,3.0687082
1150,3159,3.0611858
1150,1907,3.0595975
1150,82,3.052668
1150,3002,3.0463712
1150,1797,3.0430722
1150,3733,3.0380988
1150,3060,3.0262303
1150,3545,3.0116997
1150,551,2.9989822
1150,2160,2.992623
1150,348,2.971435
1150,2797,2.962315
1150,929,2.9475012
1150,1171,2.9327412
1150,1067,2.9280312
1150,1123,2.9171703
1150,1321,2.9156737
1150,2883,2.913722
1150,531,2.9052658
1150,1635,2.9049559
1150,3203,2.9022741
1150,1085,2.896544
1150,215,2.888624
1150,3260,2.8539195
1150,3284,2.8433664
1150,1484,2.8359191
1150,661,2.8332813
1150,1343,2.8220024
1150,1542,2.8212073
1150,588,2.8193843
1150,861,2.772908
1150,2565,2.7469711
1150,1396,2.7338543
1150,161,2.7281263
1150,3061,2.7173142
1150,963,2.6648154
1150,2025,2.5854218
1150,1119,2.5599098
1150,1794,2.558275
1150,1310,2.5573342
1150,2009,2.5511532
1150,1464,2.5437856
1150,3127,2.4850986
1150,2718,2.4791985
1150,1645,2.4774334
1150,1059,2.4712899
1150,3513,2.4398308
1150,592,2.4166355
1150,2245,2.412459
1150,2475,2.3519533
1150,3599,2.3420734
1150,708,2.3049629
1150,700,2.255092
1150,1268,2.2193294
1150,781,2.1746001
1150,452,2.1742969
1150,494,2.1349556
1150,2049,2.1327386
1150,354,2.1135354
1150,3308,2.0927448
1150,2145,2.0427098
1150,1902,2.0130115
1150,488,2.0041165
1150,1018,1.9739695
1150,2247,1.9664148
1150,1821,1.9365662
1150,4,1.9360487
1150,78,1.9317114
1150,467,1.9310217
1150,3514,1.9174595
1150,2416,1.9158468
1150,1405,1.9035188
1150,1063,1.8987117
1150,2305,1.896349
1150,2168,1.8952181
1150,18,1.8939244
1150,1552,1.8742938
1150,491,1.8662207
1150,2469,1.8235956
1150,1088,1.758472
1150,1816,1.7545958
1150,3534,1.7361789
1150,2007,1.6966974
1150,2472,1.6844687
1150,2865,1.6405287
1150,2241,1.6378245
1150,1601,1.6018751
1150,1043,1.5863795
1150,2500,1.5082953
1150,2169,1.4845984
1150,3557,1.4836257
1150,3355,1.4777675
1150,2017,1.4679167
1150,3063,1.4025165
1150,697,1.3823127
1150,3600,1.2813504
1150,3596,1.2506114
1150,984,1.2480224
1150,2786,1.2265955
1150,160,1.2183034
1150,1626,1.181646
5464,1148,4.686453
5464,1247,4.4981174
5464,953,4.47787
5464,3365,4.3637953
5464,1097,4.1741915
5464,3551,4.1564026
5464,2355,3.9911776
5464,1186,3.8368535
2059,1267,4.2651258
2059,3147,4.084204
2059,1294,4.073999
2059,1387,3.9634924
2059,950,3.9622211
2059,1270,3.8860047
2059,2728,3.8339202
2059,2872,3.6700082
2059,1678,3.6274657
2059,3068,3.5844672
2059,3479,3.570908
2059,3417,3.5027506
2059,431,3.4370303
2059,2140,3.4361777
2059,2161,3.3675473
2059,1660,3.339258
2059,2470,3.307361
2059,3628,3.1390986
2059,3643,3.0738301
2059,2370,2.9108157
2059,1371,2.7216115
2059,1030,2.5772603
2059,2377,2.1551666
2059,2642,1.6247659
5084,2571,3.7524261
5084,1060,3.2575967
5084,2671,3.2236648
5084,2115,3.1661463
5084,1073,3.159914
5084,1042,3.0983243
5084,1784,3.0790124
5084,1517,3.049347
5084,1580,2.9955683
5084,2617,2.7923713
5084,3591,2.7572157
5084,1485,2.7543883
5084,531,2.7323208
5084,2057,2.7024071
5084,3,2.5378344
5084,2128,2.5134861
5084,3257,2.4884453
5084,88,2.4745073
5084,1848,2.4559631
5084,48,2.4549062
5084,435,2.148229
5084,3243,2.0379896
5084,546,1.9996027
5084,1439,1.9687228
5084,3439,1.7067674
5084,169,1.6180269
3013,750,4.415538
3013,910,4.275433
3013,1224,4.1853204
3013,955,4.132983
3013,1230,4.056988
3013,1302,4.0117455
3013,2918,4.004593
3013,2819,3.9370878
3013,2355,3.8336153
3013,1022,3.8234286
3013,1162,3.8202777
3013,2716,3.81848
3013,2648,3.7963324
3013,440,3.793607
3013,2312,3.7876635
3013,480,3.7857792
3013,1682,3.7679167
3013,1951,3.6642287
3013,3795,3.5907617
3013,151,3.5742893
3013,1959,3.5467181
3013,1584,3.5434823
3013,3255,3.538969
3013,1485,3.5242271
3013,2874,3.5219688
3013,3108,3.5126677
3013,2021,3.491157
3013,1205,3.4568055
3013,3591,3.447288
3013,1371,3.4025748
3013,736,3.4002872
3013,1566,3.2772753
3013,3,3.2184758
3013,1334,3.157253
3013,3638,3.1558247
3013,60,3.0982137
3013,2098,3.089198
3013,3489,2.9911823
3013,3438,2.9246752
3013,2532,2.9074712
3013,2877,2.8460279
3013,378,2.8396077
3013,3130,2.468536
3013,2701,2.2899046
3013,1381,1.5712739
953,912,5.114563
953,750,5.0852375
953,1617,4.998001
953,2858,4.985095
953,2396,4.949786
953,1242,4.911456
953,1304,4.8917265
953,1036,4.877244
953,800,4.8686404
953,3077,4.8478465
953,589,4.75507
953,497,4.709873
953,480,4.6992655
953,440,4.673519
953,3747,4.639983
953,3551,4.6333613
953,3361,4.5962377
953,265,4.55836
953,25,4.5173855
953,1748,4.432765
953,3327,4.401834
953,2987,4.3471065
953,368,4.312307
1976,3578,4.3931546
1976,3114,4.35235
1976,110,4.3464174
1976,3105,4.046663
1976,2395,3.9960778
1976,1179,3.9005885
1976,3255,3.8389254
1976,1463,3.3830075
1976,3898,3.3481958
1976,1849,3.0589905
1976,3826,2.5533266
834,2100,3.8644183
834,2291,3.806324
5460,2019,5.041772
5460,1252,4.8353987
5460,1198,4.795169
5460,296,4.7066627
5460,1213,4.683502
5460,293,4.4829564
5460,1060,4.4049892
5460,3481,4.3524885
5460,1411,4.3470564
5460,2395,4.2358418
5460,1912,4.1870985
5460,2355,4.1587486
5460,1500,4.1152987
5460,1639,4.096993
5460,3476,4.0203123
877,1617,4.2546997
877,1233,4.1741905
877,1235,4.153816
877,47,4.1199694
877,1294,4.045741
877,1411,3.9993834
877,3671,3.9777858
877,1240,3.9354186
877,595,3.921491
877,2797,3.9149895
877,373,3.9007936
877,1374,3.8898077
877,2000,3.8528426
877,3210,3.8476958
877,1912,3.8178718
877,1407,3.8143234
877,1275,3.7882924
877,1179,3.7672312
877,3868,3.765089
877,1721,3.7461116
877,509,3.7124798
877,1092,3.6830258
877,141,3.6699984
877,3081,3.594879
877,1485,3.5821638
877,3087,3.582108
877,514,3.5799224
877,163,3.5559032
877,802,3.5422492
877,353,3.501535
877,1965,3.498662
877,266,3.475266
877,2167,3.4242468
877,2528,3.416572
877,1722,3.4104326
877,1688,3.3990607
877,3755,3.3858776
877,1573,3.3848877
877,3107,3.379374
877,3450,3.323172
877,344,3.229316
877,216,3.2210662
877,1371,3.220428
877,225,3.1882803
877,2699,3.18426
877,2297,3.132307
877,3208,3.009265
877,1717,2.9585128
877,2794,2.9146283
877,3785,2.9136624
877,2126,2.901671
877,3053,2.9015229
877,585,2.8912477
877,466,2.8635337
877,3438,2.8024218
877,2421,2.6794753
877,3841,2.5137894
877,1690,2.4309814
877,1831,2.371366
877,2558,2.3551524
877,3826,2.3431022
877,1590,2.260809
877,1752,2.235962
877,1644,2.0322633
877,1427,1.9865661
3833,912,4.3801184
3833,1197,4.306056
3833,1284,4.2536774
3833,926,4.166559
3833,1199,4.0776186
3833,3671,4.029281
3833,1249,3.9848928
3833,778,3.8994615
3833,150,3.877431
3833,595,3.8335786
3833,440,3.8003144
3833,597,3.7761135
3833,3071,3.7695403
3833,3159,3.7654805
3833,2890,3.7620301
3833,1500,3.7495267
3833,1302,3.7473378
3833,2301,3.7471623
3833,588,3.7273657
3833,1610,3.6923895
3833,3844,3.6806803
3833,2282,3.6497483
3833,2000,3.6479845
3833,1747,3.6401715
3833,2085,3.6199803
3833,1909,3.582027
3833,18,3.568717
3833,2640,3.563096
3833,2297,3.5527437
3833,1884,3.5517492
3833,1883,3.5509934
3833,1032,3.4947245
3833,2709,3.4685493
3833,3263,3.4103212
3833,2990,3.3726344
3833,2625,3.2877655
3833,1717,3.1745772
3833,2153,1.9321617
1069,3949,3.9498992
1069,58,3.8109748
1069,608,3.7838016
1069,17,3.7138505
1069,475,3.5696769
1069,2333,3.5592887
1069,34,3.3853376
1069,3175,3.3768716
1069,1051,3.1734648
1069,877,3.1532118
1069,1909,3.0982985
1069,3078,3.0757937
1069,1504,3.0502284
1069,685,3.016245
1069,627,3.0098724
1069,1814,2.9391356
1069,2506,2.8095086
1069,567,2.8002172
1069,2844,2.7914476
1069,805,2.7716718
1069,22,2.7391818
1069,301,2.6652594
1069,426,2.650033
1069,2673,2.583405
1069,347,2.5630193
1069,3882,2.5493045
1069,46,2.4243717
1069,537,2.408881
1069,2672,2.3733304
1069,1053,2.3332229
1069,1804,2.2104716
1069,491,2.2035015
1069,1642,2.0198464
1069,1496,1.9541578
1069,1841,1.8899164
1069,2428,1.8615797
1069,2546,1.8300996
1069,3879,1.7828965
1069,435,1.5846783
1069,2522,1.3525294
1069,202,1.3437643
1069,3572,1.2441108
1069,2386,1.2060148
5778,1200,4.661853
5778,1580,4.317909
5778,1653,4.1878014
5778,442,3.458345
5778,2153,2.1289861
5680,922,4.828285
5680,1208,4.801055
5680,1193,4.7971582
5680,3435,4.7824717
5680,1262,4.6785746
5680,942,4.584152
5680,931,4.2989826
5680,1711,3.6497684
5680,1892,3.496237
5680,2414,3.3667073
5680,3262,3.2954154
5680,3585,3.1504848
5680,157,2.2213833
4904,2762,5.0251746
4904,2324,4.9867754
4904,1247,4.960723
4904,3037,4.8902283
4904,1358,4.8460975
4904,1299,4.839825
4904,1953,4.83008
4904,1080,4.7923307
4904,1704,4.7691813
4904,1258,4.761154
4904,2289,4.726891
4904,32,4.658489
4904,1354,4.656969
4904,1238,4.6522903
4904,1150,4.636467
4904,2919,4.5735497
4904,1215,4.54273
4904,1374,4.491431
4904,2916,4.4646244
4904,892,4.4569983
4904,417,4.4462986
4904,2528,4.4285727
4904,2813,4.390106
4904,2136,4.383399
4904,3250,4.3665056
4904,551,4.363867
4904,2174,4.325382
4904,3179,4.3010955
4904,2407,4.286844
4904,185,4.228097
4904,2530,4.079009
4904,3354,4.069227
4904,2054,4.0085506
4904,2699,3.9322777
4904,546,3.6633084
3620,318,4.138007
3620,593,3.9760833
3620,1196,3.971789
3620,2329,3.9198055
3620,110,3.8998668
3620,508,3.7169414
3620,1228,3.6651669
3620,1265,3.6453204
3620,1617,3.5572243
3620,3481,3.5512002
3620,1777,3.5413027
3620,3181,3.50482
3620,6,3.419002
3620,1517,3.4143186
3620,1215,3.410349
3620,380,3.3983748
3620,1954,3.3669825
3620,1393,3.3439698
3620,1680,3.3091114
3620,316,3.2549648
3620,3703,3.241531
3620,25,3.1913512
3620,1089,3.1864295
3620,507,3.1566334
3620,431,3.116119
3620,3259,3.1132414
3620,377,3.0308766
3620,3513,3.026722
3620,3082,2.9807885
3620,2193,2.9753537
3620,1343,2.9743648
3620,81,2.9606314
3620,21,2.9477067
3620,1801,2.7261949
3620,2485,2.6483703
3620,196,2.5444136
3620,423,2.508732
3620,2260,2.3716967
3620,1388,2.2847703
3620,2421,2.2546015
3620,485,2.1931152
3620,2126,2.1272492
3620,2808,1.9227538
3620,1501,1.8891337
3620,1468,1.7428966
3997,2028,4.543894
3997,1198,4.3889904
3997,1291,4.2246447
3997,1954,4.0032496
3997,165,3.8665853
3997,2193,3.862895
3997,2406,3.8554904
3997,1042,3.8489518
3997,736,3.8331857
3997,3635,3.8253715
3997,2763,3.8227925
3997,39,3.780015
3997,353,3.7407506
3997,112,3.716824
3997,3628,3.6561434
3997,3623,3.5946977
3997,1390,3.5820642
3997,2572,3.5568023
3997,2694,3.4413955
3997,788,3.433024
3997,3208,3.4261987
3997,442,3.3651283
3997,725,3.3530126
3997,2448,3.3362987
3997,1887,3.258084
3997,673,3.2340856
3997,267,3.194757
3997,3821,3.171437
3997,849,3.0805175
3997,2153,2.970413
225,1178,4.477566
225,1208,4.426914
225,1217,4.3354144
225,2064,4.2639236
225,1235,4.224817
225,994,4.2151837
225,2917,4.116375
225,162,4.055393
225,1354,4.0390453
225,293,4.0359883
225,1734,4.0029497
225,1,3.9311774
225,1545,3.9165256
225,3545,3.870864
225,1095,3.8511033
225,2610,3.842399
225,1060,3.8280206
225,1150,3.8038564
225,2583,3.7997851
225,149,3.7988453
225,223,3.7834113
225,348,3.770883
225,190,3.7256925
225,1966,3.7196703
225,1639,3.6991894
225,501,3.6659892
225,1965,3.6508565
225,1921,3.6445715
225,2721,3.6293612
225,3078,3.611899
225,477,3.562522
225,2174,3.49153
225,2278,3.4897084
225,3578,3.441507
225,117,3.295873
225,1875,3.2906551
225,663,3.1132202
225,3253,3.1020513
225,3055,3.0731215
225,349,2.9926996
225,877,2.889532
225,2702,2.8445735
225,86,2.7476768
225,781,2.7255075
225,3173,2.650054
225,3005,2.5793598
225,1471,2.4535654
225,3509,2.4232552
225,3623,2.2258801
225,2369,2.2172344
225,3754,2.2039535
225,113,2.1148405
225,4,2.074496
225,2979,2.0565066
225,2428,1.5949597
2484,527,4.206629
2484,1196,3.9449615
2484,1291,3.8082924
2484,1240,3.8036091
2484,1950,3.7700825
2484,1097,3.722155
2484,3510,3.717113
2484,912,3.7153068
2484,3836,3.687003
2484,1845,3.682136
2484,3728,3.65799
2484,1084,3.6490388
2484,3654,3.6045084
2484,1292,3.593184
2484,2706,3.5680594
2484,2125,3.5638454
2484,1407,3.5631385
2484,2779,3.5617476
2484,2797,3.5617027
2484,2671,3.546966
2484,3498,3.5025463
2484,3366,3.4976287
2484,1235,3.440359
2484,1358,3.4270437
2484,266,3.422638
2484,1215,3.4216244
2484,2470,3.4019952
2484,2951,3.3467112
2484,3098,3.3401315
2484,605,3.3390355
2484,2146,3.3284605
2484,1479,3.320396
2484,2707,3.3093653
2484,1895,3.298112
2484,1345,3.2872088
2484,2496,3.2806902
2484,1183,3.2647765
2484,1379,3.25923
2484,3358,3.2583747
2484,1394,3.2099507
2484,1541,3.1928303
2484,2890,3.1473854
2484,1806,3.1046875
2484,2416,3.1015658
2484,3040,3.0971835
2484,2369,3.0821798
2484,1711,3.0471845
2484,416,3.0450375
2484,2174,2.9890106
2484,466,2.868256
78,2324,4.317647
78,2858,4.1004744
78,34,3.9614627
78,440,3.913045
78,539,3.844133
78,2080,3.7922704
78,918,3.7893207
78,3060,3.7284796
78,3255,3.6948943
78,2596,3.6253166
78,2108,3.5872521
78,1777,3.5599298
78,2155,3.387969
78,1030,3.3079302
78,3712,3.2707677
78,783,3.2683496
4079,922,4.4146566
4079,1198,4.364379
4079,904,4.3612847
4079,1272,4.223636
4079,2804,4.2224207
4079,919,4.212246
4079,911,4.175948
4079,1288,4.141557
4079,2313,4.1231747
4079,110,4.115499
4079,3508,4.114904
4079,1944,4.093906
4079,2944,4.0319986
4079,1784,3.9853337
4079,2194,3.9662998
4079,1955,3.9413981
4079,1344,3.9200432
4079,3448,3.9134455
4079,3101,3.910413
4079,2971,3.9015043
4079,2949,3.8864493
4079,2716,3.8797226
4079,500,3.8663275
4079,1663,3.7998517
4079,2989,3.7515638
4079,523,3.7183552
4079,1459,3.7048862
4079,1206,3.6814864
4079,3619,3.633458
4079,3250,3.6145275
4079,344,3.5846815
4079,2517,3.5696602
4079,3430,3.5286455
4079,1007,3.5151772
4079,3930,3.4109385
4079,2532,3.4006207
4079,2259,3.376095
4079,577,3.3447437
4079,3610,3.3289232
4079,1626,3.2747383
4079,3248,3.252747
4079,2616,3.113457
4079,1992,3.0032766
4079,2162,2.9031591
2042,858,4.1497545
2042,1198,4.1481247
2042,1204,4.108507
2042,1304,3.95599
2042,1225,3.88173
2042,589,3.6211383
2042,2248,3.621129
2042,3396,3.555437
2042,553,3.5237799
2042,1967,3.3255634
2042,34,3.3242657
2042,3398,3.243717
2042,1370,3.18621
2042,3809,3.1631424
2042,2770,3.1508646
2042,252,2.9161375
2042,2688,2.8728418
2042,552,2.846415
2042,1377,2.751717
2042,2119,1.6618122
2042,2450,1.6315813
4920,908,4.598659
4920,913,4.542774
4920,1284,4.43005
4920,910,4.377676
4920,2732,4.182315
4920,3350,4.178177
4920,3745,2.8586116
1505,926,4.3090444
1505,1224,4.2895164
1505,2804,4.2425375
1505,1147,4.216213
1505,556,4.211565
1505,2132,4.1935844
1505,1214,4.1771173
1505,1288,4.098675
1505,2313,4.082185
1505,3471,4.0797186
1505,2791,3.9968297
1505,3175,3.9676986
1505,2130,3.9370856
1505,1176,3.9270406
1505,1678,3.926955
1505,2150,3.8778212
1505,1302,3.853489
1505,1265,3.8343954
1505,3072,3.812806
1505,3358,3.706892
1505,1094,3.699122
1505,3167,3.6900225
1505,2797,3.6832964
1505,3386,3.6693168
1505,1747,3.5992346
1505,1584,3.570574
1505,2370,3.5463133
1505,2349,3.5257018
1505,1059,3.4061663
1505,468,3.17997
1505,1527,3.1386087
1505,3249,3.0965376
1505,2259,2.7388508
491,1242,4.1187897
491,3536,3.5759375
4220,2762,4.3194284
4220,1288,4.0909414
4220,440,3.890461
4220,17,3.884248
4220,909,3.8640127
4220,1188,3.8099625
4220,1259,3.7923741
4220,3448,3.7655973
4220,2336,3.72265
4220,1394,3.6807685
4220,2011,3.6342082
4220,3255,3.5795708
4220,3450,3.4681172
4220,2424,3.462912
4220,2599,3.2953544
4220,2723,3.2881389
4220,2361,3.275642
4220,2369,3.2484407
4220,3301,3.231378
4220,371,3.1843657
4220,235,3.1365848
4220,1701,3.0304492
4220,3324,2.9046562
4220,784,2.8883626
2016,912,4.520305
2016,1304,4.5093994
2016,955,4.4827514
2016,1276,4.433322
2016,1,4.3175225
2016,924,4.257576
2016,3359,4.181284
2016,2997,4.169612
2016,1674,4.159233
2016,932,4.144963
2016,592,4.123496
2016,2243,4.106246
2016,2739,4.1025686
2016,3948,4.0977545
2016,2353,4.0857515
2016,364,4.0518756
2016,2099,4.016135
2016,2011,4.011143
2016,21,3.9978933
2016,161,3.9591713
2016,2085,3.9524014
2016,736,3.9474616
2016,1295,3.9409513
2016,2414,3.8872843
2016,2015,3.8843937
2016,431,3.8372598
2016,708,3.8263075
2016,2363,3.7839742
2016,339,3.7747679
2016,2266,3.7617466
2016,3926,3.7362282
2016,2314,3.636192
2016,288,3.603096
2016,208,3.549199
2016,2408,3.528792
2016,153,3.5122683
2016,1772,3.4808233
4060,953,4.4604897
4060,1136,4.4370155
4060,1225,4.372805
4060,2858,4.338928
4060,590,4.194772
4060,1235,4.1404734
4060,36,4.139433
4060,1060,4.135275
4060,1288,4.1348653
4060,1997,4.0784326
4060,3044,4.052404
4060,34,4.0194626
4060,16,4.0080175
4060,1580,3.9763384
4060,1370,3.95244
4060,555,3.9328735
4060,1393,3.9110925
4060,648,3.8554583
4060,25,3.8214808
4060,1552,3.7794123
4060,3699,3.7716742
4060,2174,3.6827283
4060,2517,3.6517208
4060,2513,3.5645335
4060,1644,3.5324495
4060,3693,3.4743547
4060,2717,3.445035
4060,1100,3.4319324
4060,2054,3.4036024
4060,466,3.2625365
5138,318,4.0024614
5138,858,3.9843419
5138,1250,3.9742558
5138,2194,3.4662383
5138,1246,3.4562254
5138,3527,3.360261
5138,1663,3.3484788
5138,551,3.3466382
5138,500,3.297192
5138,380,3.245656
5138,493,3.2306132
5138,1747,3.1830049
5138,3643,2.890953
5138,3248,1.9935467
2389,858,4.4711337
2389,899,4.312372
2389,969,4.2938404
2389,1196,4.284241
2389,2571,4.254648
2389,1260,4.2267814
2389,1276,4.194748
2389,965,4.1007576
2389,1090,4.0928507
2389,162,4.0120063
2389,2959,4.0013
2389,17,3.9957862
2389,902,3.9502952
2389,2565,3.9113944
2389,2139,3.8097966
2389,6,3.7855318
2389,1484,3.784334
2389,1912,3.7706382
2389,2529,3.7523963
2389,3213,3.7271404
2389,3204,3.671564
2389,1298,3.6674347
2389,3275,3.639635
2389,1345,3.6149502
2389,2427,3.5765047
2389,39,3.5389152
2389,968,3.492494
2389,1370,3.4744465
2389,1722,3.4061909
2389,2759,3.346237
2389,3491,3.0533524
2389,3197,2.9693246
5270,1199,4.3136473
5270,1200,4.200919
5270,1994,3.9173675
5270,3638,3.622284
5270,3459,3.3807411
2255,1148,4.75089
2255,1235,4.2819085
2255,1259,4.256792
2255,2716,4.113176
2255,3751,4.0893126
2255,1188,4.0856276
2255,594,4.0367026
2255,1517,4.0315557
2255,1907,4.0199842
2255,364,4.00785
2255,2137,3.9865766
2255,2108,3.8938627
2255,480,3.8903162
2255,2987,3.8522038
2255,2102,3.729836
2255,141,3.6951926
2255,339,3.6206396
2255,2090,3.5647297
2255,2003,3.4276273
2255,2110,3.4220817
2255,1974,2.9423275
2255,2031,2.4007173
4027,904,4.945668
4027,1267,4.7822776
4027,1197,4.7718945
4027,541,4.7192073
4027,1264,4.4958653
4027,1270,4.3994217
4027,2288,4.1106777
4027,3702,4.0458393
4027,2528,3.452135
4027,2297,3.1951592
4027,1783,2.5893574
3378,923,4.538242
3378,1136,4.484
3378,1222,4.297667
3378,924,4.294508
3378,1302,4.263312
3378,1,4.259197
3378,3147,4.248537
3378,594,4.2237024
3378,1923,4.0485353
3378,2746,3.9050543
3378,2321,3.8924844
3378,587,3.8166637
3378,2141,3.7433863
3378,3261,3.6991205
3378,104,3.6920857
3378,648,3.3843248
3378,3033,3.3163397
3378,3120,3.169619
3378,1665,2.964193
3378,3156,2.9484148
3378,2497,2.7914956
3378,1005,2.4732609
1629,2028,4.2484617
1629,1242,4.0702105
1629,1356,3.5668094
1629,3863,3.379966
1629,2278,3.3270497
1629,2490,3.1410012
1629,1792,2.854856
5843,260,3.8532526
5843,953,3.6429782
5843,923,3.6206322
5843,913,3.5852401
5843,1223,3.4578924
5843,903,3.367444
5843,356,3.2841525
5843,2313,3.2745829
5843,1287,3.2189415
5843,58,3.0308797
5843,920,2.9815047
5843,1079,2.9535146
5843,265,2.9178455
5843,3545,2.9014869
5843,2070,2.6625416
5843,2076,2.614734
5843,935,2.5533705
5843,3210,2.5054457
5843,2080,2.4954782
5843,2065,2.443775
5843,2174,2.3397427
5843,2657,1.7848305
5170,296,4.4936104
5170,1089,4.3335304
5170,2396,4.2625484
5170,1270,4.1183963
5170,3499,4.0716267
5170,1914,3.93826
4843,858,4.7013783
4843,1193,4.5591884
4843,1203,4.483276
4843,608,4.4466004
4843,1132,4.406314
4843,1041,4.2215576
4843,2732,4.1295586
4843,2729,4.0530148
4843,2686,4.048089
4843,3072,3.9279976
4843,154,3.7787416
4843,3723,3.7623475
4765,858,4.8287582
4765,260,4.7311554
4765,1272,4.6548195
4765,1197,4.55283
4765,3435,4.5431886
4765,3035,4.4077272
4765,3196,4.383012
4765,2944,4.3617573
4765,907,4.334509
4765,800,4.325294
4765,3578,4.2670674
4765,3814,4.2390456
4765,1086,4.2335057
4765,2130,4.2253447
4765,3504,4.219118
4765,364,4.2026253
4765,915,4.1847053
4765,588,4.166504
4765,1028,4.1514115
4765,1408,4.1181374
4765,3061,4.1057744
4765,1188,4.0846834
4765,1265,4.0702114
4765,921,4.05658
4765,1936,4.053836
4765,2081,4.0399714
4765,1032,4.035208
4765,1909,3.8044314
4765,661,3.6842089
4765,2899,3.5311174
4765,2141,3.2288125
2179,527,4.277763
2179,608,4.0788307
2179,2329,4.0609093
2179,2858,4.0264335
2179,1704,3.9930062
2179,1358,3.942154
2179,457,3.8596225
2179,34,3.799414
2179,2336,3.795969
2179,2908,3.7557793
2179,2686,3.7139082
2179,247,3.649286
2179,1678,3.6243958
2179,3079,3.5128334
2179,3128,3.2552407
2179,733,3.1896973
2179,3176,3.1840358
2179,1092,3.1813579
2179,205,3.1398485
2179,2250,3.0258896
2179,835,2.6052775
2179,61,2.313685
2179,185,2.156694
2179,3835,2.0749378
2179,1644,1.6655433
2179,3063,1.6449664
2179,2778,1.379339
4635,1208,4.438238
4635,919,4.3195724
4635,356,4.224719
4635,1192,4.0858717
4635,508,4.0128927
4635,1994,3.9811654
4635,1022,3.969403
4635,94,3.961821
4635,1885,3.9399662
4635,1641,3.910306
4635,2080,3.8847408
4635,1183,3.8736205
4635,1029,3.8723145
4635,3046,3.7509832
4635,2861,3.738487
4635,2485,3.7024727
4635,1821,3.6835647
4635,2045,3.6495867
4635,2463,3.60561
4635,208,3.5474248
4635,3399,3.5395522
4635,378,3.5060189
4635,2447,3.4997053
4635,2710,3.454051
4635,1320,3.4406416
4635,2505,3.2750442
4635,485,2.992726
5605,1278,3.7360353
5605,1225,3.6881652
5605,914,3.654469
5605,2918,3.6535785
5605,2863,3.5916662
5605,3949,3.5235496
5605,2716,3.5181718
5605,594,3.4836466
5605,3198,3.4785912
5605,2729,3.45368
5605,1610,3.4495487
5605,321,3.4358568
5605,1625,3.4292693
5605,1099,3.4176464
5605,2644,3.4164498
5605,1257,3.4066505
5605,1271,3.3967552
5605,1281,3.39318
5605,1275,3.3916872
5605,1258,3.3701742
5605,1345,3.3311317
5605,357,3.3307877
5605,3604,3.299232
5605,2099,3.2787516
5605,2186,3.2688
5605,3499,3.266493
5605,2144,3.227655
5605,2657,3.2206104
5605,1333,3.1868143
5605,1916,3.1684623
5605,2774,3.1095762
5605,3591,3.0896003
5605,2455,3.086113
5605,671,3.0850735
5605,1619,3.08389
5605,69,3.0620048
5605,1047,3.0497284
5605,3174,3.0485873
5605,2145,3.0344553
5605,235,3.0246763
5605,3936,3.0172417
5605,2747,3.000455
5605,2551,2.974803
5605,780,2.969984
5605,2015,2.9666393
5605,170,2.9648094
5605,468,2.9511807
5605,3617,2.9257784
5605,372,2.9140725
5605,450,2.901054
5605,3618,2.8988874
5605,421,2.8929596
5605,968,2.8496134
5605,2826,2.8286908
5605,1748,2.8213134
5605,2459,2.8113708
5605,422,2.7845306
5605,3557,2.7801495
5605,1717,2.7377815
5605,2089,2.7295911
5605,3259,2.6749465
5605,639,2.6376882
5605,1513,2.5961025
5605,2362,2.5923154
5605,2091,2.5799427
5605,3254,2.5392
5605,2717,2.5227547
5605,3250,2.5048325
5605,1483,2.477053
5605,410,2.3382974
5605,1644,2.2759645
5605,153,2.2742345
5605,3660,2.2640066
5605,2162,2.0699496
5605,1772,1.9563813
5605,1562,1.6657578
4830,1132,4.0857096
4830,2959,3.9548764
4830,2716,3.7647867
4830,2393,3.5141873
4830,2605,3.3077023
4830,3263,3.2299685
4830,1702,2.9020762
4830,3439,2.1210034
1057,858,4.587168
1057,3730,4.377008
1057,3429,4.335283
1057,3629,4.2529907
1057,590,4.1269684
1057,2289,4.058895
1057,1029,3.8040438
1057,588,3.7408612
1057,2099,3.5789852
1057,2640,3.5550048
1057,1033,3.41332
1057,329,3.3804011
1057,368,3.32204
1057,674,2.8655143
1057,3483,2.8537183
5268,1225,4.313259
5268,2918,4.1337624
5268,2797,4.059574
5268,1270,4.055106
5268,265,4.0013075
5268,364,3.959826
5268,2176,3.8885262
5268,866,3.8862648
5268,2795,3.8624687
5268,6,3.8329387
5268,1912,3.7941613
5268,3727,3.7843976
5268,2076,3.7593899
5268,39,3.7386434
5268,1958,3.7378702
5268,471,3.692782
5268,3476,3.6112714
5268,2551,3.5931377
5268,253,3.5875711
5268,1527,3.562046
5268,377,3.4164417
5268,1047,3.2971525
5268,353,3.2909067
5268,605,3.2811508
5268,2600,3.1221972
5268,3259,3.116128
5268,1405,3.0952444
5268,2146,2.8716938
5268,2297,2.8559892
5268,2792,2.816132
5268,2976,2.7410395
5268,118,2.6893225
5268,2572,2.680088
5268,3489,2.6206367
5268,788,2.5290408
5268,1379,2.459963
5268,691,2.4251742
5268,2120,2.3400033
5268,2794,2.1247349
5268,1918,2.0834668
5268,2385,1.6259601
5268,1831,1.4801238
5268,1562,1.2749728
5268,160,1.206869
2946,1193,4.0204935
2946,1201,3.695465
2946,1291,3.6463766
2946,3639,3.3131526
2946,2993,3.2788782
2946,1407,3.2764583
2946,1216,3.2603009
2946,1673,3.2047224
2946,2406,3.189311
2946,2118,3.181016
2946,1645,3.107232
2946,2916,3.0304933
2946,3635,2.9988852
2946,2013,2.988507
2946,1653,2.9613194
2946,2991,2.9543407
2946,1127,2.9505916
2946,3513,2.9414375
2946,1370,2.9393523
2946,266,2.9231997
2946,653,2.9228373
2946,3476,2.9116616
2946,1597,2.8999062
2946,2001,2.878015
2946,1371,2.8227835
2946,3519,2.8186224
2946,3623,2.7893195
2946,1378,2.7683017
2946,257,2.7588816
2946,3107,2.7462077
2946,3698,2.735981
2946,3430,2.7021668
2946,2688,2.6981778
2946,2409,2.6669765
2946,1616,2.6380653
2946,1687,2.6341336
2946,2641,2.458595
2946,2735,2.4113948
2946,79,2.3835561
2946,1377,2.341771
2946,1391,2.330001
2946,3438,2.2947423
2946,3758,2.2565095
2946,2121,2.207491
2946,798,2.184294
2946,3162,2.0880988
2946,227,2.069543
2946,1772,2.0626545
2946,1831,1.9987695
2946,3766,1.978254
2946,3286,1.5974865
2946,502,1.3783354
4699,3753,3.6929946
4699,2353,3.5341184
4699,474,3.4885044
4699,2617,3.4745002
4699,2002,3.4394252
4699,2694,3.430241
4699,1438,3.3266206
4699,1518,3.2801812
4699,145,3.277065
4699,996,3.2735248
4699,168,3.2566857
4699,2103,3.2329686
4699,1690,3.2227156
4699,3785,3.1523256
4699,423,3.145271
4699,2334,3.12615
4699,1488,3.116791
4699,376,3.1013746
4699,546,2.0232747
5364,916,4.465131
5364,905,4.4490385
5364,2858,4.4053507
5364,1247,4.39092
5364,1219,4.326054
5364,915,4.2891083
5364,1240,4.247142
5364,293,4.217457
5364,34,4.131075
5364,3361,4.0622554
5364,474,4.0345116
5364,539,4.01651
5364,223,3.9772992
5364,2144,3.9589863
5364,1672,3.9439414
5364,2841,3.8864408
5364,165,3.8844476
5364,21,3.8606808
5364,1183,3.859573
5364,1184,3.859187
5364,441,3.8478174
5364,368,3.7876768
5364,353,3.7394814
5364,2409,3.7069144
5364,1648,3.698335
5364,2747,3.6696668
5364,3249,3.666614
5364,2263,3.6515021
5364,2485,3.6442218
5364,3194,3.5350058
5364,585,3.4122667
5364,2072,3.3878832
5364,2794,3.3658962
5364,1562,2.7441635
2868,50,4.6470346
2868,2858,4.4881053
2868,1200,4.378723
2868,2997,4.2646484
2868,2693,4.0448895
2868,2931,4.0183454
2868,2529,3.9944508
2868,2968,3.9932241
2868,3751,3.8914194
2868,2987,3.757855
2868,3186,3.7294981
2868,2527,3.6385322
2868,2734,3.579467
2868,780,3.440984
2868,3704,3.4197571
2868,3565,3.4054873
2868,1376,3.3974934
2868,1573,3.3329458
2868,2694,3.1792471
2868,1676,3.124198
2868,2369,3.0455265
1079,1213,4.716794
1079,2858,4.660594
1079,2571,4.659117
1079,457,4.229905
1079,2391,4.1643972
1079,590,4.1619787
1079,6,4.0427494
1079,322,4.0013056
1079,1183,3.9384446
1079,3555,3.3651762
1079,733,3.0836773
1079,3301,3.0351326
1079,376,2.7510395
1079,3623,2.2800822
3201,858,5.0950027
3201,608,4.7785025
3201,1084,4.7311273
3201,1269,4.7197986
3201,457,4.6548905
3201,3359,4.6335793
3201,920,4.566836
3201,2797,4.512706
3201,1321,4.476689
3201,2951,4.47176
3201,1078,4.4685106
3201,1673,4.4308395
3201,3396,4.418575
3201,1127,4.32012
3201,3703,4.2602315
3201,1047,4.240368
3201,2988,4.2301784
3201,3169,4.214488
3201,3763,4.149435
3201,952,4.146195
3201,2015,4.0751667
3201,2454,4.0354257
3201,1883,4.02857
3201,3519,3.954472
3201,500,3.9336534
3201,2023,3.9127178
3201,3040,3.9077065
3201,2021,3.9042366
3201,3791,3.772366
3201,3112,3.7630062
3201,2554,3.7251582
3201,1573,3.7122283
3201,1320,3.5228238
3201,1377,3.4345295
3201,2533,3.3440566
3201,1999,3.207394
3201,2790,3.2016044
3201,3331,2.9416354
3201,2748,2.6407044
3201,2153,2.56235
2264,1291,4.0599556
2264,590,4.0350027
2264,3499,3.9681146
2264,3396,3.9417343
2264,2352,3.9307518
2264,3072,3.8463612
2264,1380,3.826954
2264,2115,3.768485
2264,3111,3.7629972
2264,1127,3.756799
2264,592,3.7222142
2264,491,3.7024033
2264,2803,3.6796303
2264,3450,3.6636004
2264,3608,3.6369154
2264,2100,3.5839221
2264,3081,3.5826597
2264,3623,3.5819845
2264,1088,3.5813692
2264,2657,3.5746675
2264,1385,3.5738196
2264,1014,3.5448992
2264,2802,3.459293
2264,130,3.4141023
2264,2012,3.3972716
2264,2822,3.323486
2264,1616,3.2381217
2264,432,2.9479942
2264,2815,2.9199398
2264,1438,2.6096692
107,541,4.029832
107,969,4.0159
107,2947,3.7765079
107,947,3.7622082
107,1231,3.7548614
107,2917,3.7330627
107,2648,3.6962914
107,594,3.6100879
107,1035,3.5495596
107,960,3.4870253
107,1429,3.070361
4521,904,4.759013
4521,1198,4.675768
4521,2858,4.5843196
4521,296,4.5772552
4521,1617,4.5340896
4521,1206,4.4056506
4521,2959,4.3323965
4521,1036,4.3191996
4521,36,4.2427015
4521,3578,4.206768
4521,3471,4.171569
4521,1635,4.119198
4521,1721,4.0722556
4521,223,4.0581913
4521,3255,3.849256
4521,2250,3.4197452
4521,1676,2.9063823
4521,2533,2.8372967
4521,2091,2.7173545
4521,2950,2.2660506
4521,160,2.1654682
2676,1207,4.8424454
2676,1250,4.6149616
2676,1172,4.515228
2676,1217,4.4405985
2676,3147,4.428988
2676,1231,4.4226823
2676,1300,4.4028373
2676,3789,4.3977847
2676,1287,4.3451943
2676,1259,4.3421574
2676,800,4.3209095
2676,11,4.2717957
2676,1362,4.251178
2676,2682,4.2281313
2676,3379,4.1720266
2676,2739,4.166024
2676,2730,4.1272287
2676,82,4.0914807
2676,1683,4.0798492
2676,161,4.013963
2676,36,3.990345
2676,383,3.8237224
2676,495,3.7172012
2676,2054,3.440649
3664,318,4.174694
3664,1197,3.8124928
3664,1293,3.6720495
3664,1288,3.6069899
3664,2997,3.3759131
3664,1277,3.213721
3664,1641,3.142734
3664,1271,2.9951668
3664,3052,2.8775017
3664,543,2.8120265
3664,1894,2.106424
3664,2485,2.044269
3664,2054,1.9002424
3664,1888,1.7570221
3261,2324,4.142946
3261,2064,3.9736602
3261,2959,3.9393563
3261,1294,3.9245305
3261,1281,3.9069803
3261,2352,3.7753615
3261,1078,3.7641788
3261,3728,3.747393
3261,2336,3.7471995
3261,1931,3.7213492
3261,300,3.7066064
3261,1641,3.6867223
3261,3751,3.685564
3261,3148,3.678277
3261,2580,3.6643949
3261,337,3.65461
3261,3868,3.6355517
3261,474,3.634698
3261,1643,3.6137347
3261,3183,3.5851457
3261,1584,3.5842874
3261,1019,3.5479681
3261,2065,3.5233243
3261,1354,3.460093
3261,3153,3.4203897
3261,2361,3.4105494
3261,2915,3.3916006
3261,1129,3.3732512
3261,1375,3.309564
3261,2770,3.2598968
3261,733,3.2006097
3261,316,3.118361
3261,1884,3.0680919
3261,2161,3.0566368
3261,1371,2.9952376
3261,362,2.9903033
3261,2105,2.9456124
3261,1805,2.9011095
3261,2143,2.8764336
3261,1917,2.8059597
3261,3879,2.7601376
3261,2440,2.6879904
3261,2429,2.1994793
3261,3826,2.0903347
3261,2950,2.0115786
3261,2500,1.9621297
3261,191,1.8297501
3261,1867,1.0958412
2190,1197,4.4929504
2190,608,4.4876337
2190,2194,4.1981235
2190,1584,4.0844364
2190,1527,3.8747156
2190,3117,3.8558393
2190,2976,3.4328856
2190,2735,3.3417745
2190,2826,3.1238503
2190,172,2.4895382
5161,50,4.2088575
5161,260,4.1858215
5161,1250,4.037882
5161,1199,3.928863
5161,1196,3.9055018
5161,1200,3.8928974
5161,919,3.8817973
5161,3091,3.8331776
5161,1240,3.7551925
5161,1084,3.7455375
5161,714,3.575541
5161,373,3.5417953
5161,2580,3.5268106
5161,3210,3.3693714
5161,2700,3.330152
5161,2857,3.3279963
5161,3655,3.2942753
5161,592,3.2495065
5161,2080,3.1425161
5161,2005,3.0101151
5161,3702,2.8858814
5161,1375,2.8310823
5161,1371,2.631541
5161,3617,2.614645
5161,3262,2.514885
5161,434,2.279786
5161,2054,1.8550156
5161,2002,1.7408851
5161,2399,1.5434475
5161,1126,1.5418675
5161,1702,1.4612863
3180,923,4.0815086
3180,1288,3.991487
3180,1228,3.9490228
3180,1,3.8788917
3180,3362,3.8778448
3180,1077,3.7953076
3180,456,3.7775376
3180,162,3.7694612
3180,223,3.756783
3180,1291,3.7406974
3180,1500,3.7227218
3180,2890,3.6626215
3180,1625,3.6579566
3180,3160,3.6417165
3180,2716,3.6296067
3180,1639,3.6076055
3180,2268,3.585569
3180,1673,3.5731223
3180,1961,3.5669963
3180,3148,3.4703424
3180,34,3.4485505
3180,150,3.383202
3180,322,3.3627787
3180,1210,3.3124614
3180,222,3.306145
3180,21,3.2956762
3180,3052,3.179676
3180,1059,3.0769315
3180,574,3.0554001
3180,3614,3.0273893
3180,3712,2.9790087
3180,39,2.971717
3180,1884,2.950718
3180,543,2.9326758
3180,2770,2.8552213
3180,3214,2.8190758
3180,2413,2.8134277
3180,3684,2.7900512
3180,2457,2.7812665
3180,663,2.743492
3180,2262,2.6472228
3180,532,2.6167362
3180,1042,2.5931878
3180,1805,2.5485718
3180,1580,2.5404475
3180,2419,2.4917262
3180,2146,2.3678539
3180,2375,2.301014
3180,1457,2.2964082
3180,145,2.254144
3180,2060,2.1989808
3180,2249,2.1248615
3180,2877,2.0101566
3180,2500,1.8222067
3180,1439,1.3656483
3180,1855,1.285301
3180,2473,1.2726208
3180,833,1.2354426
3180,840,1.2317104
3180,2555,1.186085
2087,3555,3.845449
2087,3409,3.4576921
2087,2792,3.3644567
2087,1544,3.194789
3650,2762,4.4753566
3650,1250,4.4655094
3650,1248,4.42059
3650,1272,4.364332
3650,3114,4.357245
3650,1276,4.268298
3650,3147,4.2311916
3650,589,4.1896005
3650,1610,4.180112
3650,2947,4.1753516
3650,1674,4.1623306
3650,3421,4.144358
3650,356,4.1131425
3650,2791,4.102174
3650,3148,4.068931
3650,34,4.0313177
3650,357,4.0128818
3650,3060,3.9908862
3650,2599,3.968922
3650,223,3.9563556
3650,733,3.9541774
3650,3386,3.9210377
3650,3361,3.9101353
3650,2763,3.8892665
3650,1663,3.8840353
3650,3479,3.843513
3650,551,3.8042262
3650,2278,3.7915888
3650,1120,3.7835238
3650,2058,3.7635078
3650,648,3.7594607
3650,2273,3.741622
3650,2463,3.7414107
3650,2395,3.7285542
3650,500,3.7000327
3650,1380,3.6850088
3650,1883,3.6732273
3650,2433,3.6068509
3650,3686,3.599358
3650,1722,3.5988083
3650,353,3.5967126
3650,3869,3.5903606
3650,361,3.5835032
3650,2393,3.5535984
3650,2100,3.5444307
3650,1476,3.5258546
3650,304,3.5027826
3650,3263,3.4730735
3650,1518,3.46979
3650,453,3.459424
3650,354,3.4581277
3650,517,3.4579763
3650,2105,3.4565136
3650,586,3.4508014
3650,3638,3.4297726
3650,3698,3.4077473
3650,1597,3.3921604
3650,1835,3.3879066
3650,2447,3.3634229
3650,2405,3.2929096
3650,1586,3.2576346
3650,1371,3.2491238
3650,2581,3.241039
3650,1030,3.2216763
3650,748,3.1877306
3650,1918,3.157486
3650,1598,2.931115
3650,459,2.9193165
3650,5,2.9078465
3650,784,2.8808913
3650,2616,2.7242599
3650,208,2.6875045
3650,1382,2.684445
3650,3705,2.6810417
3650,3258,2.568248
3650,3764,2.4728706
3650,1388,2.43755
3650,880,2.350154
3650,849,2.1119945
3650,1862,1.9379385
3650,33,1.9027208
3650,3767,1.6033239
721,2028,4.262681
721,1240,3.9874935
721,1721,3.9405634
721,3386,3.8782198
721,2872,3.854009
721,364,3.8189764
721,2908,3.8120618
721,1090,3.7490425
721,17,3.7277803
721,3082,3.7243352
721,1057,3.6683025
721,3255,3.639244
721,852,3.637763
721,3264,3.6284404
721,1129,3.6144822
721,450,3.6055863
721,225,3.5966136
721,2664,3.5952537
721,3623,3.59366
721,1686,3.585033
721,986,3.5532362
721,1586,3.5394936
721,1342,3.5367959
721,3247,3.5314178
721,1296,3.517088
721,434,3.5052772
721,3594,3.4989371
721,2100,3.4878745
721,367,3.4849424
721,1573,3.4759722
721,724,3.4747658
721,2289,3.4693508
721,222,3.445333
721,1422,3.4452434
721,1459,3.41847
721,2280,3.414165
721,516,3.4101534
721,2026,3.4075933
721,3324,3.37496
721,3540,3.3607142
721,3528,3.3571234
721,1653,3.3481557
721,442,3.3245149
721,2840,3.323628
721,1541,3.3170538
721,1626,3.3131113
721,3827,3.3085263
721,3797,3.2521904
721,382,3.2492619
721,836,3.2442553
721,1995,3.2404938
721,552,3.2369952
721,2497,3.2369585
721,2583,3.199247
721,3394,3.1931727
721,435,3.0824594
721,273,3.060584
721,2427,2.6577559
1605,260,4.2005677
1605,923,4.0085936
1605,2357,3.9788814
1605,457,3.9150326
1605,3462,3.8875544
1605,306,3.8383613
1605,150,3.8157582
1605,3350,3.7236488
1605,364,3.6975617
1605,594,3.651865
1605,1694,3.6467013
1605,1693,3.6445446
1605,6,3.643274
1605,949,3.6408796
1605,3448,3.621608
1605,1411,3.6141078
1605,2594,3.6136916
1605,1643,3.598359
1605,345,3.5819342
1605,1029,3.5819218
1605,380,3.5570016
1605,1282,3.5543854
1605,2542,3.5191693
1605,2096,3.5098712
1605,778,3.5040288
1605,3034,3.5036044
1605,1982,3.5026555
1605,1078,3.4852223
1605,2137,3.4658809
1605,1321,3.4482145
1605,3072,3.434921
1605,2391,3.4252183
1605,2048,3.420364
1605,2022,3.4138532
1605,1633,3.411644
1605,3466,3.3811464
1605,2114,3.3773627
1605,2278,3.369069
1605,218,3.361799
1605,342,3.3595777
1605,3615,3.3490767
1605,848,3.346544
1605,3809,3.3283408
1605,3253,3.3265328
1605,991,3.3167443
1605,2470,3.3072975
1605,292,3.299151
1605,2141,3.2967253
1605,3869,3.295391
1605,3831,3.2819715
1605,1059,3.2575085
1605,2249,3.25737
1605,2193,3.253402
1605,3565,3.2520754
1605,552,3.2426472
1605,2577,3.2404375
1605,1791,3.2400806
1605,3534,3.233839
1605,2975,3.2324843
1605,1056,3.229504
1605,1876,3.212775
1605,1541,3.212551
1605,1747,3.2086208
1605,317,3.2050357
1605,2399,3.1947742
1605,3156,3.1712208
1605,3712,3.1609414
1605,1334,3.1589017
1605,3948,3.157547
1605,3254,3.1214812
1605,788,3.1184797
1605,2416,3.117741
1605,3825,3.1163473
1605,2888,3.109951
1605,1454,3.103957
1605,1801,3.087329
1605,2340,3.0848193
1605,1854,3.0808687
1605,3257,3.0705435
1605,2408,3.0620232
1605,2532,3.0538054
1605,2375,3.022098
1605,429,3.0134053
1605,195,2.9908357
1605,1566,2.9657316
1605,2513,2.8982625
1605,327,2.8241417
1605,3835,2.8237803
1605,305,2.8134696
1605,612,2.77302
1605,3273,2.6882968
1605,87,2.6239932
1605,2450,2.6007557
1605,3392,2.5363424
1605,3440,2.3979483
2734,2336,4.148653
2734,1073,4.087266
2734,249,4.0813365
2734,2081,4.0806017
2734,1673,4.0798497
2734,594,4.034173
2734,3822,3.9787827
2734,3675,3.9403038
2734,3252,3.843388
2734,2424,3.775338
2734,367,3.7600908
2734,3594,3.7073567
2734,3176,3.700449
5522,1132,4.512311
5522,1247,4.4893622
5522,527,4.4786453
5522,1953,4.3785334
5522,1956,4.3757524
5522,2918,4.3599916
5522,1449,4.3402414
5522,3359,4.3299346
5522,1674,4.3121424
5522,994,4.3035593
5522,1080,4.296121
5522,2183,4.289957
5522,1172,4.286947
5522,1270,4.2759266
5522,1292,4.211713
5522,3006,4.1987753
5522,2872,4.169879
5522,1673,4.1478925
5522,2442,4.0963664
5522,314,4.087798
5522,337,4.06194
5522,2130,4.0597587
5522,3067,4.0581207
5522,2390,4.039358
5522,2395,4.015807
5522,2857,3.9336958
5522,3108,3.9335825
5522,2076,3.9318397
5522,3358,3.913596
5522,1124,3.904234
5522,3476,3.874363
5522,3567,3.8694885
5522,1190,3.8670979
5522,3255,3.8648763
5522,441,3.8454118
5522,574,3.8143542
5522,2294,3.8080034
5522,1747,3.7887547
5522,3706,3.7845736
5522,3731,3.7716444
5522,2738,3.7129307
5522,3426,3.6788733
5522,1619,3.5859883
5522,2469,3.5761642
5522,1627,3.5062256
5522,2712,3.3704762
5522,1377,3.3640432
5522,3262,3.334737
5522,3247,3.2865188
5522,2314,3.2370853
5522,305,2.8882735
5522,81,2.8695168
5522,370,2.8080757
5522,2367,2.6239035
5522,2513,2.5753522
5522,3688,2.523328
5522,1972,1.6503354
3057,858,4.2774954
3057,3578,3.9465756
3057,3006,3.8200274
3057,1784,3.7612963
3057,3751,3.675928
3057,3408,3.6177719
3057,3159,3.5911775
3057,3160,3.4948215
3057,3723,3.4922936
3057,25,3.2829998
3057,253,3.260707
3057,2683,3.0853105
3057,2657,3.0160668
6025,912,4.612934
6025,2289,4.1905065
6025,3044,4.109125
6025,3499,4.092432
6025,223,4.0107994
6025,2118,3.9844124
6025,514,3.9064064
6025,2706,3.8787007
6025,353,3.6981657
6025,1629,3.6485012
6025,236,3.5335467
6025,1457,3.4058857
6025,1342,2.9424782
6025,3113,2.5274744
6025,2517,2.4094412
6025,2389,2.3293107
6025,2668,2.0623884
6025,427,1.8351123
6025,64,1.7101254
6025,1986,1.6547236
6025,1980,1.3350337
1503,50,4.3029118
1503,1198,4.2527947
1503,2762,4.1357656
1503,1136,4.0590396
1503,608,4.032521
1503,3006,3.8994248
1503,2947,3.8591871
1503,34,3.7209864
1503,2664,3.6930509
1503,3246,3.6833284
1503,1584,3.6644564
1503,1080,3.6332188
1503,1220,3.598435
1503,2987,3.574855
1503,3753,3.5294695
1503,1215,3.47717
1503,3479,3.4704814
1503,377,3.4600515
1503,164,3.4278426
1503,3366,3.4226239
1503,2455,3.4090028
1503,3555,3.397852
1503,2076,3.3580022
1503,1017,3.3380795
1503,2174,3.3006294
1503,2433,3.2656217
1503,2023,3.1789143
1503,2144,3.1643245
1503,2278,3.1424706
1503,2321,3.075499
1503,2901,3.0547042
1503,3685,3.047511
1503,70,2.9677389
1503,1833,2.7554576
1312,260,4.572714
1312,2080,3.9876285
1312,2137,3.9696531
1312,1527,3.9187558
1312,1374,3.8265367
1312,2649,3.7993627
1312,1376,3.6924098
1312,1129,3.5996501
1312,2641,3.5989375
1312,1573,3.2878094
1312,709,3.2311263
1312,1391,3.2294507
1312,783,3.1709795
1312,2531,2.7926404
1312,2123,2.7873836
1312,2038,2.4962711
1312,2986,2.298358
1312,2354,2.264186
1312,393,1.5962678
60,2355,3.800376
60,380,3.7125838
60,3175,3.700089
60,1180,3.6674771
60,329,3.5374193
60,216,3.5253887
60,3476,3.3940992
60,1544,3.298853
60,3712,3.2186496
3419,527,4.7850547
3419,260,4.6290083
3419,541,4.5083647
3419,1225,4.4822216
3419,1096,4.346021
3419,1206,4.2396703
3419,924,4.2077503
3419,2949,4.16133
3419,3471,4.111114
3419,1968,4.0773997
3419,1957,3.9810789
3419,1396,3.9479046
3419,2993,3.873258
3419,3635,3.828486
3419,3877,2.9212306
3837,50,4.525801
3837,1208,4.3247013
3837,111,4.167692
3837,1080,3.9872181
3837,1784,3.940843
3837,1060,3.9282148
3837,1257,3.8558173
3837,2109,3.8153381
3837,562,3.8131769
3837,1188,3.809195
3837,1285,3.7914143
3837,1179,3.7638233
3837,1982,3.7465632
3837,3105,3.7335045
3837,1914,3.723245
3837,1186,3.6505806
3837,1680,3.6293848
3837,348,3.5951376
3837,21,3.5512068
3837,509,3.5475757
3837,2371,3.5193176
3837,3706,3.4615896
3837,1883,3.280986
3837,3608,3.278546
3837,2441,2.8368876
4899,858,4.302232
4899,3022,4.281167
4899,1267,4.1708593
4899,1234,4.118587
4899,2028,4.1068716
4899,1304,3.998847
4899,1089,3.9424357
4899,1036,3.9287667
4899,2396,3.9157531
4899,1235,3.914878
4899,2788,3.907557
4899,1281,3.8927574
4899,1264,3.8496823
4899,2997,3.7867286
4899,2194,3.7474213
4899,3751,3.7147603
4899,3067,3.6827135
4899,1419,3.6681056
4899,1275,3.5869179
4899,534,3.5118322
4899,80,3.5056975
4899,1673,3.4764583
4899,2593,3.430531
4899,3480,3.2738407
4899,2174,3.258913
4899,2005,3.1430297
4899,1967,3.1421146
4899,83,3.0721698
4899,2528,3.0584574
4899,3704,2.8131392
687,1358,4.4114103
687,1206,4.281023
687,32,4.154261
687,247,4.0273314
687,1580,4.0194073
687,539,3.9898815
687,2355,3.949652
687,2700,3.9360657
687,1584,3.9310503
687,551,3.9172235
687,3101,3.8637645
687,1573,3.7073703
687,1380,3.7050858
687,733,3.6543012
687,1441,3.6299126
687,708,3.6295304
687,480,3.586964
687,2100,3.5609627
687,289,3.518622
687,225,3.3686304
687,2006,3.341018
687,165,3.3026094
687,1479,3.2723157
687,1620,3.076802
687,1600,3.0320144
687,804,3.0106914
687,3269,2.9650555
687,103,2.8361585
687,1894,2.7410629
687,2389,2.5047657
687,1882,1.6841856
1211,3089,4.869413
1211,1212,4.687112
1211,1267,4.661094
1211,1213,4.6404138
1211,965,4.6327276
1211,1189,4.5952153
1211,1263,4.566279
1211,1252,4.5643954
1211,1089,4.5395403
1211,1228,4.461192
1211,1245,4.434615
1211,778,4.403397
1211,1258,4.3830733
1211,1292,4.373373
1211,2728,4.304802
1211,41,4.2874756
1211,34,4.223396
1211,1282,4.2160687
1211,3260,4.1570525
1211,1732,4.1494055
1211,590,4.142997
1211,3129,4.1152062
1211,125,4.0075817
1211,3476,3.983996
1211,976,3.9827776
1211,3052,3.9661121
1211,1215,3.9395514
1211,117,3.9194417
1211,2182,3.9087768
1211,1653,3.8867395
1211,1094,3.8825023
1211,508,3.847481
1211,3266,3.820445
1211,2730,3.7752075
1211,1210,3.6284902
1211,2384,3.5970602
1211,1810,3.4106317
1211,2746,3.2779832
1211,1232,3.0120673
1211,3263,2.8823993
1211,2455,2.871896
1211,1091,2.157482
1211,674,2.0676126
3011,1132,4.808364
3011,1206,4.6582313
3011,1291,4.588714
3011,1199,4.5794344
3011,2791,4.453029
3011,3160,4.4198217
3011,1957,4.3914375
3011,1962,4.328315
3011,2594,4.263721
3011,3448,4.1678452
3011,1967,3.7229881
3011,198,3.6322694
3011,2021,3.4439027
3011,1101,3.3744998
4183,318,4.3346076
4183,260,4.1023674
4183,497,3.6389852
4183,1275,3.6335156
4183,47,3.5600207
4183,471,3.5192769
4183,1694,3.5035596
4183,785,3.3985543
4183,1183,3.373815
4183,3527,3.3495314
4183,2596,3.328587
4183,1465,3.3017597
4183,1476,3.2982695
4183,3256,3.2922463
4183,1883,3.2590723
4183,3723,3.2016394
4183,104,3.124848
4183,1566,3.10273
4183,2435,3.0526066
4183,198,3.023513
4183,1552,2.9630022
4183,1385,2.9252048
4183,3698,2.9159954
4183,450,2.830662
4183,2249,2.794164
4183,3264,2.5445783
4183,2694,2.4261913
4183,1488,2.2746186
4183,153,1.9410564
4183,1863,1.9015194
4183,1562,1.4878688
3829,922,4.2210474
3829,2203,4.136576
3829,942,3.882556
3829,2132,3.8803382
3829,581,3.784514
3829,3949,3.7579224
3829,2575,3.7369328
3829,2908,3.6805415
3829,6,3.655801
3829,2318,3.6386676
3829,1649,3.6272516
3829,1682,3.6095922
3829,1392,3.5909088
3829,162,3.5835378
3829,364,3.5834215
3829,3408,3.5482805
3829,263,3.5441563
3829,2542,3.5399806
3829,2295,3.5291924
3829,2502,3.4932594
3829,3358,3.4922328
3829,440,3.4821348
3829,2952,3.4647684
3829,2750,3.4437416
3829,2291,3.429269
3829,2178,3.4283319
3829,1124,3.4054532
3829,3108,3.3904831
3829,1633,3.378385
3829,1179,3.3372395
3829,2000,3.3304613
3829,3008,3.3082929
3829,1580,3.2658877
3829,3727,3.2519486
3829,1660,3.193242
3829,2145,3.1671968
3829,2985,3.165597
3829,2407,3.1366425
3829,2155,3.1146662
3829,2474,3.0660787
3829,521,3.0178812
3829,514,2.9911993
3829,3614,2.9820633
3829,3813,2.9323018
3829,1413,2.9237952
3829,2885,2.9027796
3829,417,2.8864074
3829,708,2.8554342
3829,2718,2.822903
3829,496,2.7988734
3829,3594,2.7576916
3829,352,2.7293868
3829,2447,2.7272933
3829,1191,2.7152302
3829,2416,2.67316
3829,1835,2.6382117
3829,3045,2.624879
3829,1821,2.604452
3829,2796,2.5808878
3829,381,2.5554018
3829,2722,2.5478816
3829,3518,2.5293076
3829,2167,2.5045717
3829,1717,2.5021014
3829,2262,2.4552333
3829,3263,2.4274015
3829,225,2.403276
3829,195,2.3932104
3829,3791,2.3881712
3829,4,2.373091
3829,2741,2.2956355
3829,1983,2.2216575
3829,3584,2.2130857
3829,818,2.201452
3829,2598,2.185561
3829,998,2.1504848
3829,3901,2.1123188
3829,2888,2.0978775
3829,1552,2.0937572
3829,2126,2.0549667
3829,612,1.8666164
3829,71,1.8128731
3829,3484,1.6292918
3829,762,1.49177
3475,1234,4.0061693
3475,541,3.9060314
3475,3198,3.8127348
3475,1147,3.7851677
3475,3359,3.7603235
3475,3578,3.740726
3475,2132,3.7199144
3475,1,3.7172692
3475,47,3.6935694
3475,1961,3.6881857
3475,1036,3.6797256
3475,3468,3.6658154
3475,1300,3.6486907
3475,2791,3.6125355
3475,497,3.5993192
3475,2918,3.5977983
3475,2908,3.5878158
3475,1060,3.5514812
3475,2501,3.533615
3475,1090,3.5253396
3475,3836,3.5159676
3475,778,3.4966419
3475,2336,3.4944165
3475,902,3.3936515
3475,58,3.3873858
3475,300,3.3840222
3475,2542,3.3331573
3475,3448,3.3195527
3475,1282,3.284688
3475,900,3.262516
3475,2664,3.2598028
3475,1957,3.1943088
3475,1784,3.1715202
3475,25,3.1631744
3475,3720,3.1437395
3475,2076,3.1012812
3475,1343,3.0870867
3475,3526,3.0855124
3475,2915,3.0010366
3475,2968,2.9382334
3475,3685,2.9240592
3475,1721,2.8973503
3475,2240,2.8881779
3475,230,2.6926095
3475,3176,2.6894202
3475,1380,2.6086986
3475,3259,2.5245607
3475,2712,2.5239816
3475,3704,2.501641
3475,352,2.469244
3475,70,2.4338825
3475,1614,2.4320447
3475,1597,2.4234374
3475,3638,2.2587662
3475,788,2.220292
3475,2424,2.1998358
3475,2794,2.1978686
3475,2002,2.1566198
3475,2829,2.1290576
3475,3617,2.073335
3475,3885,2.0446386
3475,2942,1.8896087
3475,2881,1.8261368
3475,3,1.8157637
3475,2471,1.666527
3475,208,1.6367378
4104,50,4.081398
4104,1198,4.0806704
4104,2804,3.8847275
4104,457,3.8709726
4104,1387,3.7238693
4104,1060,3.6980643
4104,2944,3.6719613
4104,3527,3.64906
4104,3256,3.5897245
4104,610,3.5368984
4104,3396,3.5258312
4104,3763,3.469398
4104,1909,3.4379668
4104,1186,3.367677
4104,1586,3.3352232
4104,512,3.2083888
5763,858,4.548889
5763,296,4.4470167
5763,1272,4.435675
5763,720,4.3651724
5763,909,4.2710896
5763,1201,4.2623205
5763,3095,4.219806
5763,1952,4.1834736
5763,3504,4.1454363
5763,32,4.141063
5763,1073,4.0964646
5763,194,4.0741034
5763,1449,4.072997
5763,3334,4.0525365
5763,2788,4.0354066
5763,940,4.021475
5763,2333,3.9938607
5763,2863,3.9432907
5763,1103,3.9238212
5763,921,3.9190612
5763,946,3.8978713
5763,1240,3.8735223
5763,1279,3.8621721
5763,3364,3.832778
5763,2664,3.826873
5763,1743,3.8254457
5763,2150,3.7963233
5763,2633,3.7558947
5763,1955,3.7247667
5763,1962,3.693204
5763,1653,3.685183
5763,1678,3.6544785
5763,1982,3.648636
5763,2018,3.63696
5763,509,3.633731
5763,934,3.5995238
5763,1466,3.5713608
5763,2529,3.4540112
5763,2013,3.3880603
5763,1611,3.375738
5763,2985,3.2469172
5763,2294,3.2056623
5763,3448,3.1906881
5763,3685,3.190573
5763,3046,3.1121707
5763,3478,3.1022763
5763,1959,2.9659696
5763,733,2.9564018
5763,3099,2.9554305
5763,3016,2.8532622
5763,434,2.7749736
5763,780,2.6803935
5763,55,2.575738
5763,1858,2.503648
5763,1405,2.4971023
5763,2767,2.2938244
5763,2367,2.1743722
5763,435,1.78189
5763,420,1.6075668
5763,2953,1.3676362
5763,3392,1.2511617
2847,50,3.9090395
2847,1193,3.8340204
2847,1200,3.626904
2847,1256,3.5966964
2847,3578,3.5079489
2847,508,3.5014944
2847,2791,3.4870856
2847,2268,3.4634755
2847,2194,3.4073825
2847,1270,3.3812144
2847,778,3.3389778
2847,3671,3.3371785
2847,2716,3.3226056
2847,594,3.302748
2847,1500,3.299869
2847,1584,3.2718863
2847,1022,3.1177335
2847,62,3.0608711
2847,2968,3.0166116
2847,1912,2.9705207
2847,2085,2.9584348
2847,353,2.958183
2847,553,2.9406257
2847,2005,2.8544052
2847,2087,2.8483632
2847,2278,2.791094
2847,377,2.6989424
2847,1370,2.632239
2847,2431,2.6143522
2847,3477,2.5015447
2847,2628,2.454229
2847,1339,2.3318484
2847,2195,2.1801913
2847,2004,2.0850453
2847,2806,2.0293193
2847,1379,1.9407585
2847,19,1.9149358
2847,2120,1.7752104
2847,2616,1.7421595
2847,2253,1.7319834
2847,3439,1.3077564
2847,2798,1.307291
2847,546,1.222783
5488,2762,4.395149
5488,296,4.390129
5488,1293,4.169672
5488,2396,4.15489
5488,1243,4.1315384
5488,2819,4.064947
5488,3471,4.05783
5488,3545,3.996187
5488,3751,3.9025104
5488,1643,3.9002411
5488,3418,3.8755887
5488,508,3.7767396
5488,1653,3.6508574
5488,2302,3.476378
5488,1268,3.354902
5488,230,3.195597
5488,380,3.055533
5488,1513,2.682733
5488,1088,2.5983322
5488,2628,2.4909487
5488,1027,2.4891844
5488,153,1.943587
2500,527,4.394264
2500,110,4.0416636
2500,902,3.767191
2500,1047,3.600337
2500,474,3.595675
2500,163,3.5676816
2500,2058,3.5550597
2500,736,3.5005212
2500,517,3.4956188
2500,2490,3.4104223
2500,2808,3.2891202
2500,1382,3.2885518
2500,151,3.271995
2500,485,3.2151513
2500,303,3.2120872
2500,804,3.2012715
1884,1148,4.6397414
1884,922,4.583694
1884,1178,4.557108
1884,2186,4.522147
1884,1212,4.4690933
1884,916,4.4311237
1884,3469,4.425741
1884,1252,4.409406
1884,911,4.4041533
1884,1361,4.3921833
1884,1223,4.3802567
1884,1256,4.377124
1884,910,4.3270574
1884,1307,4.307554
1884,1272,4.29543
1884,2612,4.2543354
1884,1276,4.2531834
1884,1214,4.206291
1884,2761,4.188688
1884,924,4.1746745
1884,1086,4.1693554
1884,1089,4.156541
1884,965,4.155017
1884,2648,4.1503963
1884,3062,4.13621
1884,1185,4.101024
1884,2686,4.1000276
1884,741,4.0673757
1884,1035,4.060421
1884,480,4.022667
1884,3929,4.0053425
1884,2921,3.9879544
1884,1968,3.9722333
1884,3479,3.9577854
1884,2212,3.9446843
1884,3168,3.9395795
1884,2594,3.9250941
1884,3386,3.906972
1884,1393,3.8680868
1884,316,3.8487573
1884,2915,3.844616
1884,1396,3.8205674
1884,2140,3.810907
1884,3358,3.7663057
1884,3770,3.7194667
1884,3604,3.7173455
1884,2407,3.669004
1884,2943,3.668797
1884,3755,3.6444616
1884,3272,3.6118128
1884,3304,3.575119
1884,2100,3.5691452
1884,3174,3.5460145
1884,1876,3.5399785
1884,3704,3.4091616
1884,1676,3.3181853
3635,3435,4.621214
3635,1276,4.5555716
3635,2186,4.550332
3635,1172,4.478906
3635,1230,4.4271197
3635,2920,4.4178805
3635,2300,4.4103103
3635,2692,4.4025574
3635,2940,4.353547
3635,3508,4.233465
3635,3871,4.1055093
3635,2108,3.9973102
3635,383,3.5156388
1710,2762,4.771099
1710,3481,4.447355
1710,2599,4.318031
1710,180,4.1073923
1710,592,4.041536
1710,3081,3.826725
1710,1377,3.0510967
1710,2092,1.8349423
661,2762,4.932106
661,1278,4.8815427
661,110,4.825633
661,3037,4.73292
661,1215,4.429773
4284,163,3.214317
4284,786,3.0074768
4284,204,2.670034
4284,379,2.6467676
4284,548,2.1756082
4284,1431,2.0057502
4284,1499,1.9543185
4284,2412,1.8340285
1117,1198,4.818159
1117,1252,4.7262135
1117,1132,4.72467
1117,1148,4.6521645
1117,1223,4.6372404
1117,3435,4.5684958
1117,916,4.498454
1117,2571,4.4603777
1117,1218,4.437333
1117,3578,4.420306
1117,3897,4.390814
1117,293,4.3515835
1117,1271,4.2484975
1117,213,4.2358627
1117,194,4.209681
1117,300,4.1601114
1117,539,4.1506824
1117,3163,4.13177
1117,2268,4.126789
1117,1885,4.1231537
1117,3213,4.105101
1117,2528,4.0658445
1117,322,4.054331
1117,2866,4.04836
1117,164,4.047991
1117,1653,4.030815
1117,2294,4.018221
1117,2583,3.9938295
1117,2011,3.9477627
1117,1356,3.9437695
1117,3723,3.9299057
1117,2301,3.9203334
1117,1584,3.891192
1117,1092,3.8874722
1117,671,3.879191
1117,266,3.861134
1117,3087,3.8387396
1117,2707,3.8018231
1117,198,3.7876105
1117,1061,3.7812912
1117,339,3.7194607
1117,1441,3.681402
1117,963,3.6796882
1117,289,3.6475894
1117,2133,3.6475174
1117,3263,3.6257987
1117,2297,3.612066
1117,2094,3.5692601
1117,2598,3.5228825
1117,3489,3.499993
1117,2431,3.480739
1117,70,3.4803152
1117,204,3.365361
1117,2694,3.3520298
1117,1049,3.2755198
1117,370,3.2700508
1117,3146,3.2069817
1117,2513,3.199527
1117,2978,3.1373825
1117,330,3.1058908
1117,1918,3.0807219
1117,798,2.9784439
1117,2399,2.96898
1117,432,2.7128055
1117,540,2.6660202
1117,2558,2.6586595
1117,880,2.6505103
1117,1831,2.223313
1117,546,2.095386
5166,3730,4.679884
5166,903,4.662081
5166,1219,4.6353583
5166,1203,4.6267586
5166,1256,4.5878344
5166,3196,4.4742184
5166,1258,4.3986793
5166,2010,4.374402
5166,1266,4.289668
5166,3671,4.248115
5166,342,3.9784775
5166,2902,2.4191618
5166,2903,2.2438092
5166,1499,1.9012455
4129,1104,4.624403
4129,3849,4.4078565
4129,3788,4.1230745
4129,3784,2.2354364
1272,2019,4.7896204
1272,908,4.5761385
1272,1244,4.2858505
1272,2336,4.1722155
1272,3671,4.169212
1272,1097,4.065185
1272,2137,4.046356
1272,2944,3.9522524
1272,3396,3.9232206
1272,1885,3.8642402
1272,551,3.858442
1272,1729,3.8408713
1272,3213,3.7607112
1272,1670,3.7164826
1272,52,3.6946177
1272,1356,3.6845427
1272,3178,3.662767
1272,3398,3.4261236
1272,3633,3.3361757
1272,1441,3.325203
1272,1777,3.1402278
1272,3755,2.9394584
1272,2011,2.8981042
1272,707,2.5713594
1272,1377,2.5681455
1272,2195,2.317489
1272,3,2.2877774
5067,1204,4.5783224
5067,1212,4.5647907
5067,1252,4.5386195
5067,1225,4.3723636
5067,1947,4.1545935
5067,3545,4.0406446
5067,1210,4.0128307
5067,3549,3.7975833
1846,745,4.5191383
1846,1213,4.462449
1846,1196,4.336913
1846,3114,4.2902966
1846,2064,4.175553
1846,1079,4.0431027
1846,2716,3.964037
1846,185,1.658034
3216,1207,4.1470547
3216,1197,4.1230717
3216,1224,4.06405
3216,955,3.9889505
3216,3091,3.9647305
3216,1704,3.9146705
3216,293,3.841882
3216,1307,3.8259997
3216,1411,3.7567887
3216,29,3.752746
3216,920,3.6702685
3216,2333,3.659196
3216,2243,3.6246648
3216,1732,3.57626
3216,41,3.5701451
3216,2529,3.5551655
3216,1516,3.41972
3216,2700,3.380209
3216,3210,3.3588815
3216,1542,3.2528472
3216,1870,3.1965475
3216,539,3.1350708
3216,2009,2.9796965
3216,1286,2.9309268
3216,1375,2.843131
3216,1603,2.2329426
3216,1037,2.0326278
3216,880,1.2874478
3216,2701,1.273987
331,318,5.08222
331,50,4.9255314
331,1200,4.739363
331,246,4.6893506
331,1394,4.6883993
331,3897,4.623544
331,1293,4.60985
331,2329,4.5893636
331,1242,4.5431776
331,1784,4.4424076
331,1259,4.423508
331,3386,4.415728
331,3424,4.3930373
331,3267,4.3349
331,215,4.32243
331,2682,4.3192525
331,1682,4.3055644
331,1732,4.3013334
331,2425,4.2428164
331,1994,4.2407303
331,1958,4.1770663
331,1180,4.1613526
331,1641,4.1541915
331,2671,4.1298614
331,2231,4.1018047
331,45,4.0685353
331,1794,4.056735
331,2321,4.028863
331,539,3.9931803
331,1747,3.9488778
331,3527,3.9405186
331,2985,3.9183383
331,1051,3.8692822
331,764,3.8332424
331,1580,3.739886
331,3450,3.7127542
331,104,3.6035247
331,2617,3.5994737
331,2976,3.5906324
331,372,3.4691982
331,287,3.347602
331,237,3.3357935
331,1689,3.265275
331,1888,3.1687152
331,273,3.0439093
331,1804,2.9493532
331,3557,2.9289734
331,1598,2.737128
331,1003,2.6820946
331,2428,2.602456
331,1550,2.418631
331,1431,2.3494303
331,160,1.9605184
331,2027,1.7340541
331,1662,1.6851255
1733,50,4.551668
1733,1198,4.478497
1733,750,4.4457397
1733,1213,4.4267087
1733,2186,4.4093018
1733,1283,4.3593483
1733,593,4.3562307
1733,910,4.3303294
1733,3000,4.2722044
1733,1963,4.261222
1733,608,4.24515
1733,3911,4.1191907
1733,58,4.102665
1733,2948,4.056699
1733,1419,4.053237
1733,162,4.0364294
1733,2908,4.0223775
1733,3160,4.0172815
1733,235,4.014024
1733,1912,3.9878042
1733,3747,3.962259
1733,562,3.9531293
1733,1625,3.9398208
1733,3168,3.9343653
1733,1594,3.9247954
1733,523,3.9156833
1733,3868,3.911707
1733,69,3.8998303
1733,2171,3.8963494
1733,1186,3.8432586
1733,2355,3.8292627
1733,1321,3.8205404
1733,1729,3.8183122
1733,2880,3.7942567
1733,25,3.7869759
1733,2118,3.7784464
1733,448,3.7766435
1733,2184,3.7751367
1733,2579,3.7725196
1733,3556,3.7689383
1733,2883,3.709337
1733,1051,3.6900725
1733,1580,3.6793222
1733,3740,3.591878
1733,1464,3.5860026
1733,999,3.5819361
1733,1884,3.553152
1733,2712,3.5501187
1733,1518,3.516427
1733,3272,3.4994621
1733,2976,3.4053733
1733,367,3.4040442
1733,3262,3.3629992
1733,2676,3.3268847
1733,1676,3.3234277
1733,316,3.3149424
1733,3623,3.3128226
1733,2249,3.3042288
1733,2964,3.2492225
1733,724,3.2057183
1733,3319,3.1256328
1733,1255,3.0965214
1733,3900,3.046896
1733,2399,3.0421357
1733,1544,3.0265832
1733,2722,3.0012302
1733,716,2.8352513
1733,3208,2.7402358
1733,1483,2.688326
1733,2169,2.6072378
1733,3190,2.496571
1733,2979,2.4857376
1733,3438,2.455686
1733,1779,2.4424648
1733,2451,2.433288
1733,2462,2.1316197
1733,849,1.9997418
1733,1993,1.5656642
1143,1262,4.7072372
1143,3507,4.2951612
1143,1210,4.2554684
1143,1028,4.2149
1143,1271,4.111609
1143,2150,4.0879335
1675,2019,4.6653433
1675,1219,4.4635477
1675,1221,4.4337845
1675,1196,4.3911757
1675,1253,4.358058
1675,2010,4.2363234
1675,1997,4.208071
1675,3471,4.187317
1675,1348,4.169829
1675,3418,4.013522
1675,2366,3.9503102
1675,968,3.9341896
1675,2000,3.914708
1675,610,3.888546
1675,2118,3.8385696
1675,480,3.8344312
1675,2490,3.80297
1675,3927,3.7247977
1675,507,3.7059393
1675,3703,3.694149
1675,2143,3.646454
1675,2657,3.6365907
1675,1339,3.6333468
1675,2628,3.6214018
1675,3535,3.6116784
1675,367,3.5980926
1675,1573,3.5973706
1675,170,3.502839
1675,2476,3.4437299
1675,3404,3.402325
1675,426,3.3995163
1675,1024,3.3872023
1675,532,3.3704536
1675,2006,3.3695214
1675,3269,3.3500574
1675,2613,3.3403368
1675,2606,3.3362136
1675,3701,3.327022
1675,1379,3.2973342
1675,1377,3.2852273
1675,3264,3.2694335
1675,70,3.2634745
1675,2530,3.2481406
1675,1603,3.1250844
1675,303,3.1058254
1675,2900,3.0702174
1675,1833,3.0635943
1675,3697,3.0034065
1675,89,2.957419
1675,1341,2.9430068
1675,2026,2.8682024
1675,2142,2.864017
1675,3841,2.8449543
1675,3273,2.8292546
1675,1970,2.5625887
1675,3208,2.5437694
1675,172,2.5169275
1675,2122,2.375233
1675,2448,2.2824829
1675,2119,2.2619967
1675,3439,1.9761598
1675,2701,1.9714794
1675,1623,1.9455462
1675,126,1.9070055
1675,1681,1.7524076
1675,2452,1.7328634
1675,2514,1.4473171
1675,2818,1.4387256
3252,2716,3.4638019
3252,3194,2.5895138
3252,2861,2.3512802
3252,2881,2.1367834
2643,1193,3.8713894
2643,1207,3.8580453
2643,1221,3.8558733
2643,1252,3.8348
2643,1234,3.7779152
2643,910,3.7694354
2643,541,3.7463245
2643,1358,3.7427402
2643,2501,3.734842
2643,1287,3.7005072
2643,111,3.6984384
2643,3468,3.6878955
2643,3091,3.673026
2643,3037,3.6263692
2643,1344,3.607468
2643,2947,3.592636
2643,3671,3.588644
2643,1084,3.5794065
2643,2739,3.5673456
2643,2160,3.5407684
2643,1292,3.5093584
2643,1982,3.5065856
2643,2662,3.4981284
2643,1641,3.474001
2643,1185,3.4382668
2643,3498,3.4244275
2643,3105,3.4139128
2643,1095,3.4048843
2643,357,3.3967786
2643,1094,3.3387146
2643,3260,3.3381476
2643,3526,3.318892
2643,2985,3.2783313
2643,1129,3.2393737
2643,2346,3.229757
2643,352,3.2285526
2643,1401,3.2203882
2643,3081,3.2146084
2643,2002,3.1845267
2643,1380,3.1699839
2643,3519,3.1512504
2643,2524,3.0058854
2643,3590,2.9456816
2643,2598,2.9206843
2643,835,2.9029043
3940,2324,4.4548416
3940,1213,4.4399734
3940,1242,4.3551707
3940,1090,4.3456535
3940,111,4.33395
3940,1300,4.3054676
3940,3198,4.300614
3940,1617,4.2961206
3940,34,4.221659
3940,1953,4.1930227
3940,3481,4.1167846
3940,529,4.1120334
3940,2289,4.104131
3940,356,4.0987053
3940,3735,4.084146
3940,3783,4.069625
3940,2312,4.0288105
3940,1678,3.9152803
3940,2291,3.8113642
3940,3108,3.7991214
3940,2529,3.7870855
3940,3951,3.7406178
3940,388,3.6915092
3940,1393,3.5748856
3940,3555,3.4570227
3940,781,3.2215545
3940,2539,3.1754696
3940,2023,3.1737497
3940,2435,3.140218
3940,783,3.1330388
3940,1027,3.1267817
3940,3906,3.0331202
3940,24,2.999957
3940,1498,2.9611092
3940,1688,2.911251
3940,2616,2.8889322
3940,1544,2.7826145
3940,1848,2.7224433
3940,196,2.674317
3940,1341,2.6182587
3940,48,2.5362616
3940,2668,2.5155115
3940,2142,2.5020232
3940,2126,2.2296367
429,1204,4.528401
429,1207,4.3630347
429,2028,4.3074613
429,1036,4.189723
429,2804,4.17188
429,1259,4.0375924
429,1073,3.931434
429,1240,3.9092555
429,3178,3.8064086
429,3448,3.7411315
429,3852,3.7346563
429,1466,3.733965
429,161,3.7244964
429,2630,3.7201648
429,1034,3.6630251
429,3189,3.5966644
429,2231,3.5900602
429,2174,3.537518
429,3298,3.4368618
429,2161,3.3775134
429,3827,3.2562437
429,3510,3.253141
429,648,3.1676862
429,3565,2.9499896
429,2710,2.8361783
429,3051,2.7868285
429,2771,2.671362
429,24,2.415398
429,3113,2.2494788
429,1598,2.1129408
429,3825,1.9899125
429,3821,1.7846768
429,153,1.5577344
429,3743,1.5152278
3625,2501,4.102681
3625,1089,3.912351
3625,2997,3.8732162
3625,589,3.8346603
3625,1408,3.6996017
3625,441,3.5802948
3625,3386,3.561504
3625,2395,3.556138
3625,805,3.4732554
3625,2628,3.348525
3625,3450,3.3421638
3625,3515,3.0476115
3625,424,2.448463
3625,366,2.379075
3625,1601,2.2604198
3371,1212,4.397668
3371,1198,4.3518004
3371,1178,4.33578
3371,296,4.2747
3371,923,4.246069
3371,1197,4.2382984
3371,2351,4.204859
3371,3114,4.1803503
3371,1196,4.177477
3371,599,4.0708904
3371,556,4.0664897
3371,919,4.0423822
3371,1175,3.9486322
3371,1245,3.9023733
3371,2947,3.8866975
3371,3363,3.8692896
3371,602,3.83911
3371,1,3.8334777
3371,41,3.8038514
3371,2973,3.7974014
3371,3552,3.7771769
3371,2183,3.7426949
3371,2204,3.7392664
3371,589,3.728286
3371,2352,3.7275553
3371,3737,3.7271874
3371,2359,3.7265956
3371,931,3.7106538
3371,1732,3.7105687
3371,1095,3.6817708
3371,2716,3.6805038
3371,1674,3.6045692
3371,1169,3.5213103
3371,1955,3.4828594
3371,2022,3.408599
3371,2348,3.3372731
3371,2502,3.3189588
3371,1306,3.294462
3371,3386,3.2735898
3371,3499,3.2719853
3371,364,3.2620325
3371,592,3.2511077
3371,3503,2.9403062
3371,165,2.7212136
3371,1092,2.696898
3371,266,2.6825514
3371,708,2.6692169
3371,2023,2.5191295
3371,2641,2.4223883
3371,3791,2.3892143
3371,3638,2.3594282
3371,2525,1.7503903
199,260,4.234846
199,912,4.163821
199,954,4.113925
199,36,3.8492513
199,3408,3.7184176
199,1294,3.7057912
199,1682,3.6408374
199,3019,3.631573
199,2528,3.5772634
199,1047,3.4796562
199,11,3.453401
199,648,3.4463434
199,2502,3.3938103
199,474,3.3820765
199,736,3.3444242
199,1012,3.3218415
199,491,3.2773411
199,2353,3.2766438
199,1680,3.2704864
199,1120,3.267475
199,450,3.2550068
199,237,3.2293367
199,592,3.2266333
199,3269,3.2234802
199,339,3.215136
199,968,3.2098393
199,3100,3.2077422
199,1586,3.1952052
199,372,3.1395369
199,2297,3.1320388
199,3506,3.035899
199,3257,3.032022
199,2597,3.0156102
199,2154,2.9656775
199,2822,2.9210603
199,435,2.8744287
199,1604,2.8634536
199,1590,2.8241396
199,160,2.7195678
199,1381,2.5583153
199,258,2.5317535
199,1862,2.4690142
199,2701,2.3202293
4122,858,4.7509613
4122,527,4.659975
4122,1213,4.5088325
4122,1196,4.4805093
4122,111,4.462645
4122,2571,4.3942785
4122,1361,4.3547783
4122,1387,4.305805
4122,2918,4.2736416
4122,2248,4.2250824
4122,2599,4.186193
4122,3182,4.098208
4122,2243,4.0313787
4122,1885,4.0239887
4122,549,4.021983
4122,1078,3.9894648
4122,1261,3.9848933
4122,1171,3.8593965
4122,322,3.8426623
4122,441,3.7368999
4122,2406,3.5025716
4122,1127,3.4966128
4122,1101,3.4161024
4122,3809,3.2688255
4122,372,3.0904684
4122,2134,3.0590515
4122,2393,2.9645402
4122,2372,2.8970318
4122,1711,2.889974
4122,2447,2.7709572
4122,500,2.6424055
4122,2507,2.224928
4122,1772,2.1935673
4122,849,1.7937428
4122,1562,1.7014321
4122,2381,1.3862842
5394,904,4.3474574
5394,1193,4.2437553
5394,593,4.183271
5394,1196,4.1793957
5394,908,4.1724014
5394,111,4.1577854
5394,1247,4.152241
5394,910,4.1407533
5394,1947,4.0138397
5394,3421,3.9935563
5394,1214,3.967589
5394,909,3.9521794
5394,356,3.9448519
5394,2788,3.9344878
5394,457,3.9276838
5394,2918,3.9148722
5394,3006,3.8616972
5394,838,3.8583035
5394,915,3.8455787
5394,16,3.7795124
5394,1635,3.7748964
5394,3246,3.7666686
5394,1220,3.766662
5394,2333,3.7604468
5394,594,3.7005134
5394,2395,3.668421
5394,3252,3.6631942
5394,595,3.6551561
5394,3178,3.6452146
5394,1683,3.6397963
5394,1298,3.6336765
5394,3868,3.622984
5394,52,3.6177864
5394,1693,3.6093817
5394,2029,3.5937402
5394,2005,3.58746
5394,3358,3.58258
5394,2291,3.5792127
5394,2952,3.5781896
5394,2115,3.5498614
5394,380,3.5454113
5394,1297,3.497434
5394,1092,3.446126
5394,235,3.442731
5394,1805,3.4290023
5394,85,3.4077334
5394,2579,3.401267
5394,1589,3.3977761
5394,2102,3.3929625
5394,1378,3.3722763
5394,141,3.359974
5394,18,3.3488095
5394,2628,3.291968
5394,2057,3.2816405
5394,1513,3.2190866
5394,1405,3.0853548
5394,2249,3.0373192
5394,372,3.0321937
5394,1425,2.9833703
5394,2913,2.9212892
5394,2136,2.8082004
5394,2796,2.7776117
5394,3697,2.764136
5394,3780,2.7501144
5394,1603,2.699571
5394,2751,2.666304
5394,2615,2.6586082
5394,709,2.6175766
5394,784,2.5933266
5394,719,2.5525484
5394,88,2.5032434
5394,542,2.4663584
5394,2253,2.439972
5394,2121,2.3872416
5394,3388,2.3452072
5394,3258,2.286653
5734,1224,4.3159313
5734,1284,4.3133526
5734,541,4.29634
5734,1196,4.28611
5734,1225,4.2668805
5734,608,4.1857347
5734,1537,4.1290865
5734,3061,4.1252327
5734,293,4.1137066
5734,1961,4.071769
5734,2289,4.042563
5734,3421,4.0081987
5734,2081,3.9567459
5734,2599,3.9397182
5734,3260,3.8570094
5734,2080,3.8503225
5734,302,3.795168
5734,901,3.7767131
5734,1639,3.765576
5734,509,3.747492
5734,1183,3.7285237
5734,417,3.715014
5734,2912,3.6693668
5734,2145,3.6075706
5734,1569,3.5165553
5734,151,3.4824228
5734,3755,3.4678931
5734,3614,3.4234524
5734,2628,3.2230353
5734,254,3.1533024
5734,2262,3.0735774
5734,105,2.928296
5734,1381,2.0651248
3128,1233,4.4737005
3128,1250,4.3469734
3128,994,4.276912
3128,541,4.1821356
3128,2599,4.152997
3128,1079,4.1323376
3128,1947,4.073693
3128,58,4.025261
3128,357,3.9055462
3128,2108,3.895821
3128,1635,3.864522
3128,1186,3.8167048
3128,3067,3.7930026
3128,25,3.7296758
3128,785,3.582982
3128,3071,3.5752063
3128,52,3.465055
3128,1701,3.3614707
3128,417,2.9491577
3128,2311,2.8757153
3128,2033,2.7732563
3128,2105,2.4591749
3128,231,2.219842
3128,216,2.1153076
3128,208,1.8068058
3128,688,1.2778631
303,858,4.765997
303,2858,4.5613074
303,2028,4.5179586
303,1172,4.3937216
303,2248,4.3038487
303,17,4.2087455
303,3072,4.195809
303,1307,4.176603
303,515,4.1499915
303,3424,4.143006
303,3246,4.1404734
303,1285,4.139613
303,866,4.1179357
303,3751,4.057041
303,3071,4.0555468
303,2171,4.026515
303,2291,3.8795815
303,454,3.7334657
303,3252,3.6713572
303,2671,3.5063314
303,3446,3.443097
303,2710,3.4407709
303,2706,3.3925376
303,3809,3.2323716
303,372,3.099289
2112,1,3.737692
2112,480,3.5927937
2112,246,3.5216146
2112,11,3.4953213
2680,2203,4.001532
2680,1284,3.97719
2680,3435,3.9483795
2680,2692,3.8995178
2680,3814,3.8534307
2680,110,3.836255
2680,1294,3.7293954
2680,3334,3.7266777
2680,3363,3.6937344
2680,1244,3.5935755
2680,1069,3.5875428
2680,538,3.5481162
2680,1073,3.5363977
2680,3039,3.4965563
2680,3548,3.4920926
2680,3948,3.4550989
2680,3384,3.4510503
2680,3543,3.3875284
2680,3555,3.3735678
2680,2915,3.3546185
2680,1215,3.351972
2680,164,3.3343248
2680,1035,3.269342
2680,1344,3.230407
2680,2502,3.2282052
2680,3868,3.2155538
2680,43,3.185009
2680,2174,3.1429257
2680,187,3.0151715
2680,3534,2.813228
2680,2702,2.7559404
2680,370,2.5782397
1602,50,4.8753204
1602,1197,4.7290144
1602,608,4.6022806
1602,1956,4.565464
1602,2918,4.52757
1602,2959,4.437195
1602,1210,4.294231
1602,2716,4.251465
1602,3081,3.9358354
1602,2683,3.8460393
1602,2013,3.7880626
1602,2541,3.6064
1602,2724,3.0203862
1308,1198,4.174862
1308,3897,3.6648624
1308,1500,3.5903752
1308,1393,3.5154018
1308,3793,3.4581103
1308,2795,3.3315866
1308,2011,3.2739563
1308,2968,3.0816898
1308,3623,2.9251475
1308,3326,2.2387612
5134,1221,4.4077973
5134,111,4.176221
5134,1228,4.1140285
5134,1089,4.0675907
5134,3359,4.0196567
5134,457,3.938056
5134,1610,3.6619973
5134,2174,3.4230995
5595,750,4.401188
5595,2571,4.2354164
5595,2959,4.0347605
5595,1222,4.02592
5595,1333,3.8646626
5595,319,3.8223433
5595,3552,3.8166559
5595,1210,3.764999
5595,1748,3.7565403
5595,2948,3.714436
5595,3175,3.711574
5595,1584,3.5371346
5595,2001,3.1770413
5595,1527,3.1592135
5595,380,3.1589046
5595,198,3.1416163
5595,288,3.0462894
5595,344,2.701518
5595,2605,2.521513
5595,1676,2.376873
5595,2322,2.321452
5595,1603,2.0969448
5595,479,2.0701556
5595,2995,1.5310818
550,2019,4.6237855
550,908,4.490841
550,1172,4.2441635
550,3307,4.2399426
550,1256,4.2371454
550,1200,4.2160854
550,608,4.21329
550,919,4.211075
550,1214,4.2058125
550,457,4.080627
550,150,4.0745044
550,1263,4.0596633
550,1243,4.033654
550,3481,4.0245314
550,2871,3.995893
550,1292,3.9932227
550,2944,3.9928389
550,1161,3.976544
550,2398,3.9698095
550,1073,3.9441574
550,2018,3.9149795
550,1963,3.9143715
550,1784,3.9075406
550,1948,3.8864586
550,2872,3.859407
550,1845,3.8588626
550,290,3.8485274
550,94,3.8425748
550,334,3.8425267
550,1912,3.8360772
550,1673,3.8314338
550,1220,3.807907
550,2096,3.8031023
550,2068,3.7980049
550,3163,3.7816958
550,3361,3.7772672
550,515,3.7633529
550,2140,3.7513351
550,164,3.741101
550,1748,3.734357
550,2243,3.7266488
550,2750,3.724955
550,3678,3.7131023
550,2083,3.7053156
550,357,3.6990006
550,3260,3.664097
550,2455,3.6549354
550,2112,3.617522
550,3466,3.604631
550,3635,3.598252
550,1729,3.5916822
550,1025,3.5778801
550,2141,3.551969
550,316,3.5477984
550,2394,3.5441163
550,2278,3.5243952
550,549,3.5234268
550,1967,3.5170727
550,3502,3.506328
550,141,3.5050354
550,1016,3.497584
550,2409,3.4821193
550,3809,3.4742603
550,2418,3.4434423
550,1747,3.4175708
550,2430,3.4160697
550,3704,3.3786235
550,2912,3.36897
550,89,3.3299456
550,289,3.3113925
550,2738,3.2968123
550,2736,3.2868133
550,2453,3.258477
550,2826,3.2557971
550,616,3.2481422
550,2098,3.243567
550,70,3.229121
550,472,3.2137606
550,1911,3.1929975
550,517,3.140386
550,1642,3.137885
550,3264,3.128481
550,423,3.1211128
550,2059,3.103073
550,2092,3.0824304
550,1425,2.9820518
550,2471,2.9755158
550,415,2.9277594
550,48,2.9074023
550,313,2.8781555
550,1460,2.871126
550,2162,2.8277593
550,355,2.777342
550,2265,2.7532802
550,1556,2.460262
5018,1269,4.308611
5018,296,4.2624307
5018,3789,4.253501
5018,1240,4.2272654
5018,3095,4.180486
5018,2067,4.1767673
5018,1096,4.1476874
5018,293,4.1373224
5018,3224,4.0903506
5018,1084,4.0026913
5018,1959,3.9589772
5018,3361,3.8648462
5018,2610,3.8624725
5018,2020,3.8545237
5018,1958,3.825263
5018,1183,3.585432
5018,3308,3.541733
5018,1829,3.3994422
5018,2427,3.3576303
5265,1207,4.3959436
5265,50,4.368334
5265,3435,4.3159876
5265,3089,4.2498884
5265,1267,4.246663
5265,541,4.1421804
5265,1228,4.129579
5265,3897,4.1090612
5265,3091,4.0997
5265,3470,4.0928473
5265,1235,4.0536757
5265,1258,4.0400305
5265,924,4.028735
5265,1200,4.026471
5265,1719,3.9879317
5265,1287,3.9840078
5265,1952,3.973973
5265,1206,3.9550276
5265,1354,3.928103
5265,1333,3.9067965
5265,2664,3.9036188
5265,3728,3.8974013
5265,1077,3.8858485
5265,2908,3.851211
5265,3859,3.7882288
5265,1227,3.7867413
5265,1678,3.7847214
5265,3499,3.7669218
5265,2080,3.7555218
5265,3133,3.7056725
5265,3386,3.6823804
5265,3831,3.5123892
5265,2996,3.4328263
5265,762,2.3162007
659,1358,4.1648645
659,2329,4.1357446
659,1296,3.9541698
659,1682,3.9303806
659,1960,3.8367138
659,249,3.7356222
659,1393,3.6984677
659,11,3.6249733
659,1286,3.5969486
659,3706,3.53202
659,3791,3.4810886
659,3684,3.4263358
659,2639,3.3488812
2017,2571,4.769074
2017,1197,4.607011
2017,457,4.526416
2017,1094,4.113035
2017,1917,3.872598
2017,2628,3.8698223
2017,2875,3.8340988
2017,2393,3.7225285
2017,748,3.683212
2017,1562,2.702612
2017,2720,2.4800453
5037,3148,4.0974994
5037,3163,3.850403
5037,72,3.7742229
5037,3755,3.7593536
5037,2100,3.7020545
5037,3684,3.6677165
5037,2712,3.2170331
5011,1148,4.5217533
5011,2571,4.467923
5011,3949,4.431438
5011,1293,4.4276567
5011,1197,4.4226465
5011,1949,4.413734
5011,2324,4.388917
5011,903,4.3451867
5011,307,4.3263454
5011,541,4.3119125
5011,1246,4.265099
5011,1226,4.255066
5011,1307,4.2314153
5011,3753,4.1981654
5011,3654,4.189914
5011,2745,4.184647
5011,1171,4.173304
5011,2662,4.1695514
5011,1249,4.1374755
5011,3067,4.1265316
5011,1356,4.079254
5011,2109,4.072364
5011,1845,4.0671024
5011,3793,4.046033
5011,3082,4.0425034
5011,1968,4.025051
5011,3086,4.0072875
5011,3397,4.0004807
5011,2968,3.9960268
5011,2353,3.990177
5011,2863,3.988501
5011,1396,3.980225
5011,368,3.9793878
5011,653,3.975775
5011,222,3.9456844
5011,2011,3.943297
5011,2046,3.9384606
5011,708,3.9156594
5011,2413,3.9142823
5011,2527,3.8946943
5011,3534,3.8661597
5011,1205,3.8341355
5011,3040,3.797657
5011,586,3.7862089
5011,3863,3.7807322
5011,299,3.7772605
5011,3269,3.7599947
5011,367,3.7406561
5011,372,3.72643
5011,172,3.7256312
5011,2822,3.7001348
5011,2279,3.6731877
5011,173,3.6469424
5011,207,3.6461468
5011,2291,3.63723
5011,2034,3.6355958
5011,2094,3.6282408
5011,44,3.6267946
5011,2995,3.6183548
5011,548,3.6076183
5011,3387,3.6009202
5011,804,3.592452
5011,1831,3.5837567
5011,435,3.5714867
5011,2719,3.5699825
5011,3688,3.510982
5011,1583,3.4747896
5011,12,3.4588253
5011,405,3.4472768
5011,1126,3.1324086
300,858,4.6609893
300,919,4.4803834
300,608,4.4616103
300,3114,4.373192
300,47,4.3570633
300,1,4.3485126
300,1270,4.3337393
300,2791,4.3229856
300,3421,4.2651024
300,17,4.2554483
300,34,4.10672
300,2916,4.066723
300,1125,4.033372
300,3555,3.9286184
300,2470,3.9142675
300,2617,3.8697634
300,552,3.8616447
300,163,3.8605201
300,3635,3.7871442
300,434,3.7811968
300,1801,3.6948657
300,1135,3.5999956
300,3194,3.5954037
300,2469,3.5250695
300,1461,3.4813912
300,1377,3.1883292
1219,2571,4.6913486
1219,296,4.671245
1219,1097,4.4555116
1219,541,4.420746
1219,164,4.0822744
1219,349,4.061745
1219,2529,4.0133524
1219,1370,3.9206982
1219,3107,3.8970468
1219,480,3.8912933
1219,3948,3.7667434
1219,3753,3.7663507
1219,1518,3.7633097
1219,1129,3.701897
1219,543,3.701396
1219,163,3.6286423
1219,1620,3.6150832
1219,316,3.5728514
1219,648,3.5586033
1219,1377,3.4822497
1219,517,3.4470508
1219,653,3.331383
1219,2334,3.2612576
1219,2826,3.252956
1219,1379,3.2420652
1219,89,3.2093227
1219,1422,3.206274
1219,1876,3.201504
1219,780,3.1793928
1219,95,3.1780367
1219,1488,2.8935683
1219,1382,2.6111832
1219,485,2.4277725
1219,502,1.6806345
1219,1495,1.1710751
5223,2571,4.048585
5223,1199,4.0336003
5223,593,4.0165353
5223,2020,3.7743282
5223,1249,3.7131212
5223,1210,3.6566782
5223,2395,3.6319876
5223,441,3.5669568
5223,661,3.4523525
5223,2706,3.2403316
5223,543,3.2126362
5223,3571,3.1596103
5223,3703,3.0904803
5223,788,2.7632835
5223,3247,2.6174057
5223,1895,2.6060066
5223,1690,2.128018
5223,429,2.0380068
3333,1221,4.496318
3333,1242,4.2603517
3333,1263,4.190939
3333,3949,4.1883516
3333,1997,4.1871777
3333,2959,4.1398745
3333,223,3.9974618
3333,3526,3.9330764
3333,441,3.9119186
3333,1663,3.8909686
3333,349,3.8140209
3333,3052,3.7908483
3333,2706,3.7901163
3333,2987,3.7510343
3333,3718,3.692676
3333,3535,3.343562
3333,2702,3.314175
3333,2770,3.2916882
3333,24,3.2561715
3333,1848,2.6218991
3333,849,2.5936387
3333,1552,2.5926144
3333,2719,2.5696197
3333,3705,2.3205423
4597,480,3.8684564
4597,2605,3.1832042
551,2762,4.1410904
551,3578,4.131439
551,1224,4.105873
551,1963,4.0281076
551,1294,4.0217314
551,3090,4.0162563
551,3006,4.0142794
551,508,3.9785328
551,1278,3.933625
551,1300,3.9301956
551,800,3.9298477
551,1245,3.9055736
551,3811,3.8646362
551,3178,3.7733815
551,1171,3.7299469
551,1408,3.6502888
551,2137,3.6390092
551,1183,3.5801253
551,3034,3.563803
551,588,3.5545685
551,3100,3.5365193
551,2081,3.5338044
551,2437,3.4891686
551,368,3.477305
551,2912,3.4266956
551,3450,3.2312489
5497,1394,4.3850803
5497,2797,4.3099556
5497,2944,4.2671795
5497,589,4.2247405
5497,2791,4.2013216
5497,1784,4.154188
5497,3039,4.0441027
5497,514,3.8206184
5497,2102,3.7828317
5497,2105,3.7485228
5497,377,3.660447
5497,10,3.6522627
5497,1573,3.576052
5497,438,2.9712453
580,1289,3.5754519
580,3137,3.2693806
580,1589,3.2119641
580,3766,2.1699126
580,3768,1.782782
3869,3421,3.7006006
3869,2572,3.150824
3869,2294,3.046626
3869,1031,3.0078719
3869,2722,2.6869311
3869,2710,2.6308262
2069,1148,4.493165
2069,745,4.394265
2069,2289,3.771341
2069,3512,3.6995425
2069,367,3.4784424
2069,2124,3.3151922
2332,922,4.563568
2332,3468,4.293984
2332,3095,4.164829
2332,1956,4.118806
2332,2396,4.1129446
2332,3916,3.8683348
2215,1148,4.2864056
2215,2329,4.032763
2215,593,3.9812746
2215,2959,3.9634466
2215,2396,3.9296093
2215,2997,3.8101473
2215,1610,3.6250489
2215,3418,3.5689735
2215,3072,3.3783302
2215,21,3.356426
2215,3267,3.3080966
2215,229,3.2715416
2215,3476,3.2227879
2215,832,3.2074041
2215,3527,3.1983807
2215,648,2.9349318
2215,70,2.742272
2215,1792,2.6133614
2215,3262,2.5036762
2215,736,2.3120747
2215,2338,1.6118538
5359,593,4.417626
5359,919,4.3279543
5359,1234,4.319949
5359,1240,4.3172817
5359,1963,4.1922436
5359,2336,4.18004
5359,1617,4.172517
5359,951,4.172452
5359,2918,4.1612577
5359,3147,4.154025
5359,36,4.1451597
5359,3952,4.100933
5359,3363,4.076866
5359,1230,4.0202584
5359,553,3.963573
5359,2018,3.952564
5359,175,3.9524064
5359,3481,3.9466987
5359,3175,3.9450493
5359,1396,3.93777
5359,2139,3.907205
5359,1019,3.8965788
5359,1022,3.868158
5359,3148,3.852382
5359,1653,3.7964838
5359,1645,3.7724936
5359,1589,3.7590306
5359,316,3.7556515
5359,2112,3.6922812
5359,2011,3.6614003
5359,2002,3.6510284
5359,1552,3.6345377
5359,3745,3.6313312
5359,2278,3.6170378
5359,340,3.6104202
5359,1892,3.5995574
5359,376,3.5814404
5359,2089,3.5641532
5359,3081,3.5525465
5359,95,3.5374265
5359,2290,3.5288374
5359,788,3.4620333
5359,3863,3.4509335
5359,3893,3.443668
5359,1488,3.3923662
5359,3791,3.381033
5359,1616,3.3429804
5359,2334,3.316346
5359,1894,3.2652965
5359,153,3.0954456
5359,173,2.693169
5359,193,2.5719059
5359,839,2.3368633
5359,2808,2.3222694
3329,1207,3.9846241
3329,858,3.9402552
3329,1203,3.8978472
3329,1204,3.8619218
3329,1223,3.774508
3329,1219,3.767573
3329,1284,3.74039
3329,3629,3.732425
3329,926,3.727299
3329,246,3.6959667
3329,1254,3.6590238
3329,1,3.521368
3329,3468,3.456891
3329,1095,3.4496891
3329,920,3.3893356
3329,3504,3.3577678
3329,1921,3.2648747
3329,39,2.9081297
4562,318,4.432455
4562,1617,4.0777383
4562,608,4.071575
4562,2858,4.0453153
4562,541,3.9769883
4562,1269,3.950172
4562,2791,3.8965971
4562,17,3.8583121
4562,150,3.8489313
4562,1270,3.829723
4562,1625,3.82311
4562,1090,3.822434
4562,1077,3.8192527
4562,2542,3.8027458
4562,1243,3.780997
4562,2109,3.74763
4562,2355,3.7300668
4562,125,3.7130785
4562,588,3.6957717
4562,592,3.643409
4562,1097,3.6386578
4562,3552,3.5845199
4562,141,3.5777524
4562,2841,3.5666559
4562,300,3.5643601
4562,356,3.562003
4562,3253,3.5592318
4562,2968,3.5280282
4562,837,3.4751027
4562,2011,3.4060612
4562,968,3.3848376
4562,1812,3.3444242
4562,1569,3.3439245
4562,3045,3.320417
4562,372,3.307969
4562,2589,3.2933302
4562,153,2.9776497
4302,1198,4.6027546
4302,1225,4.4990854
4302,1956,4.32873
4302,2791,4.2822247
4302,2359,4.2021437
4302,2020,4.1663322
4302,1220,4.1442776
4302,1957,4.0885553
4302,357,4.0756097
4302,1580,4.0413704
4302,1678,4.023697
4302,3033,3.8948305
4302,1909,3.8944023
4302,2455,3.8082118
4302,3262,3.6059012
4302,852,3.5864165
4302,105,3.5290608
4302,2906,3.2378998
2172,318,4.3056026
2172,1256,4.0304008
2172,2858,3.9733686
2172,1247,3.890071
2172,2729,3.7645144
2172,2918,3.696556
2172,3067,3.6417747
2172,1179,3.58775
2172,3098,3.579086
2172,595,3.5732355
2172,1968,3.5562196
2172,3129,3.4220827
2172,2700,3.4152853
2172,2080,3.3754296
2172,3418,3.3655438
2172,3052,3.3579192
2172,2125,3.3251765
2172,151,3.3110998
2172,175,3.2993145
2172,253,3.216928
2172,597,3.184341
2172,2115,3.165153
2172,1059,3.1631742
2172,2193,3.14193
2172,799,3.0720267
2172,353,3.0425448
2172,2420,2.964789
2172,2046,2.958457
2172,1458,2.9346573
2172,2337,2.908374
2172,3557,2.722196
2172,783,2.6901333
2172,2012,2.5716
2172,188,2.5689507
2172,2822,2.247654
2172,2468,2.2383919
2172,1601,2.0675874
2172,1483,1.7423389
2172,3439,1.586241
5962,1196,4.460987
5962,608,4.460046
5747,1136,4.5153446
5747,3469,4.5085955
5747,913,4.48279
5747,969,4.427605
5747,2324,4.426676
5747,1617,4.412058
5747,3091,4.401933
5747,1172,4.360609
5747,2859,4.2565656
5747,1291,4.220974
5747,529,4.20387
5747,1240,4.183488
5747,3037,4.176077
5747,581,4.1746883
5747,1097,4.1553335
5747,17,4.140729
5747,3552,4.036274
5747,3499,4.0102663
5747,2018,3.9815984
5747,2872,3.947995
5747,1653,3.9031563
5747,1965,3.8999329
5747,2096,3.8802094
5747,1580,3.8772118
5747,1959,3.8740208
5747,474,3.8638752
5747,3100,3.784556
5747,2427,3.7157426
5747,2403,3.7056687
5747,2437,3.6655152
5747,3070,3.6050673
5747,2115,3.6024597
5747,760,3.6010401
5747,1611,3.5947108
5747,2989,3.569764
5747,1059,3.556291
5747,610,3.550184
5747,1909,3.5362642
5747,480,3.5158052
5747,86,3.5146513
5747,2011,3.4983878
5747,2457,3.3844922
5747,781,3.3378072
5747,1608,3.308483
5747,3036,3.236874
5747,1917,3.159394
5747,2297,2.9227073
5747,1676,2.9108007
5747,2822,2.7102203
5747,292,2.6465778
5747,1320,2.5304372
5747,2354,2.4352093
5747,3557,2.3159766
5747,208,2.207165
5747,3563,2.185366
5747,1690,2.165587
5747,2147,2.1284575
5747,2404,1.9964176
5747,1373,1.8826644
5747,2053,1.6349376
5747,2903,1.5768073
5747,3439,1.500249
5747,1427,1.3790827
5747,355,1.3690062
5747,1862,1.3172734
5747,2643,1.2806334
5747,1445,1.2631574
5747,546,1.2116479
5747,1981,1.1916887
692,318,4.990301
692,2329,4.467018
692,919,4.4558344
692,1243,4.402603
692,29,4.3631797
692,3911,4.343315
692,2202,4.2557535
692,3504,4.248907
692,2137,4.2275467
692,1266,4.2136717
692,150,4.2118616
692,364,4.210817
692,2118,4.2013464
692,2395,4.1831913
692,1012,4.1362147
692,2302,4.0935373
692,2080,4.065423
692,3505,4.053874
692,2150,4.047887
692,1095,4.038128
692,1527,4.0126023
692,2273,4.0105457
692,587,3.9653366
692,2278,3.9585752
692,1909,3.9527204
692,480,3.9439588
692,288,3.890508
692,647,3.8832119
692,1542,3.8744838
692,454,3.8394275
692,521,3.8164983
692,2844,3.8125126
692,2105,3.783944
692,2348,3.7761652
692,2989,3.7574992
692,2167,3.7533464
692,1339,3.67977
692,3763,3.6795235
692,22,3.6765654
692,1129,3.6695824
692,852,3.661852
692,1620,3.6590908
692,112,3.6426983
692,1380,3.5555668
692,2628,3.5091507
692,1711,3.431826
692,3173,3.3948462
692,1003,3.3714724
692,1391,3.360917
692,303,3.342885
692,1409,3.2065861
692,2269,3.1308231
692,3557,3.036138
692,1833,2.8659587
692,996,2.7673094
692,160,2.6578968
692,879,2.5190473
692,2428,2.4901178
4466,2858,4.3624706
4466,2859,4.137937
4466,1956,4.086064
4466,3508,4.0562754
4466,1625,3.9956398
4466,1663,3.7846558
4466,1965,3.7449834
4466,1295,3.6531744
4466,2349,3.6294703
4466,1958,3.5902512
4466,3081,3.5066557
4466,3169,3.501822
4466,3448,3.487432
4349,2810,1.9861625
4349,3773,1.7622318
4349,1769,1.5520924
5440,2359,4.6068735
5440,635,4.4008274
5440,2321,4.349453
5440,3466,4.2696915
5440,1883,4.064006
5440,2496,3.9279976
5440,735,3.6975489
2629,1221,4.581659
2629,296,4.5784783
2629,1387,4.479863
2629,1291,4.425214
2629,47,4.4205594
2629,1961,4.402502
2629,2921,4.24551
2629,3098,4.235674
2629,1625,4.2044287
2629,1092,4.161865
2629,3552,4.1593237
2629,1186,4.122382
2629,2288,4.1088705
2629,2915,4.0591354
2629,25,4.026236
2629,1396,3.9496114
2629,3249,3.9155312
2629,2340,3.8852043
2629,2476,3.873854
2629,2605,3.8437848
2629,2402,3.618347
2629,303,3.60538
2629,1876,3.590288
2629,442,3.4705
2629,736,3.3719056
2629,3434,3.131948
1062,913,4.875972
1062,1251,4.6877756
1062,3629,4.6666703
1062,1952,4.6570168
1062,1231,4.6451125
1062,1235,4.6296453
1062,2248,4.6038156
1062,1079,4.5256853
1062,594,4.458267
1062,3788,4.370321
1062,588,4.355578
1062,3129,4.3550014
1062,3448,4.3431354
1062,2000,4.304428
1062,2988,4.2442074
1062,2779,4.1006784
1062,3863,3.9191213
1062,2469,3.87103
2174,2395,3.7900946
2174,1500,3.7221217
2174,357,3.644547
2174,3252,3.6317291
2174,380,3.5918365
2174,1660,3.547181
2174,1485,3.4934978
2174,708,3.4932294
2174,1614,3.1376097
2174,372,3.086
5426,1198,4.1914406
5426,1240,3.8581235
5426,800,3.8248997
5426,380,3.7363641
5426,480,3.717906
5426,1663,3.6943564
5426,1246,3.6826892
5426,3702,3.631765
5426,3087,3.6175644
5426,2470,3.5916696
5426,1378,3.5563855
5426,3256,3.5514278
5426,1672,3.5187368
5426,1518,3.494153
5426,588,3.493362
5426,648,3.421877
5426,1613,3.4126706
5426,339,3.4121647
5426,2683,3.3699942
5426,1347,3.33666
5426,3450,3.327696
5426,3247,3.2801723
5426,2915,3.2753215
5426,3685,3.255011
5426,426,3.2509263
5426,724,3.242727
5426,3005,3.2302918
5426,1676,3.2040296
5426,2378,3.1869972
5426,1747,3.092742
5426,798,3.0633194
5426,3176,2.7285197
5426,3773,2.598766
4897,1250,3.9923701
4897,110,3.9619508
4897,1387,3.8073826
4897,1291,3.7758687
4897,3362,3.6791415
4897,480,3.667194
4897,1270,3.6621375
4897,1333,3.652409
4897,1080,3.6460013
4897,2871,3.6221833
4897,1380,3.593611
4897,2664,3.584183
4897,3088,3.5807776
4897,2355,3.5326915
4897,1356,3.4783528
4897,1127,3.4376464
4897,2099,3.42865
4897,349,3.4055433
4897,34,3.3963299
4897,2922,3.387984
4897,3033,3.3430285
4897,1518,3.3063006
4897,736,3.2662997
4897,2363,3.2169127
4897,661,3.204347
4897,1347,3.19131
4897,1030,3.1776316
4897,2078,3.17525
4897,2746,3.1643124
4897,1327,3.0928564
4897,2121,3.014954
4897,3732,3.004733
4897,2717,3.0003853
4897,748,2.992581
4897,1334,2.9163325
4897,455,2.7949095
4897,1323,1.9883641
598,3203,3.3443193
598,2710,2.7233343
598,3285,2.1850715
1258,913,4.7705464
1258,2203,4.739185
1258,290,4.4363623
2952,858,5.010944
2952,527,4.8652635
2952,1617,4.736946
2952,923,4.6960306
2952,1225,4.6722503
2952,1234,4.6637416
2952,1358,4.609187
2952,1719,4.4000435
2952,1028,4.311185
2952,1179,4.1566114
2952,272,4.1383133
2952,932,4.070998
2952,3360,3.959238
2952,851,3.760123
1969,2858,4.6623764
1969,1213,4.6294155
1969,1358,4.6109667
1969,1197,4.593381
1969,1193,4.580194
1969,2329,4.528823
1969,1097,4.3504715
1969,2664,4.310312
1969,592,4.2201185
1969,2139,4.219118
1969,2716,4.2172127
1969,1653,4.202927
1969,2115,4.191666
1969,2968,4.190593
1969,1730,4.1616964
1969,249,4.1567426
1969,968,4.152511
1969,1693,4.1307592
1969,3108,4.122676
1969,223,4.0907145
1969,2952,4.0768867
1969,3624,4.071121
1969,3418,4.0542545
1969,2348,4.0440016
1969,377,4.0012245
1969,2090,3.9917603
1969,3398,3.990505
1969,1017,3.9786203
1969,163,3.959708
1969,733,3.9562907
1969,2097,3.939402
1969,2048,3.936819
1969,236,3.9235802
1969,1754,3.8939252
1969,1645,3.8477979
1969,1020,3.783253
1969,2393,3.7713065
1969,2702,3.771143
1969,1621,3.7210498
1969,491,3.655569
1969,2794,3.6277838
1969,1783,3.5974984
1969,2587,3.5383718
1969,1030,3.419582
1969,547,3.2391446
1969,70,3.1802378
1969,2822,3.0909023
1969,830,3.086018
1969,2052,2.641241
1969,673,2.6229322
1969,374,2.2413504
1969,1972,1.9746854
2241,905,4.6031857
2241,593,4.602652
2241,926,4.551411
2241,1950,4.495242
2241,1301,4.310873
2241,2664,4.266408
2241,1643,4.236703
2241,1936,4.1594267
2241,1017,3.9720652
2241,2017,3.6096187
1680,912,4.5505085
1680,908,4.5017586
1680,800,4.346868
1680,1228,4.3438683
1680,1199,4.3074465
1680,1189,4.3019047
1680,1301,4.264489
1680,1299,4.247138
1680,741,4.242996
1680,670,4.2411566
1680,2918,4.2063932
1680,2692,4.206114
1680,1251,4.195949
1680,475,4.156313
1680,1264,4.1448135
1680,1704,4.129388
1680,590,4.11952
1680,1625,4.104495
1680,2739,4.084934
1680,581,4.0848217
1680,2359,4.080375
1680,2303,4.0766573
1680,594,4.0497556
1680,2248,4.0465336
1680,2076,4.0428696
1680,16,4.034837
1680,921,4.0325737
1680,1959,4.0212145
1680,3160,4.0141563
1680,1210,4.0105014
1680,2872,4.0088634
1680,2000,4.0016174
1680,1215,3.9988809
1680,1912,3.9920876
1680,1012,3.9905806
1680,2946,3.9881217
1680,596,3.9756439
1680,125,3.9710436
1680,2108,3.9691324
1680,846,3.9670134
1680,1285,3.9602714
1680,3727,3.949648
1680,1466,3.9425166
1680,1029,3.934862
1680,3361,3.9291775
1680,1357,3.928259
1680,2295,3.926683
1680,831,3.9134164
1680,1081,3.9106374
1680,680,3.9053407
1680,1396,3.9026072
1680,2134,3.9008212
1680,3936,3.896147
1680,621,3.8916636
1680,1298,3.8844461
1680,2347,3.8831043
1680,2929,3.882549
1680,1464,3.8816128
1680,3480,3.8725922
1680,2499,3.8701284
1680,1904,3.864553
1680,2080,3.853426
1680,2087,3.8468344
1680,205,3.8467999
1680,2100,3.8466837
1680,3552,3.8424513
1680,991,3.835631
1680,2272,3.833821
1680,1337,3.8331103
1680,1378,3.8291507
1680,2390,3.8207994
1680,1569,3.819303
1680,2706,3.8188715
1680,3108,3.8133903
1680,271,3.811149
1680,2990,3.8024054
1680,2622,3.7919497
1680,2730,3.7884893
1680,2117,3.7874198
1680,766,3.786932
1680,175,3.7817006
1680,3087,3.7789884
1680,3397,3.7788773
1680,211,3.776855
1680,1480,3.775829
1680,2261,3.7711039
1680,753,3.7661655
1680,2189,3.7595208
1680,461,3.7566736
1680,2600,3.7555172
1680,2250,3.7504072
1680,2291,3.7475896
1680,3565,3.7394578
1680,1342,3.728735
1680,2672,3.723047
1680,2942,3.7214944
1680,257,3.713383
1680,2518,3.712646
1680,2759,3.689562
1680,1286,3.6890693
1680,585,3.6887283
1680,1722,3.6836615
1680,2304,3.6750953
1680,2002,3.6716764
1680,2110,3.6652627
1680,3145,3.6460698
1680,70,3.6449342
1680,1369,3.6430182
1680,691,3.6427026
1680,113,3.634452
1680,1173,3.6174488
1680,2397,3.6101296
1680,2077,3.6051764
1680,2712,3.6005595
1680,3684,3.5979898
1680,3211,3.5886989
1680,2320,3.5874555
1680,2120,3.5748563
1680,2271,3.5728345
1680,2774,3.569943
1680,1016,3.552285
1680,2195,3.5474975
1680,997,3.5401816
1680,421,3.510827
1680,1515,3.5056074
1680,352,3.501306
1680,2900,3.4942098
1680,2365,3.4810045
1680,2478,3.4806154
1680,1974,3.4737418
1680,2252,3.473609
1680,1554,3.4650104
1680,1030,3.439148
1680,2606,3.435863
1680,3324,3.4090037
1680,637,3.4061115
1680,2713,3.3871284
1680,731,3.37784
1680,3841,3.377623
1680,3584,3.3678033
1680,2031,3.36629
1680,3587,3.3516202
1680,2530,3.350697
1680,3773,3.3398917
1680,2387,3.3245113
1680,2373,3.3164506
1680,76,3.2998853
1680,15,3.294887
1680,2126,3.2809377
1680,2328,3.272565
1680,1483,3.2559812
1680,2464,3.244269
1680,3438,3.241687
1680,2170,3.2295952
1680,436,3.2146134
1680,1004,3.1934512
1680,709,3.180192
1680,2122,3.1759508
1680,1881,3.1719103
1680,3838,3.1610947
1680,3672,3.1323419
1680,3325,3.1290307
1680,2710,3.0929472
1680,3937,3.0849843
1680,3840,3.0488164
1680,2322,3.030888
1680,3802,3.0009346
1680,3662,2.9651024
1680,2907,2.9576435
1680,1590,2.9309623
1680,2806,2.916314
1680,2719,2.8430867
1680,737,2.8249538
1680,533,2.8156953
1680,540,2.7172356
1680,244,2.5709682
1680,3918,2.5036006
1680,1126,2.4868305
1680,1990,2.406722
1680,519,2.3947263
1680,3663,2.3093903
1680,473,2.2032955
1680,2380,2.1579223
1680,1882,2.1093237
1680,2982,2.0031624
1680,2974,1.6740162
2038,260,4.4520526
2038,904,4.4332366
2038,750,4.3729525
2038,1250,4.346094
2038,1299,4.3040724
2038,608,4.2776294
2038,1104,4.237866
2038,1304,4.229785
2038,2208,4.204953
2038,2935,4.1594234
2038,3035,4.1152124
2038,1264,4.1042275
2038,111,4.0815716
2038,1288,4.0763025
2038,978,4.0723248
2038,3341,4.0203695
2038,1674,4.018601
2038,1291,4.008086
2038,800,4.004591
2038,1270,4.0036087
2038,2565,3.989815
2038,595,3.9339395
2038,2289,3.93026
2038,3104,3.911088
2038,364,3.9028053
2038,3061,3.8855395
2038,1408,3.8788927
2038,1784,3.8676412
2038,1127,3.8319468
2038,3168,3.8003976
2038,3072,3.6933668
2038,1345,3.6299782
2038,1951,3.6118069
2038,1380,3.5777025
2038,500,3.5580125
2038,937,3.5569367
2038,21,3.5402205
2038,368,3.5056417
2038,3684,3.4575362
2038,1447,3.4274895
2038,3099,3.4123623
2038,2470,3.4103987
2038,3633,3.3366876
2038,367,3.3337705
2038,377,3.321045
2038,2023,3.2890983
2038,3602,2.916112
2038,2369,2.7982538
4381,1256,4.30169
4381,2324,4.2882633
4381,1233,4.287441
4381,913,4.2759647
4381,1197,4.25548
4381,1260,4.248832
4381,1172,4.236474
4381,955,4.1928988
4381,1086,4.17141
4381,2692,4.155943
4381,1201,4.1309786
4381,1953,4.119832
4381,1944,4.1149244
4381,1258,4.1086864
4381,2997,4.106181
4381,17,4.027942
4381,1307,4.016607
4381,589,3.9893193
4381,2020,3.9885364
4381,1023,3.968712
4381,47,3.9013934
4381,2947,3.8908749
4381,1210,3.8345537
4381,3104,3.8130033
4381,1639,3.8013015
4381,1734,3.7256565
4381,2078,3.724843
4381,1097,3.7015767
4381,3812,3.503785
4381,2481,3.4925718
4381,3081,3.4194875
4381,1777,3.2625008
4381,3809,3.2598968
4381,1587,3.2359567
4381,3633,3.1575036
4381,2116,3.1550832
4381,3298,3.0620272
4381,3770,2.8916533
4381,1009,2.8621652
4381,1018,2.8330197
4381,188,2.8118026
4381,1513,2.5576627
4381,879,2.311172
4381,1801,2.3009434
4381,3847,2.2208784
4381,3838,1.9302659
4381,3768,1.6745574
1421,50,4.470065
1421,1617,4.2011957
1421,2324,4.122489
1421,3114,4.0671086
1421,1270,3.8358731
1421,2355,3.8171108
1421,2890,3.78577
1421,2791,3.77728
1421,1584,3.5994096
1421,3174,3.5116475
1421,3893,3.4673686
1421,3052,3.4279144
1421,1840,3.360269
1421,2759,3.220277
1421,2539,3.105949
1421,367,3.0125313
1421,2253,2.282871
1421,3889,1.8481841
1794,260,3.789532
1794,1197,3.571762
1794,3481,3.1678994
1794,3147,3.1261082
1794,232,3.067319
1794,1610,3.0478184
1794,2599,2.940724
1794,1527,2.8944983
1794,1653,2.8402214
1794,778,2.792592
1794,1729,2.7775526
1794,1183,2.7746985
1794,337,2.7487447
1794,3359,2.7195795
1794,3176,2.7042716
1794,1094,2.6568687
1794,1897,2.6418462
1794,1584,2.6339803
1794,1372,2.6313171
1794,3448,2.6180146
1794,1429,2.6022651
1794,151,2.576843
1794,2100,2.5213923
1794,3082,2.4845207
1794,2174,2.477565
1794,1627,2.4627838
1794,1370,2.3851852
1794,3712,2.3839726
1794,2617,2.2931325
1794,2822,2.2069886
1794,1027,2.167042
1794,280,2.1597753
1794,879,2.144754
1794,2771,2.1135929
1794,1047,2.086778
1794,2001,2.0826669
1794,2540,2.0566778
1794,434,2.0531974
1794,2699,1.9439886
1794,2625,1.943422
1794,1377,1.8842659
1794,552,1.8098092
1794,2004,1.6527703
1794,3484,1.6070757
1794,3826,1.5810666
1794,3825,1.5769997
1794,1483,1.547615
1794,2126,1.497416
1794,548,1.4802332
1794,378,1.4363685
1794,3273,1.4247932
1794,2269,1.2446939
1794,3593,1.1529821
5555,2762,4.05953
5555,608,4.036126
5555,3265,3.9758499
5555,1111,3.9757147
5555,1266,3.9642997
5555,1258,3.9592962
5555,1208,3.9284868
5555,2565,3.8483813
5555,32,3.8451478
5555,1274,3.7379856
5555,1682,3.7045798
5555,1090,3.6683114
5555,1608,3.586194
5555,1580,3.5802212
5555,2916,3.494405
5555,1356,3.4719744
5555,1073,3.4509485
5555,1321,3.4435275
5555,1459,3.3746963
5555,587,3.341046
5555,2002,3.3168983
5555,2572,3.298442
5555,344,3.2768412
5555,1485,3.2677202
5555,595,3.252905
5555,2985,3.2166214
5555,3513,3.2075644
5555,3081,3.156662
5555,1753,3.0932178
5555,2424,3.0713034
5555,2605,2.9719088
5555,376,2.8801613
5555,2427,2.8133733
5555,3698,2.804769
5555,89,2.7509787
5555,996,2.7281556
5555,1320,2.6096594
5555,1772,2.5866325
5555,2107,2.5668297
5555,798,2.4773688
5555,3438,2.4623797
5555,3354,2.3650215
5555,23,2.3597727
5555,2808,2.1073012
5555,547,2.0595093
5555,762,1.8408816
5555,1626,1.7039131
5555,1869,1.5204196
5555,2807,1.2216415
744,1221,4.3269353
744,912,4.277052
744,2571,4.2299957
744,2716,3.9968936
744,3868,3.8648055
744,3361,3.8155742
744,1580,3.7677226
744,2926,3.733664
744,1344,3.7257211
744,2167,3.684866
744,1479,3.4653177
744,1517,3.4610915
744,2641,3.4077551
744,3235,3.3764787
744,2410,3.141852
744,2378,2.9961014
744,2404,2.467782
744,2720,2.2208855
744,2422,2.0152485
744,2807,1.9094315
5574,541,4.539537
5574,903,4.494352
5574,1097,4.263186
5574,1625,4.233403
5574,2288,4.092543
5574,2080,4.069493
5574,2076,3.9808297
5574,2125,3.973764
5574,2087,3.972112
5574,1967,3.9324155
5574,3703,3.9225073
5574,2746,3.6783977
5574,2033,3.3983703
5574,1983,2.9888663
5574,2120,2.976908
5574,1327,2.8609018
5574,1975,2.6813986
5574,1981,1.6303571
1974,908,4.3809924
1974,593,4.375257
1974,2571,4.3686304
1974,1214,4.195581
1974,1111,4.1903896
1974,2918,4.1445255
1974,1300,4.133987
1974,1307,4.102916
1974,2183,4.076929
1974,2819,4.0736365
1974,3201,4.064847
1974,1719,4.056861
1974,2575,4.052108
1974,1244,4.0482893
1974,2716,4.041456
1974,2398,4.0091543
1974,3910,4.005755
1974,3160,3.989888
1974,2160,3.9711819
1974,3096,3.966209
1974,364,3.960277
1974,595,3.9437387
1974,3079,3.9015193
1974,3175,3.8807814
1974,2797,3.8797426
1974,2690,3.8699274
1974,34,3.8690016
1974,531,3.8168192
1974,1414,3.7931325
1974,1721,3.793087
1974,1951,3.7821321
1974,2321,3.754118
1974,2916,3.7526464
1974,2109,3.692057
1974,1376,3.683007
1974,3524,3.682074
1974,587,3.6778672
1974,3794,3.6239917
1974,3081,3.6046503
1974,509,3.569046
1974,1747,3.546197
1974,339,3.4951706
1974,3066,3.4653425
1974,3515,3.4024305
1974,1805,3.3621626
1974,3633,3.3386483
1974,674,3.3179665
1974,2145,3.2828648
1974,3016,3.1930532
1974,2259,2.438598
3491,2858,4.1850104
3491,3481,4.143436
3491,73,4.099375
3491,296,4.0850306
3491,2871,4.072344
3491,2959,4.070304
3491,1721,4.068178
3491,3420,4.055355
3491,1321,4.049674
3491,2921,4.043931
3491,2347,4.018265
3491,553,4.0108943
3491,500,3.9998813
3491,1619,3.9898996
3491,1125,3.9699774
3491,1645,3.924755
3491,1968,3.9215882
3491,2908,3.9202273
3491,1466,3.917231
3491,2470,3.8953009
3491,2058,3.8818207
3491,2140,3.8739715
3491,1476,3.869545
3491,3174,3.8465989
3491,1290,3.834564
3491,2076,3.8322663
3491,21,3.8248308
3491,2600,3.806046
3491,3081,3.804481
3491,2676,3.7939188
3491,1660,3.7878466
3491,2090,3.7825
3491,2640,3.7803116
3491,3478,3.7761326
3491,2405,3.768964
3491,2133,3.7647314
3491,22,3.753058
3491,1347,3.7514734
3491,3550,3.74453
3491,2262,3.7249246
3491,2796,3.6918302
3491,340,3.6915345
3491,317,3.684897
3491,3444,3.684659
3491,2770,3.680096
3491,1687,3.6754076
3491,784,3.6733742
3491,1030,3.6711378
3491,383,3.66292
3491,2792,3.6573708
3491,3587,3.6545494
3491,3708,3.6355186
3491,3024,3.5773625
3491,135,3.5730088
3491,1021,3.5720377
3491,132,3.5581036
3491,2853,3.5565338
3491,520,3.5484724
3491,2458,3.5399528
3491,891,3.5349278
3491,1973,3.530692
3491,1513,3.5281675
3491,2900,3.5177698
3491,1377,3.515345
3491,3646,3.5127237
3491,2806,3.4826899
3491,880,3.4749541
3491,1979,3.4173472
3491,1971,3.4137352
3491,2699,3.3902407
3491,1126,3.1172714
18,2019,4.9148397
18,2858,4.695539
18,2028,4.6557684
18,1387,4.477622
18,17,4.459038
18,1960,4.4512577
18,1036,4.322031
18,1954,4.3159413
18,588,4.272023
18,1271,4.2575884
18,1357,4.2172976
18,302,4.176418
18,1032,4.166986
18,2993,4.156329
18,3703,4.1090927
18,1210,4.0992694
18,2080,4.0765038
18,2294,4.023943
18,353,3.8812826
18,163,3.8359919
18,2394,3.8277695
18,2001,3.6706085
18,1805,3.4896512
18,3247,3.2299402
18,2826,3.2027764
18,3489,2.7673473
18,3705,2.6346388
18,168,2.5896919
18,2373,1.8124206
18,2404,1.768168
18,737,1.7270702
18,291,1.6214594
18,405,1.4202181
5614,1221,4.3797374
5614,1136,4.323465
5614,541,4.3035917
5614,1264,4.247604
5614,2396,4.240372
5614,1247,4.2379065
5614,1270,4.2005463
5614,1298,4.17245
5614,1214,4.167021
5614,2819,4.162414
5614,1226,4.155215
5614,1252,4.142514
5614,1955,4.1347685
5614,1243,4.1044035
5614,2932,4.1005087
5614,2948,4.0930624
5614,3498,4.061102
5614,2529,4.0466824
5614,920,4.0416365
5614,6,4.0372725
5614,1256,4.03129
5614,1584,4.0263643
5614,3386,4.0237293
5614,1265,4.018948
5614,2018,4.0101333
5614,2139,4.006342
5614,2352,4.0062838
5614,1162,4.004
5614,1408,3.9854317
5614,3256,3.9776263
5614,337,3.9760292
5614,2150,3.9731855
5614,1103,3.9716346
5614,2318,3.971241
5614,2502,3.9680364
5614,588,3.9649596
5614,2640,3.943392
5614,2058,3.9324114
5614,3724,3.9132519
5614,1517,3.910597
5614,2125,3.905744
5614,1633,3.892316
5614,2991,3.8828099
5614,1968,3.8799033
5614,329,3.8694642
5614,1625,3.8663425
5614,2997,3.859548
5614,2915,3.8488574
5614,1821,3.8463187
5614,1206,3.82716
5614,507,3.8242316
5614,2912,3.8216882
5614,1347,3.801866
5614,2499,3.7945812
5614,2167,3.79216
5614,708,3.7919192
5614,357,3.786325
5614,2405,3.782343
5614,1371,3.7520752
5614,72,3.7456224
5614,534,3.743826
5614,339,3.7371688
5614,1690,3.7311916
5614,1580,3.7111812
5614,24,3.7046247
5614,2428,3.6578448
5614,3016,3.6116676
5614,2435,3.6092663
5614,225,3.590384
5614,2252,3.5595818
5614,2533,3.5554576
5614,366,3.5480676
5614,1051,3.5385244
5614,2949,3.4767604
5614,464,3.4445918
5614,1037,3.421848
5614,434,3.3942842
5614,2456,3.3744874
5614,168,3.3682299
5614,1833,3.2518091
5614,1882,3.2216532
5614,2735,3.1337361
5614,3758,3.1143036
5614,2034,3.0283625
5614,2253,2.6617792
5614,1862,2.6095579
5614,1984,2.5618424
214,3429,4.357495
214,3949,4.2558684
214,3114,4.2246747
214,345,3.7780092
214,2987,3.4577227
214,2155,3.40361
214,2774,3.3179772
214,1042,3.107325
214,367,2.9469905
214,2507,2.2613962
214,3146,1.9860132
214,487,1.7598149
214,2606,1.6267157
3297,2028,4.08737
3297,1704,3.6237426
3297,3624,3.45992
3297,595,3.3170338
3297,1466,3.2956393
3297,2167,3.2127795
3297,3186,3.19879
3297,3298,3.1371922
3297,21,3.1177216
3297,2394,3.1003315
3297,2622,3.0845876
3297,1821,3.0483932
3297,3540,2.458272
1155,50,4.345751
1155,1266,4.0268354
1155,1704,4.005947
1155,1358,4.0019336
1155,1240,3.947553
1155,2289,3.764347
1155,1275,3.5479505
1155,21,3.4017859
1155,2613,3.1143055
1155,1127,3.0084713
1155,648,2.9511354
1155,1876,2.8144205
1155,2641,2.7024288
1155,1801,2.4484353
1155,2404,1.5837063
1058,2571,4.368334
1058,1240,4.195812
1058,246,4.1612196
1058,2966,4.1399937
1058,111,4.0977516
1058,110,4.0795603
1058,232,4.033428
1058,2064,4.021327
1058,1188,3.9808211
1058,2706,3.8838162
1058,3104,3.8735304
1058,1127,3.8517246
1058,2502,3.830758
1058,610,3.740686
1058,2291,3.700118
1058,3556,3.699693
1058,2161,3.6885395
1058,2348,3.6728694
1058,968,3.6166878
1058,1129,3.6154735
1058,2100,3.5652328
1058,2683,3.4753234
1058,112,3.467523
1058,1573,3.4651554
1058,2734,3.4361486
1058,426,3.3980405
1058,748,3.36334
1058,3301,3.345459
1058,1805,3.2237377
1058,1391,3.1426833
1058,3593,1.4750538
4016,904,3.9540436
4016,919,3.8952186
4016,1189,3.7752957
4016,2208,3.6934686
4016,1036,3.6794777
4016,541,3.6580932
4016,2300,3.6556098
4016,1253,3.5939178
4016,2132,3.5859222
4016,1610,3.5373333
4016,1387,3.5175674
4016,1240,3.4683082
4016,590,3.4439435
4016,3307,3.4117515
4016,3168,3.3565664
4016,2791,3.351724
4016,1955,3.3358455
4016,2728,3.3356256
4016,912,3.324624
4016,1615,3.2633686
4016,1946,3.2563717
4016,6,3.2430062
4016,932,3.224688
4016,2186,3.2147384
4016,3498,3.198855
4016,1097,3.191853
4016,933,3.1769533
4016,1219,3.1558514
4016,2021,3.1465888
4016,1017,3.1378078
4016,2967,3.1291595
4016,1084,3.1278224
4016,1380,3.1127295
4016,594,3.104035
4016,1968,3.036549
4016,1940,3.0347304
4016,3206,3.0329254
4016,1008,3.0257115
4016,592,3.0071921
4016,2001,3.0071678
4016,3247,3.0060112
4016,1617,2.9948082
4016,349,2.9915886
4016,1183,2.957735
4016,2287,2.9573126
4016,3668,2.9467926
4016,1295,2.9305224
4016,34,2.9159389
4016,2803,2.9152846
4016,2991,2.8912354
4016,1941,2.8881865
4016,231,2.871725
4016,2015,2.8661003
4016,2420,2.8546386
4016,2852,2.836037
4016,3203,2.8158393
4016,280,2.7805033
4016,3555,2.7151952
4016,3099,2.7092476
4016,786,2.7019756
4016,2551,2.695763
4016,2133,2.6661747
4016,1033,2.6426756
4016,1014,2.618301
4016,2644,2.6004832
4016,3447,2.5976408
4016,3036,2.5814748
4016,2011,2.5774055
4016,3614,2.485431
4016,520,2.4371576
4016,2782,2.419813
4016,209,2.3402128
4016,422,2.1869667
4016,719,2.1191144
4016,2451,2.0973372
3110,260,4.3657274
3110,1197,4.2609577
3110,903,4.236742
3110,1104,4.209678
3110,1260,4.158441
3110,1247,4.155979
3110,3468,4.1133323
3110,110,4.045103
3110,1304,4.037919
3110,1214,3.9992075
3110,2997,3.9690096
3110,3334,3.9633985
3110,2972,3.7917705
3110,3182,3.790398
3110,2467,3.74973
3110,2797,3.6890783
3110,3384,3.6524982
3110,34,3.618812
3110,1210,3.6077833
3110,1285,3.6048439
3110,1188,3.5826292
3110,1653,3.5713618
3110,190,3.389125
3110,3706,3.3667293
3110,3702,3.3457706
3110,3448,3.261887
3110,3070,3.1872044
3110,3066,3.1006196
3110,161,3.0897777
3110,991,3.0073326
3110,480,2.7549422
3110,316,2.736731
3110,3755,2.7334232
3110,1597,2.643389
3110,1391,2.4917493
3110,2,2.429743
3110,1876,2.2108665
1540,922,4.468422
1540,1224,4.263529
1540,1291,4.1240053
1540,3949,4.024701
1540,1228,3.9268467
1540,2467,3.9085727
1540,3952,3.8044384
1540,2424,3.7138987
1540,3893,3.562938
1540,3745,3.523419
1540,3301,3.3353996
1540,1783,3.0157428
4088,2858,4.4623995
4088,2330,4.441019
4088,1449,4.375292
4088,2997,4.30589
4088,215,4.0686636
4088,150,4.029099
4088,838,4.0275
4088,164,3.9953003
4088,1732,3.9826527
4088,2295,3.9792717
4088,2108,3.970141
4088,2355,3.9553432
4088,3044,3.9355211
4088,831,3.9290404
4088,2880,3.7753463
4088,2231,3.6908073
4088,3101,3.6671612
4088,253,3.5234437
4088,2759,3.4577594
4088,877,3.4102597
4088,1753,3.3871121
4088,282,3.2428508
4088,1529,3.161024
4088,118,2.9979532
4088,780,2.7976217
4088,3557,2.777959
4088,707,2.773055
4088,3863,2.694915
4088,330,2.6477115
4088,2505,2.6306207
4088,479,2.5457587
4088,132,2.5213947
4088,1801,2.4813542
4088,2126,2.3341682
4088,315,2.0534778
4088,1882,1.7331471
4088,2279,1.6401675
4088,193,1.4988313
3353,1234,4.6982727
3353,593,4.649613
3353,1276,4.6435404
3353,1953,4.6068296
3353,2918,4.581929
3353,1704,4.5504107
3353,3421,4.492861
3353,1259,4.4434156
3353,3811,4.4369435
3353,2115,4.2865534
3353,1374,4.2524467
3353,3418,4.179282
3353,2000,4.1624975
3353,3396,4.1607876
3353,3253,4.0241632
3353,3020,3.9851415
3353,3702,3.9702413
3353,3608,3.8181982
3353,292,3.6921234
3353,1586,3.4349618
3353,1373,3.3163164
3353,173,2.4044154
3353,3440,2.192463
3353,2412,2.1098506
3353,2422,1.996746
3353,3767,1.9762553
3353,2817,1.8904134
3353,546,1.3278129
1693,318,4.487862
1693,858,4.4354725
1693,1262,4.35519
1693,296,4.3188534
1693,2324,4.286755
1693,1208,4.2793903
1693,1234,4.2622175
1693,903,4.247678
1693,2571,4.244913
1693,951,4.2170773
1693,1272,4.214041
1693,905,4.2065654
1693,1260,4.1890907
1693,1200,4.149985
1693,916,4.1401844
1693,2859,4.0757747
1693,1251,4.052452
1693,1263,4.0331326
1693,1222,3.999721
1693,2973,3.9722435
1693,2183,3.9585657
1693,2289,3.953373
1693,1931,3.9483967
1693,1036,3.89388
1693,1954,3.8872626
1693,3363,3.8705497
1693,2248,3.8570883
1693,2020,3.8352334
1693,3735,3.8296132
1693,2355,3.7213635
1693,3098,3.7180436
1693,1035,3.6213233
1693,1354,3.6171381
1693,1186,3.5966349
1693,1994,3.5628433
1693,3105,3.5411594
1693,2096,3.4535022
1693,1093,3.0107656
1693,3623,2.3675778
1340,912,3.6774957
1340,527,3.6446548
1340,904,3.599451
1340,1234,3.575336
1340,1267,3.531207
1340,1204,3.5262852
1340,913,3.4827535
1340,953,3.4438777
1340,923,3.4222994
1340,750,3.400618
1340,1219,3.3243904
1340,1199,3.3114061
1340,1242,3.2208056
1340,800,3.2000422
1340,1254,3.192192
1340,924,3.1846805
1340,2206,3.1397636
1340,307,3.1386893
1340,1247,3.118809
1340,1293,3.112749
1340,2067,3.08953
1340,2959,3.0736895
1340,535,3.0539021
1340,1953,3.0518079
1340,1230,3.00726
1340,3504,2.9964886
1340,2130,2.981565
1340,3469,2.9741106
1340,1214,2.966437
1340,6,2.9649558
1340,973,2.9644132
1340,357,2.8616033
1340,1408,2.8418894
1340,2022,2.8211021
1340,3072,2.8181453
1340,474,2.8043625
1340,1183,2.6830812
1340,300,2.6316247
1340,562,2.6081312
1340,1517,2.558362
1340,590,2.5071757
1340,141,2.5071244
1340,1407,2.471841
1340,2243,2.4667368
1340,3476,2.4454064
1340,2291,2.4160674
1340,3868,2.3708453
1340,968,2.3586695
1340,45,2.3251896
1340,1050,2.3230057
1340,21,2.274623
1340,680,2.2652323
1340,3253,2.258084
1340,490,2.2077193
1340,3576,2.2024717
1340,1518,2.1921442
1340,2640,2.1794999
1340,3755,2.1531613
1340,2683,2.1302633
1340,2193,2.0417085
1340,3255,2.0331717
1340,3178,2.0218055
1340,3734,2.0066032
1340,2105,1.9702497
1340,3930,1.9296784
1340,86,1.9174166
1340,1909,1.8902646
1340,10,1.8707318
1340,2641,1.8590659
1340,354,1.8460687
1340,159,1.8266188
1340,2393,1.8171185
1340,2560,1.8037851
1340,3099,1.7826124
1340,3928,1.7305725
1340,42,1.6928991
1340,1999,1.5603809
1340,3274,1.5346243
1340,3082,1.5305421
1340,2179,1.457785
1340,435,1.4575187
1340,379,1.4217116
1340,1727,1.3891207
1340,1483,1.3720944
1340,2253,1.3633864
1340,160,1.3061571
1340,2840,1.2913462
1340,2990,1.2911485
1340,1835,1.266577
1340,2793,1.2298975
1340,3705,1.2256837
1340,1003,1.208053
1340,1043,1.2041306
1340,3710,1.1891925
1340,1586,1.1890903
1340,1760,1.1789541
1340,2322,1.1693274
1340,1388,1.1495504
1340,1548,1.147173
1340,519,1.1363311
3769,2571,5.012638
3769,1537,4.756644
3769,955,4.744829
3769,2858,4.74286
3769,3114,4.737392
3769,356,4.6203623
3769,1175,4.6186996
3769,2018,4.616658
3769,1610,4.6069217
3769,2997,4.5931587
3769,2599,4.5840836
3769,3551,4.5792103
3769,1302,4.564543
3769,3039,4.557717
3769,6,4.513006
3769,1957,4.504869
3769,2502,4.4735384
3769,1500,4.434229
3769,1694,4.4291534
3769,2700,4.428471
3769,322,4.4284015
3769,440,4.4283295
3769,3408,4.4099646
3769,3072,4.392998
3769,2395,4.3905306
3769,1608,4.379446
3769,3101,4.3249764
3769,1029,4.2618723
3769,2640,4.245822
3769,3591,4.165773
3769,454,4.147178
3769,2089,4.1066585
3769,104,4.0019646
3769,2469,3.9788752
3769,2375,3.8095236
3769,1816,3.7337258
3769,410,3.7197118
3769,1593,3.6359856
3769,3457,3.547731
3769,518,2.7042568
3769,2379,2.6791422
4526,2858,4.1907873
4526,1199,4.0761466
4526,1066,4.0516777
4526,2932,3.9271727
4526,3090,3.8984118
4526,3421,3.8941412
4526,2966,3.8603637
4526,1997,3.794583
4526,1161,3.7700415
4526,247,3.7609954
4526,3198,3.7531586
4526,1169,3.6299212
4526,3812,3.4347954
4526,3569,3.2567582
4526,2459,2.8239331
4526,3729,2.7284594
4526,3024,1.3360023
4090,1219,4.217891
4090,1172,4.200354
4090,1276,4.144136
4090,111,4.14286
4090,1228,4.132778
4090,1278,4.1136746
4090,3196,4.1061373
4090,1084,4.07261
4090,1294,4.0284243
4090,1293,4.0257993
4090,1952,4.0230565
4090,2819,3.9087706
4090,1296,3.8728867
4090,2729,3.8288534
4090,3735,3.7957067
4090,3421,3.760496
4090,589,3.741605
4090,2948,3.6938736
4090,2243,3.6240888
4090,3684,2.878098
1059,912,4.037732
1059,1219,3.9336238
1059,2571,3.8926303
1059,111,3.8633008
1059,3629,3.7562442
1059,1,3.6772838
1059,1041,3.6638186
1059,3462,3.5904489
1059,3421,3.588243
1059,2599,3.5512314
1059,1997,3.5417638
1059,1282,3.5037625
1059,978,3.5036573
1059,2248,3.4885173
1059,1077,3.470326
1059,1288,3.4043157
1059,590,3.3623257
1059,3396,3.3422143
1059,272,3.3254156
1059,34,3.2751126
1059,2750,3.2329636
1059,1186,3.2125134
1059,3823,3.1895087
1059,3176,3.1876202
1059,2022,3.1673138
1059,52,3.152344
1059,3072,3.0176747
1059,2078,2.9838862
1059,1082,2.9442012
1059,2899,2.9265823
1059,1955,2.8686752
1059,1701,2.8088343
1059,2779,2.8066516
1059,2427,2.774775
1059,851,2.7525387
1059,3948,2.715477
1059,480,2.5829825
1059,3253,2.5824945
1059,1904,2.5442815
1059,848,2.5353918
1059,3527,2.5329568
1059,282,2.475695
1059,144,2.4197412
1059,592,2.4064698
1059,62,2.4040394
1059,708,2.3627002
1059,372,2.3011332
1059,1733,2.2061055
1059,3262,2.0295904
1059,3869,2.0149217
1059,370,1.7461879
1059,1327,1.653241
1059,2471,1.4681587
1059,485,1.4399109
5236,3044,3.705944
5236,3105,3.6798937
5236,2268,3.6750822
5236,1617,3.6670852
5236,3185,3.4245899
5236,1573,3.4245443
5236,1343,3.3726358
5236,434,3.3523765
5236,3298,3.344728
5236,317,3.2355847
5236,2746,3.0491357
770,3578,4.0889416
770,912,4.0454617
770,919,3.9812884
770,2858,3.877042
770,1214,3.7572956
770,1682,3.7147956
770,180,3.6911738
770,589,3.6744897
770,2288,3.6383429
770,1220,3.6325364
770,1374,3.6123247
770,11,3.5589733
770,357,3.5262434
770,1060,3.5227425
770,3702,3.446159
770,216,3.4358568
770,3726,3.3929262
770,2102,3.3661273
770,2890,3.3606625
770,3863,3.354143
770,3418,3.3476965
770,2795,3.3421383
770,2671,3.3178082
770,785,3.2850251
770,1097,3.281244
770,3052,3.277881
770,3155,3.273859
770,2167,3.2365384
770,2144,3.1884766
770,351,3.133322
770,2012,3.099162
770,1918,3.09107
770,1153,3.0697265
770,3740,3.0426803
770,1375,3.0326269
770,2714,2.990005
770,2641,2.979435
770,1573,2.9737391
770,333,2.9706445
770,3254,2.9314687
770,248,2.881343
770,494,2.8611045
770,2094,2.8525352
770,2387,2.8507042
770,2399,2.7926686
770,2772,2.732279
770,338,2.7138968
770,3896,2.6937237
770,3638,2.6778634
770,3785,2.6767206
770,1021,2.6308875
770,2038,2.6118968
770,1888,2.5195785
770,518,2.499118
770,2253,2.4576333
770,3841,2.426959
770,517,2.4033132
770,3821,2.3693314
770,485,2.3661978
770,3826,2.2772555
770,459,2.2480772
770,694,2.2245266
770,173,2.1163833
770,1887,2.0532634
770,415,2.0375295
770,174,1.8753096
770,3710,1.706676
770,12,1.6559936
770,1495,1.2225673
770,1556,1.2108545
415,1198,4.4769597
415,1136,4.3354206
415,1208,4.308202
415,1278,4.2606406
415,1300,4.1474233
415,1947,4.0734615
415,3421,4.054476
415,1080,4.0445566
415,907,4.0003834
415,1079,3.9997745
415,1960,3.9861264
415,1210,3.986005
415,1096,3.9793615
415,3424,3.9657092
415,1302,3.8534834
415,2150,3.8427796
415,3361,3.821177
415,1663,3.8064778
415,3289,3.7795033
415,671,3.7689502
415,11,3.6461704
415,500,3.5279348
415,2581,3.0380518
415,3354,2.4154272
271,1234,4.6771317
271,110,4.6300316
271,457,4.581045
271,947,4.5639815
271,1200,4.563013
271,1704,4.5475807
271,2501,4.540251
271,2706,4.394699
271,1968,4.3063593
271,1022,4.285081
271,2355,4.280036
271,596,4.21354
271,934,4.206766
271,223,4.1901197
271,1517,4.188636
271,1584,4.136622
271,235,4.1141844
271,780,4.0835485
271,39,4.0058575
271,2431,4.0057487
271,316,3.9519463
271,2012,3.8925834
271,170,3.8262682
271,1614,3.7818155
271,2881,3.774807
271,3698,3.6937685
271,2447,3.6420953
271,3489,3.560706
271,2054,3.333909
271,168,3.2937455
271,44,3.1345243
32,1208,4.1837883
32,2858,4.1409116
32,608,4.1403704
32,1617,4.088795
32,293,3.931584
32,1834,3.8090954
32,3072,3.4613328
32,1088,1.9869161
32,3286,1.1100612
3306,903,4.759262
3306,3035,4.679967
3306,2067,4.6643105
3306,1303,4.6400623
3306,1282,4.4136486
4094,2501,4.617015
4094,1196,4.5951376
4094,3671,4.408981
4094,3471,4.3706226
4094,150,4.360178
4094,3753,4.3062735
4094,2353,4.231638
4094,34,4.2246675
4094,1092,4.2205744
4094,2671,4.195211
4094,3178,4.188925
4094,1721,4.163306
4094,1994,4.1547627
4094,780,4.1095138
4094,1527,4.066386
4094,316,3.9821389
4094,3513,3.9535067
4094,351,3.917201
4094,3791,3.8756175
4094,367,3.870408
4094,170,3.8588018
4094,1892,3.821991
4094,292,3.793816
4094,2334,3.7891443
4094,1377,3.7114224
4094,3821,3.536686
4094,3354,3.5004492
4094,3616,3.3295372
5289,3435,4.5855093
5289,954,4.5558667
5289,1193,4.539576
5289,905,4.4767246
5289,3429,4.4083624
5289,1248,4.399926
5289,541,4.3830166
5289,1247,4.380086
5289,928,4.3742104
5289,951,4.370939
5289,3091,4.364729
5289,599,4.329097
5289,909,4.323655
5289,1222,4.299054
5289,1944,4.267012
5289,1281,4.2608023
5289,1947,4.2496653
5289,446,4.2241526
5289,907,4.2120037
5289,1931,4.2073207
5289,2313,4.1946692
5289,1784,4.1796575
5289,3421,4.166236
5289,1292,4.160534
5289,3363,4.1504
5289,915,4.1388617
5289,1161,4.1350665
5289,3545,4.098589
5289,1419,4.0755863
5289,3342,4.062546
5289,1282,4.059715
5289,918,4.051024
5289,1649,4.0501275
5289,1923,4.0415473
5289,900,4.0353227
5289,920,4.0067587
5289,2018,3.9789162
5289,3129,3.9493723
5289,1885,3.8780653
5289,1356,3.8700013
5289,2349,3.8576472
5289,1958,3.8446336
5289,2080,3.836147
5289,1535,3.7884645
5289,3549,3.7394447
5289,3624,3.710392
5289,938,3.7098787
5289,1711,3.5797443
5289,2290,3.5559316
5289,1380,3.5438876
5289,2616,3.0192323
5289,2468,2.7476752
5289,2699,2.7442505
5289,1315,2.1400366
5289,2643,1.9152422
5815,1208,4.5921054
5815,1247,4.5064383
5815,3134,4.490057
5815,1200,4.333694
5815,1206,4.3150806
5815,1294,4.165694
5815,3298,2.9581342
1932,527,4.427407
1932,2330,4.269501
1932,34,4.10141
1932,1060,3.846247
1932,1120,3.5051706
2677,2762,4.3281584
2677,1101,3.790179
2677,1127,3.7759519
2677,1834,3.7419286
2677,2707,3.625632
2677,2688,3.3638082
5511,2762,4.7990904
5511,1278,4.7508836
5511,750,4.7303123
5511,1,4.67859
5511,936,4.6621494
5511,930,4.6462603
5511,1189,4.634674
5511,933,4.619399
5511,3421,4.595534
5511,1950,4.579087
5511,2761,4.5332193
5511,1259,4.50253
5511,1294,4.472476
5511,1273,4.4575806
5511,931,4.4224863
5511,3735,4.41173
5511,915,4.403022
5511,3200,4.3792806
5511,1078,4.3754463
5511,3061,4.3658357
5511,1019,4.342891
5511,1265,4.320487
5511,3505,4.31366
5511,1408,4.2986546
5511,2949,4.276684
5511,937,4.2621074
5511,215,4.2571573
5511,1964,4.243369
5511,587,4.2155294
5511,2212,4.213857
5511,1653,4.2125254
5511,230,4.1973934
5511,2371,4.173296
5511,165,4.1486225
5511,3249,4.145925
5511,1376,4.140307
5511,2174,4.138226
5511,500,4.125746
5511,2780,4.093557
5511,3427,4.0754185
5511,3524,4.054705
5511,1371,4.04822
5511,2100,4.038885
5511,1459,4.0367346
5511,2015,4.0340037
5511,2346,3.9931955
5511,3120,3.9761078
5511,1747,3.9645996
5511,586,3.961158
5511,2221,3.9472737
5511,367,3.9211063
5511,1135,3.909406
5511,2605,3.8769975
5511,3705,3.6977334
5511,2054,3.66549
5511,1779,3.628656
5511,410,3.4751506
5511,798,3.462023
5511,1562,3.3690314
3336,296,3.9997406
3336,1233,3.9736018
3336,1283,3.9082708
3336,910,3.8940778
3336,923,3.8812919
3336,1200,3.8599274
3336,928,3.8556194
3336,2396,3.6784546
3336,1259,3.6737146
3336,1214,3.6339328
3336,1265,3.608499
3336,2791,3.5929742
3336,1273,3.5348253
3336,1060,3.5281825
3336,3735,3.5280063
3336,1610,3.4908812
3336,1096,3.4283562
3336,2542,3.4166832
3336,921,3.3709354
3336,1693,3.3637218
3336,2739,3.3607883
3336,2069,3.3601055
3336,1097,3.3591201
3336,1673,3.3331578
3336,1396,3.301131
3336,1732,3.2810433
3336,1179,3.2477798
3336,25,3.230233
3336,1268,3.1893365
3336,2987,3.1890543
3336,471,3.184569
3336,253,3.1009297
3336,2439,3.0843592
3336,2278,3.0688813
3336,380,3.0631852
3336,1584,2.9609523
3336,2723,2.8838122
3336,361,2.8785536
3336,3698,2.848632
3336,18,2.7436237
3336,1459,2.737625
3336,2457,2.722197
3336,3827,2.7162502
3336,543,2.709741
3336,3614,2.6861064
3336,252,2.6801763
3336,371,2.660635
3336,3744,2.6602232
3336,2376,2.6549509
3336,2334,2.4778304
3336,1346,2.459425
3336,3525,2.4198406
3336,2507,2.4168093
3336,2641,2.3570309
3336,1876,2.355021
3336,2316,2.316942
3336,653,2.2782207
3336,2598,2.2276185
3336,74,2.1417851
3336,2262,2.0902195
3336,1438,2.0728924
3336,3385,1.9507551
3336,1373,1.9074908
3336,516,1.9019128
3336,1677,1.7458631
3336,3354,1.6481605
3336,3689,1.4323444
3336,3442,1.4289167
2806,1136,3.5876567
2806,1265,3.520157
2806,1682,3.5023003
2806,1393,3.2248397
2806,1678,3.165328
2806,1061,2.8567061
2806,2709,2.806501
2806,2968,2.6662705
2030,1204,4.6958466
2030,1250,4.6314816
2030,1945,4.590624
2030,2324,4.537921
2030,1253,4.535927
2030,3801,4.527079
2030,919,4.5253687
2030,945,4.488227
2030,3095,4.478609
2030,3091,4.47713
2030,111,4.4675045
2030,1294,4.460361
2030,1226,4.429817
2030,2728,4.364755
2030,1041,4.3513403
2030,446,4.3292623
2030,1240,4.311908
2030,1264,4.294207
2030,2932,4.2873945
2030,1946,4.2394905
2030,2871,4.2145705
2030,1994,4.1502113
2030,2312,4.1179156
2030,2511,4.110161
2030,73,4.085635
2030,2087,4.0763936
2030,2243,4.0673084
2030,2117,4.06194
2030,2730,4.045539
2030,492,3.9962807
2030,1748,3.9922717
2030,3724,3.9690242
2030,2988,3.9226975
2030,1933,3.8631256
2030,3093,3.8481793
2030,1653,3.804383
2030,2005,3.8025098
2030,2628,3.7909606
2030,2687,3.787505
2030,3466,3.706868
2030,1031,3.705666
2030,2414,3.6431856
2030,2037,3.5691555
2030,1459,3.54799
2030,2014,3.3357158
2030,2035,3.303873
2030,3638,3.2890801
2030,2049,3.1972327
2030,1372,3.0760014
2030,2399,2.9070363
2030,1779,2.540012
2030,3345,2.5293682
2030,2034,2.36627
2030,3401,2.3185117
4905,912,3.9492252
4905,1258,3.627084
4905,3508,3.5020554
4905,3545,3.343089
4905,920,3.3157845
4905,2883,2.790405
4905,2976,2.7621105
4905,3251,2.706771
4905,2965,1.2006185
5470,1250,4.3046956
5470,1945,4.2899947
5470,1234,4.2047033
5470,3456,3.7701998
5470,2018,3.755949
5470,3185,3.5494213
5470,3623,3.4880373
5470,3756,3.3930445
1489,318,3.8391037
1489,912,3.8023245
1489,1234,3.6610785
1489,1225,3.5765905
1489,608,3.533011
1489,2692,3.4793253
1489,1299,3.4586983
1489,3359,3.4313357
1489,1247,3.427793
1489,2997,3.3618538
1489,1294,3.3204067
1489,2648,3.2738745
1489,2936,3.2362227
1489,3424,3.2114263
1489,911,3.1200259
1489,2791,3.09493
1489,2919,2.96525
1489,2212,2.9191718
1489,2398,2.8536994
1489,3133,2.8331106
1489,2664,2.8258502
1489,2511,2.8101735
1489,1965,2.7072203
1489,3129,2.7046707
1489,1035,2.5780041
1489,1680,2.4671807
1489,3706,2.4601421
1489,3793,2.4060454
1489,3415,2.3761067
1489,2081,2.2432165
1489,2915,2.0885887
1489,3731,1.9836307
1489,2001,1.9503295
1489,2146,1.9396088
1489,1371,1.8898355
1489,3409,1.8671677
1489,2021,1.8104596
1489,2369,1.8037565
1489,1372,1.7113926
1489,2722,1.6492119
1489,3882,1.6473668
1489,2616,1.5015618
1489,2002,1.4923465
1489,3270,1.3774387
1489,3864,1.2937223
1489,3935,1.2325966
1489,185,1.2006736
1489,2389,1.186347
1489,3898,1.1521686
1489,3238,1.1491841
1489,3564,1.1363311
1489,3325,1.1363311
704,969,4.3278885
704,2670,3.992139
704,2390,3.7561955
704,2688,3.4263573
704,3053,2.9579158
704,2805,2.868238
693,1293,4.450574
693,1249,4.4345937
693,1288,4.393545
693,1079,4.27268
693,2951,4.2171574
693,2716,4.060401
693,3915,4.012616
693,3173,2.9416375
693,95,2.7072036
693,3484,2.0801582
2909,858,4.6318316
2909,912,4.6085873
2909,318,4.5991855
2909,1283,4.5246205
2909,1228,4.469001
2909,1269,4.4651914
2909,1178,4.439216
2909,1291,4.4026356
2909,969,4.3571167
2909,1293,4.3504395
2909,915,4.3176875
2909,1953,4.303213
2909,951,4.302046
2909,2819,4.294588
2909,924,4.283395
2909,2288,4.25222
2909,897,4.2316694
2909,2797,4.230835
2909,1270,4.2270336
2909,1206,4.2257304
2909,3147,4.2207546
2909,2728,4.207455
2909,3811,4.205927
2909,3952,4.20522
2909,3793,4.1884456
2909,2745,4.1758966
2909,1997,4.1756754
2909,2987,4.1711097
2909,2355,4.1297607
2909,1281,4.1163797
2909,3101,4.105689
2909,902,4.056445
2909,590,4.018957
2909,3133,4.015643
2909,41,4.0128803
2909,1913,4.0010204
2909,3599,3.9988406
2909,1277,3.9810061
2909,3068,3.9791498
2909,2423,3.9777455
2909,1345,3.9746072
2909,1500,3.9731226
2909,2348,3.962742
2909,3873,3.9625814
2909,551,3.9552824
2909,991,3.9532003
2909,1912,3.952498
2909,2407,3.9295568
2909,3033,3.913653
2909,2633,3.9131463
2909,1518,3.9119878
2909,368,3.9040399
2909,1631,3.8898587
2909,1378,3.882885
2909,832,3.8820117
2909,2102,3.8725288
2909,2457,3.8410835
2909,2527,3.837917
2909,3249,3.8329072
2909,1597,3.8297555
2909,509,3.824621
2909,2424,3.8226743
2909,2181,3.8210714
2909,2193,3.807476
2909,454,3.801214
2909,1010,3.7951221
2909,3703,3.7659628
2909,494,3.764375
2909,2985,3.76399
2909,2321,3.752912
2909,1970,3.7501621
2909,2136,3.7385077
2909,2040,3.7324345
2909,3528,3.729713
2909,1690,3.7099037
2909,783,3.7082946
2909,1627,3.706231
2909,1483,3.6979027
2909,3015,3.6938598
2909,1805,3.6935425
2909,1892,3.6915107
2909,1438,3.6879935
2909,2530,3.684699
2909,2472,3.6608372
2909,231,3.650672
2909,2520,3.6406052
2909,2517,3.629017
2909,2021,3.609549
2909,3708,3.6078053
2909,2829,3.5957823
2909,879,3.59413
2909,2374,3.585123
2909,92,3.5696025
2909,459,3.5629973
2909,2410,3.5628786
2909,882,3.5522165
2909,1605,3.548846
2909,1616,3.542041
2909,3248,3.5413992
2909,2120,3.529858
2909,1744,3.4763737
2909,79,3.4681633
2909,517,3.467852
2909,1055,3.4596233
2909,2050,3.4419115
2909,2699,3.3813002
2909,9,3.3568177
2909,2616,3.3445344
2909,2906,3.3103664
2909,1881,3.3056822
2909,3826,3.2966375
2909,332,3.2761106
2909,2710,3.249589
2909,2053,3.2424345
2909,3879,3.227185
2909,3767,3.2211742
2909,891,3.2153869
2909,2369,3.1079721
2909,2950,3.0931594
2909,2748,3.0197036
2909,1862,3.010015
2909,2412,3.0096068
2909,2817,2.9624856
2909,2153,2.687613
2909,762,2.6737766
3138,318,4.340893
3138,457,4.0387087
3138,356,4.038543
3138,11,3.749223
3138,3175,3.6761959
3138,2352,3.5259101
3138,2085,3.4402645
3138,2294,3.4229224
3138,1688,3.3686137
3138,3206,3.2999477
3138,1597,3.2861938
3138,1346,3.2606015
3138,2683,3.1924613
3138,2652,3.0246487
3138,1692,2.9392877
3138,2034,2.4766452
3138,631,1.9865086
3138,2153,1.8903334
1404,750,3.9893456
1404,1196,3.917772
1404,1223,3.8543427
1404,1617,3.8054714
1404,3362,3.7058272
1404,2300,3.66011
1404,356,3.5920222
1404,2788,3.5498471
1404,2997,3.4711096
1404,2599,3.4194155
1404,1230,3.4024792
1404,34,3.3858027
1404,3507,3.3709588
1404,1285,3.3672113
1404,3361,3.3229046
1404,2109,3.300004
1404,1179,3.2170908
1404,1094,3.1893804
1404,1183,3.1573865
1404,2349,3.1142929
1404,1747,2.925302
1404,3812,2.882567
1404,2144,2.8792434
1404,2407,2.831854
1404,3685,2.8276453
1404,352,2.7621243
1404,2539,2.718773
1404,1614,2.697699
1404,708,2.5287929
1404,1441,2.5243044
1404,3263,2.4750562
1404,3033,2.448922
1404,500,2.3365726
1404,3301,2.304092
1404,3874,2.042761
1404,2124,1.988276
1404,1783,1.885031
1404,2694,1.863419
1404,3113,1.5718825
1404,5,1.5714213
1404,984,1.4125652
1404,174,1.1840744
1921,260,4.27978
1921,1262,4.024187
1921,736,3.277771
1921,2105,3.2231624
1921,2143,3.1448178
1921,2405,3.127419
1921,3834,2.7973735
5185,3363,3.698268
5185,1092,3.5974479
5185,353,3.505023
5185,40,3.5043285
5185,2706,3.497465
5185,2294,3.4715903
5185,163,3.4563718
5185,216,3.4324093
5185,647,3.4124372
5185,2474,3.3628821
5185,1206,3.3492184
5185,2694,3.3395057
5185,1094,3.2906795
5185,3132,3.2108889
5185,3145,3.2043033
5185,343,3.1073828
5185,585,3.0880575
5185,2738,3.0427008
5185,3424,3.0375352
5185,65,2.9124198
5185,1869,2.9041572
5185,1499,2.6056585
4658,1148,4.255471
4658,3114,3.9727771
4658,924,3.9273858
4658,1206,3.8372915
4658,162,3.7158206
4658,2194,3.6972923
4658,2716,3.576562
4658,2662,3.483965
4658,1050,3.4707034
4658,661,3.2089798
4658,3576,3.2068691
4658,1270,3.155926
4658,3499,3.145184
4658,329,2.9978845
4658,2985,2.953576
4658,2140,2.923301
4658,10,2.8741686
4658,2174,2.7975774
4658,2311,2.7763023
4658,288,2.7502282
4658,2001,2.7420616
4658,1407,2.6708856
4658,480,2.6646028
4658,2102,2.6378875
4658,2167,2.6066716
4658,3029,2.5352616
4658,2193,2.5198429
4658,2090,2.4921439
4658,3016,2.4857507
4658,2393,2.443177
4658,748,2.4139488
4658,1597,2.3327262
4658,1391,2.3012862
4658,434,2.2096646
4658,1330,2.0759
4658,1917,2.0536304
4658,1544,1.9533994
4658,2364,1.830834
4658,2421,1.763547
4658,879,1.7341049
4658,3754,1.7101916
4658,1970,1.6759934
4658,2735,1.6602359
4658,24,1.5454345
4658,1590,1.5254257
4658,1975,1.5118
4658,2123,1.5011208
4658,1373,1.4322805
4658,3156,1.428498
4658,3764,1.4185665
4658,2399,1.3756466
4658,891,1.3601307
4658,1995,1.2585858
4658,1606,1.2307696
4658,1336,1.1996346
4658,546,1.1816123
4658,519,1.1798497
4658,631,1.1762917
4658,1556,1.1443028
4658,3664,1.1434357
4658,3573,1.1331224
4658,1489,1.1219331
4658,3439,1.1195548
4658,1977,1.1182835
5769,1221,4.609088
5769,1136,4.5546017
5769,541,4.5411077
5769,1247,4.5408645
5769,3481,4.18291
5769,1175,4.179384
5769,2238,4.1638374
5769,3148,4.1549997
5769,1711,3.7717633
5769,3081,3.6562119
5769,2985,3.6340818
5769,2712,3.5498524
5769,2377,3.001966
5769,512,2.957654
4819,1197,4.4975715
4819,1090,4.363912
4819,3578,4.2798953
4819,1923,4.1786776
4819,733,4.1354218
4819,1257,4.129563
4819,1222,4.118988
4819,2406,4.0616302
4819,1962,4.041376
4819,2353,4.028324
4819,1615,4.0154123
4819,500,4.008891
4819,2852,4.00247
4819,592,3.9816272
4819,2687,3.9616368
4819,1378,3.9351833
4819,1957,3.9310014
4819,3251,3.9291608
4819,377,3.9231462
4819,2141,3.9213405
4819,3740,3.9199846
4819,2915,3.8987305
4819,18,3.8559692
4819,2617,3.844832
4819,1476,3.8390865
4819,1089,3.8356428
4819,2174,3.8267365
4819,2759,3.8254385
4819,1409,3.8130908
4819,2405,3.8083718
4819,3449,3.765534
4819,2378,3.7478914
4819,3528,3.745367
4819,3708,3.729652
4819,585,3.7106884
4819,537,3.7015305
4819,1395,3.683043
4819,2583,3.6734655
4819,2749,3.661229
4819,3706,3.6590195
4819,708,3.651499
4819,3638,3.5788558
4819,784,3.577273
4819,640,3.5457451
4819,1330,3.5438924
4819,418,3.514917
4819,48,3.5056138
4819,158,3.4915943
4819,1091,3.4902363
4819,435,3.4386835
4819,2468,3.4207828
4819,3394,3.360157
4819,2907,3.3500826
4819,3688,3.3328028
4819,64,3.2713978
4819,60,3.2597952
4819,3063,3.2227695
4819,1453,3.1248486
4819,1126,3.1227398
4819,2950,3.0076382
4819,3667,2.9741359
4819,2448,2.9637542
4819,3031,2.8717308
4819,1381,2.8652627
4819,379,2.8381684
3731,2028,4.0041146
3731,1215,3.4875698
3731,2288,3.3711298
3731,3703,3.2564943
3731,1965,3.2232704
3731,1909,3.1338494
3731,3702,3.0849602
3731,316,3.0430367
3731,1129,3.0384164
3731,3697,2.0956752
3731,442,2.0884333
3731,172,1.7583445
3731,2642,1.465213
3731,2549,1.4338927
3731,1692,1.3945861
3731,2450,1.274278
3731,2408,1.2465572
3731,737,1.1571293
444,1148,4.464092
444,750,4.4441123
444,1272,4.2870603
444,1952,4.122712
444,1394,4.0873313
444,1249,4.0553446
444,3037,4.0357924
444,936,4.01703
444,2670,3.982943
444,1097,3.9799547
444,2944,3.9633083
444,1282,3.872041
444,2287,3.5493417
444,2469,3.2308197
2854,1237,4.060407
2854,2997,3.9515786
2854,2501,3.8351653
2854,3019,3.7441304
2854,1960,3.7210464
2854,32,3.7137723
2854,2729,3.711582
2854,1060,3.6454434
2854,1913,3.6273077
2854,1095,3.571393
2854,2565,3.5344691
2854,1271,3.5014157
2854,2276,3.4085453
2854,457,3.39307
2854,1188,3.3324208
2854,1951,3.299614
2854,2797,3.1678004
2854,1028,3.1141205
2854,1022,3.1036804
2854,3448,2.9728453
2854,3744,2.6764553
2854,2133,2.5840352
2854,2141,2.4785175
2854,2116,2.3545496
2854,2723,2.2293887
2854,2455,2.1788094
2854,2428,1.9812787
2854,1018,1.9059656
2854,3534,1.8805417
2854,2362,1.523766
2854,2995,1.2348386
1110,800,4.628949
1110,3409,3.99816
1110,2688,3.9469986
3207,1197,4.8296533
3207,1387,4.4961047
3207,1270,4.4177303
3207,290,4.407769
3207,1466,4.2041626
3207,3255,4.1278334
3207,2058,4.1151257
3207,1347,3.9438295
3207,724,3.8204436
686,296,4.3008146
686,593,4.2958474
686,457,4.178173
686,277,3.3340132
686,2617,2.9714522
5708,1304,3.8324327
5708,1617,3.7213182
5708,1274,3.6296673
5708,1374,3.4554963
5708,329,2.9012392
5708,780,2.86167
5708,2009,2.8099425
5708,1924,2.1127548
2098,50,4.449343
2098,1358,4.329995
2098,919,4.2279625
2098,3949,4.220349
2098,1307,4.185509
2098,2010,4.131
2098,3090,4.119277
2098,2919,4.0887074
2098,1259,4.0687413
2098,1214,4.055785
2098,3044,3.9876165
2098,1584,3.898956
2098,2529,3.7893062
2098,1912,3.76183
2098,1356,3.6783042
2098,3101,3.6497831
2098,2058,3.5918272
2098,2159,3.478099
2098,100,3.2622023
2098,257,3.2420888
2098,481,3.125915
2098,407,3.05929
2098,3264,3.0334203
2098,3557,3.0091383
2098,2107,2.8305793
2098,1677,2.6818266
2098,92,2.6339324
2098,132,2.6110988
2098,879,2.4744282
2098,2328,2.3206074
2098,1831,2.0758443
2098,1752,1.7548453
2098,1993,1.3692279
3224,527,4.708486
3224,2731,4.677477
3224,2028,4.532953
3224,2351,4.4772544
3224,1252,4.468881
3224,1197,4.40074
3224,1256,4.3710537
3224,2692,4.3113213
3224,47,4.3093038
3224,1387,4.290436
3224,1273,4.2164702
3224,1270,4.20852
3224,1263,4.2000904
3224,1200,4.1894207
3224,943,4.1785746
3224,1243,4.175336
3224,3363,4.1675825
3224,3362,4.1628094
3224,2973,4.16158
3224,1394,4.150447
3224,1277,4.1150174
3224,3104,4.11259
3224,247,4.1028643
3224,1625,4.0914984
3224,3471,4.077505
3224,902,4.0769596
3224,1408,4.071371
3224,1594,4.0664773
3224,3448,4.0648327
3224,3546,4.046549
3224,62,4.03876
3224,3094,4.0375156
3224,2000,4.0314975
3224,1171,4.02741
3224,16,4.0265164
3224,596,4.0147367
3224,3386,4.0142436
3224,3547,3.9963284
3224,1094,3.9938178
3224,1271,3.99019
3224,1936,3.9898324
3224,2797,3.9871573
3224,1729,3.9753904
3224,161,3.9660041
3224,10,3.961304
3224,1279,3.9544744
3224,483,3.9314845
3224,2593,3.921928
3224,1184,3.9161737
3224,3512,3.9141297
3224,2109,3.908778
3224,3298,3.8947783
3224,2321,3.8894703
3224,2108,3.8850076
3224,2301,3.8817844
3224,2058,3.8718097
3224,2528,3.8705406
3224,21,3.8684828
3224,1414,3.862392
3224,506,3.8597596
3224,917,3.8593087
3224,1343,3.8582776
3224,2916,3.8491354
3224,3018,3.8427062
3224,2184,3.8373148
3224,3915,3.8331704
3224,2463,3.831914
3224,901,3.8317375
3224,1042,3.8290193
3224,3020,3.8181422
3224,3529,3.8125634
3224,3251,3.809651
3224,3167,3.8036957
3224,3253,3.8022075
3224,514,3.8009505
3224,1347,3.7976897
3224,1093,3.7903187
3224,1701,3.780434
3224,3221,3.7756777
3224,2100,3.761649
3224,3259,3.7604263
3224,112,3.7431135
3224,269,3.7427464
3224,85,3.7395697
3224,3015,3.7332065
3224,2159,3.7295437
3224,1670,3.7239833
3224,2193,3.7233624
3224,718,3.7159853
3224,224,3.707727
3224,1620,3.707276
3224,1088,3.702473
3224,3706,3.6908963
3224,2801,3.6866014
3224,2024,3.685466
3224,1415,3.6844788
3224,252,3.6618261
3224,3478,3.638128
3224,1059,3.6139572
3224,1614,3.6071825
3224,236,3.5964093
3224,3755,3.5833793
3224,35,3.5583975
3224,218,3.5002515
3224,586,3.4900424
3224,3319,3.4848995
3224,2770,3.428651
3224,2146,3.427937
3224,2722,3.4260662
3224,2792,3.3804057
3224,2417,3.3742094
3224,3930,3.3716135
3224,585,3.360222
3224,273,3.3475451
3224,294,3.3329806
3224,2369,3.3143048
3224,2266,3.310748
3224,517,3.2805886
3224,2898,3.2602758
3224,830,3.2357254
3224,378,3.1749492
3224,2468,3.0895815
3224,2387,3.087359
3224,3385,3.0695071
3224,1911,3.0515215
3224,2699,2.973546
3224,1779,2.8971944
3224,185,2.853959
3224,2163,2.6166747
3224,374,2.3372567
1120,1198,4.648634
1120,914,4.477095
1120,2067,4.4565954
1120,1266,4.4420958
1120,2761,4.434888
1120,910,4.434797
1120,111,4.429887
1120,3097,4.351469
1120,3347,4.298995
1120,1968,4.287393
1120,1682,4.273053
1120,943,4.2657
1120,2406,4.259408
1120,2398,4.245286
1120,3175,4.2332153
1120,1380,4.2110248
1120,2693,4.2097473
1120,1608,4.14956
1120,3066,4.07881
1120,733,4.0355716
1120,3034,4.009108
1120,1286,4.0011044
1120,2424,3.966203
1120,165,3.9148388
1120,3608,3.9103408
1120,708,3.900982
1120,2622,3.8891091
1120,3831,3.8882608
1120,21,3.8776782
1120,2012,3.868406
1120,3214,3.8625588
1120,1464,3.8440015
1120,2414,3.8386197
1120,1020,3.8365436
1120,2106,3.8322604
1120,3686,3.779369
1120,454,3.7620995
1120,1391,3.727147
1120,1008,3.7228045
1120,3247,3.7033052
1120,24,3.694511
1120,2023,3.6907291
1120,1367,3.6729693
1120,1015,3.6366365
1120,2145,3.6255224
1120,1479,3.5801501
1120,2093,3.5530705
1120,2094,3.5100718
1120,801,3.4909382
1120,1091,3.472272
1120,3638,3.4431262
1120,1541,3.424344
1120,653,3.3139615
1120,2054,3.271281
1120,3243,3.0978858
1120,88,3.0748231
1120,489,2.9515703
1120,2642,2.7208483
1120,2050,2.7052367
1120,3785,2.6444833
1120,2530,2.5918968
1120,2162,2.5478585
1120,1431,2.5472744
1120,65,2.5019236
1120,2381,2.460478
1120,325,2.3766193
1120,3031,2.2710042
1120,2383,1.8749352
4345,1207,4.39916
4345,296,4.3814597
4345,898,4.3089075
4345,608,4.3042755
4345,1449,4.221408
4345,3088,4.198222
4345,293,4.1138077
4345,58,4.022662
4345,1968,3.9637127
4345,262,3.9536505
4345,356,3.947905
4345,900,3.9325552
4345,3578,3.9279633
4345,921,3.9107852
4345,590,3.8879294
4345,1103,3.8685904
4345,1500,3.8416643
4345,337,3.8350735
4345,3543,3.82035
4345,121,3.8188546
4345,1845,3.8102837
4345,932,3.788169
4345,2750,3.779149
4345,2112,3.73347
4345,3100,3.7043278
4345,917,3.7006526
4345,34,3.696195
4345,938,3.6397538
4345,592,3.6325395
4345,1680,3.6218162
4345,1907,3.596322
4345,508,3.5764909
4345,417,3.5535083
4345,633,3.5407977
4345,2916,3.5255942
4345,1380,3.5161219
4345,2291,3.51585
4345,2245,3.4951677
4345,3211,3.440455
4345,339,3.394364
4345,2145,3.334728
4345,289,3.2233725
4345,832,3.2160587
4345,2976,3.1030853
4345,2470,3.090914
4345,3844,3.0839994
4345,537,3.0028872
4345,450,2.9611158
4345,1339,2.9206464
4345,736,2.7503335
4345,3247,2.6721187
4345,282,2.6660137
4345,1821,2.6114697
4345,3477,2.4767156
4345,2038,2.4118953
4345,691,2.3573222
4345,505,2.1934266
4345,256,1.9906627
4345,765,1.8002326
4345,3520,1.7048855
4345,1562,1.5505958
5025,912,4.6007195
5025,3030,4.4964986
5025,1284,4.4908457
5025,541,4.3682566
5025,1211,4.2788277
5025,3728,4.105947
5025,3543,4.0388565
5025,2395,4.001368
5025,2700,3.910782
5025,2366,3.6896312
5025,2282,3.528416
814,969,4.786435
814,919,4.669245
814,2396,4.6094093
814,3175,4.292844
814,1127,3.9080696
814,2193,3.613659
814,3753,3.4714382
814,2161,3.3088825
135,2396,5.065368
135,164,4.6055493
135,2502,4.5405664
2139,1208,4.7248716
2139,924,4.4213915
2139,3363,4.3600464
2139,3005,4.089748
2139,2694,3.8552566
2807,922,4.1711855
2807,1193,4.1170835
2807,2905,4.091907
2807,3435,3.9599025
2807,1104,3.9575524
2807,1219,3.927441
2807,3334,3.8090749
2807,947,3.7646532
2807,2973,3.6489482
2807,973,3.6198976
2807,17,3.6080449
2807,1277,3.5996537
2807,1946,3.5887346
2807,589,3.5850108
2807,3421,3.5722556
2807,1265,3.5535913
2807,3870,3.506784
2807,1948,3.4916158
2807,3408,3.4252326
2807,2949,3.422366
2807,345,3.421087
2807,3549,3.4170175
2807,1962,3.393303
2807,2321,3.3684797
2807,298,3.3172162
2807,52,3.2682018
2807,1883,3.1483445
2807,2100,2.9392252
2807,2302,2.9240499
2807,832,2.826912
2807,480,2.788067
2807,3813,2.6832643
2807,2124,2.6393197
2807,1959,2.621579
2807,3251,2.49897
2807,674,2.010837
2589,50,4.298126
2589,260,4.254615
2589,908,4.2372956
2589,1198,4.2350883
2589,1219,4.0929995
2589,296,4.0898967
2589,2028,4.0684223
2589,923,4.0591307
2589,924,3.9418461
2589,2997,3.930488
2589,2959,3.8637471
2589,36,3.8350399
2589,1079,3.8186505
2589,2194,3.7518308
2589,1292,3.709011
2589,1682,3.6819663
2589,1103,3.6539884
2589,1673,3.624349
2589,1036,3.6081958
2589,1261,3.6005476
2589,3271,3.5400863
2589,154,3.465246
2589,2108,3.4634814
2589,2321,3.460635
2589,1321,3.4312136
2589,3499,3.3476312
2589,1350,2.8926353
2589,2110,2.8889425
2589,1347,2.729223
2589,2701,1.2623366
4675,1247,4.414523
4675,1213,4.3768635
4675,1208,4.3596244
4675,356,4.158615
4675,2194,4.1249714
4675,17,4.115544
4675,778,4.106291
4675,1394,4.082648
4675,32,4.0558424
4675,1517,4.0031853
4675,2690,3.9238613
4675,1484,3.9113755
4675,36,3.9010553
4675,149,3.8527925
4675,1073,3.8017218
4675,551,3.7966108
4675,1597,3.767167
4675,647,3.7217183
4675,1701,3.7077518
4675,85,3.6469727
4675,1554,3.600601
4675,252,3.58121
4675,1918,3.5033817
4675,2822,3.4651556
4675,3156,3.4370837
4675,2421,3.072815
4675,2413,2.9062111
4675,410,2.5837138
4675,1831,2.5334625
4811,904,4.4381633
4811,745,4.38147
4811,1221,4.367638
4811,1252,4.331744
4811,2186,4.2884974
4811,1136,4.287487
4811,1256,4.1719236
4811,668,4.153
4811,2920,4.0385437
4811,457,4.036009
4811,1041,3.9870687
5078,1265,4.212639
5078,2716,4.1950784
5078,2628,3.791869
5078,2346,3.742545
749,858,4.174162
749,1247,3.8865476
749,926,3.8430333
749,1945,3.8263974
749,2944,3.7829509
749,914,3.7409923
749,3683,3.738977
749,3578,3.6901164
749,1931,3.6517248
749,3471,3.626203
749,1199,3.6143239
749,1294,3.595954
749,2791,3.5714402
749,2915,3.5539083
749,1028,3.5533793
749,1913,3.5469024
749,1125,3.4878423
749,2001,3.4724472
749,3098,3.4484985
749,2087,3.4055743
749,3450,3.4049973
749,1396,3.3934293
749,2406,3.3867345
749,1345,3.3863845
749,3361,3.3743093
749,3296,3.3025026
749,3686,3.2710235
749,2654,3.248104
749,736,3.241801
749,2605,3.2396967
749,2174,3.2226713
749,2533,3.2220192
749,2780,3.2215474
749,2657,3.202026
749,1321,3.1686842
749,426,3.1673608
749,2405,3.123744
749,2853,3.1113548
749,3476,3.053051
749,2532,2.8294556
5906,1267,4.4242773
5906,1136,4.3959513
5906,928,4.296713
5906,1196,4.271525
5906,1080,4.066661
5906,1610,3.9751663
5906,1994,3.8564122
5906,1407,3.6220858
515,527,4.2978725
515,1252,4.2457447
515,2571,4.154918
515,1304,3.9918237
515,3683,3.9851542
515,3911,3.835505
515,2289,3.8295414
515,1931,3.8061547
515,3783,3.6403933
515,3266,3.6135378
515,3735,3.5873897
515,1965,3.5247245
515,3418,3.4999943
515,2065,3.329296
515,1186,3.3177989
515,1610,3.2244487
515,2657,2.8106396
515,1437,2.663979
515,1896,2.3017066
2761,1204,4.6104155
2761,750,4.600428
2761,1198,4.580203
2761,1262,4.545437
2761,1278,4.458932
2761,1196,4.4216895
2761,296,4.410001
2761,1927,4.2410407
2761,1238,4.2214594
2761,1387,4.192807
2761,2944,4.19104
2761,2064,4.1868153
2761,356,4.174861
2761,590,4.1687355
2761,2795,4.083419
2761,1265,4.0111895
2761,3175,3.9914458
2761,6,3.9749367
2761,3104,3.9691627
2761,2243,3.9513428
2761,3448,3.9506886
2761,2130,3.9041188
2761,2700,3.8985004
2761,3494,3.8694177
2761,3703,3.8679366
2761,597,3.8381286
2761,1081,3.796417
2761,2321,3.7836378
2761,3635,3.7511477
2761,2883,3.6593308
2761,3628,3.6300006
2761,2989,3.6031168
2761,2414,3.5367265
2761,2003,3.4842486
2761,2463,3.4782367
2761,2001,3.4174705
2761,2376,3.3203523
2761,736,3.1946201
2761,2405,3.0837517
2761,674,2.938572
2761,3197,2.9131553
2761,1544,2.8724902
2761,1825,2.3855274
2761,2126,2.3532832
2761,379,2.2058165
2761,3802,1.7208894
1525,1234,4.1886168
1525,926,4.0612803
1525,2289,3.8004642
1525,3783,3.684758
1525,1289,3.6793807
1525,2857,3.502676
1525,1381,1.4755179
4315,750,4.807364
4315,1,4.665601
4315,1097,4.6289654
4315,364,4.4427648
4315,480,4.438612
4315,3396,4.41125
4315,1580,4.344046
4315,3398,4.15382
4315,1375,4.109912
4315,1339,3.9338114
4315,724,3.709022
4315,372,3.683425
4315,510,3.5681446
4315,1707,1.8340408
258,527,4.33334
258,2324,4.1504097
258,1617,4.01694
258,1036,3.9781396
258,924,3.934023
258,480,3.8187513
258,1271,3.8006222
258,589,3.7776284
258,474,3.7664742
258,3751,3.7520947
258,2686,3.7477078
258,1994,3.6956484
258,2671,3.6742215
258,3505,3.6562095
258,3639,3.6098647
258,736,3.5236425
258,350,3.4907382
258,2567,3.4410434
258,542,3.2710876
844,908,4.061702
844,593,3.9013617
844,1247,3.8417077
844,1036,3.5694683
844,1635,3.5153723
844,3751,3.5123665
844,2467,3.3651886
844,1711,2.797418
844,2024,2.63524
844,3568,2.3893025
844,2105,2.3453786
844,1191,2.1680155
844,2752,1.8704892
1755,904,4.6036096
1755,899,4.5164227
1755,1136,4.503187
1755,1617,4.444312
1755,919,4.402956
1755,1411,4.154357
1755,529,4.1441727
1755,1,4.139399
1755,2791,4.1001844
1755,17,4.060645
1755,900,3.9705274
1755,337,3.952116
1755,918,3.9284885
1755,25,3.8349745
1755,2687,3.8204775
1755,39,3.817347
1755,2355,3.8151674
1755,509,3.7999587
1755,253,3.7816908
1755,3512,3.7362761
1755,3948,3.7069774
1755,52,3.6991067
1755,1619,3.6822755
1755,2987,3.6236045
1755,1711,3.5346332
1755,3398,3.5177264
1755,2413,3.5144472
1755,1892,3.496826
1755,2134,3.4586344
1755,22,3.4170363
1755,3263,3.3720222
1755,257,3.3532104
1755,1018,3.3451135
1755,605,3.319912
1755,2292,2.8878045
1755,1359,2.6361964
1755,410,2.557232
1755,430,2.4912245
1755,2338,1.5544822
1755,3945,1.1978066
458,2948,3.8808258
458,2347,3.7100868
4327,541,4.6825356
4327,608,4.6402335
4327,3044,4.3779182
4327,3256,4.285754
4327,1343,4.0823164
4327,3770,4.046199
4327,2021,3.9500065
4327,695,3.9411087
4327,1573,3.895198
4327,3316,3.6418798
4327,1391,3.6287262
4327,1779,3.5066085
573,2571,4.396782
573,1834,3.9628062
573,1721,3.6973143
573,2267,3.302697
3003,1097,4.248864
3003,1584,4.042577
3003,3034,3.997621
3003,1356,3.9892936
3003,2161,3.9551308
3003,2640,3.8456984
3003,2628,3.8165393
3003,2105,3.577638
1350,318,4.3346105
1350,1278,4.0237474
1350,1036,4.0044227
1350,1196,4.0006266
1350,1721,3.8748899
1350,3624,3.5445485
1350,1094,3.4436877
1350,3155,3.3761253
1350,1277,3.316102
5489,1617,4.686679
5489,2028,4.685133
5489,2396,4.5251775
5489,1210,4.2856617
5489,2797,4.268318
5489,1968,4.254957
5489,2542,4.145376
5489,3256,3.9541826
5489,3176,3.8315654
5489,1722,3.5879517
5489,2005,3.4553401
4447,1148,4.167384
4447,904,4.1355467
4447,745,4.0446835
4447,908,4.000148
4447,910,3.9696288
4447,1237,3.9646506
4447,903,3.9198222
4447,1304,3.9159946
4447,1260,3.9079082
4447,942,3.895115
4447,1617,3.819251
4447,1264,3.8077455
4447,3095,3.7883637
4447,1258,3.7738888
4447,2997,3.7728293
4447,3341,3.7669501
4447,3504,3.7367618
4447,2936,3.6915636
4447,3363,3.683385
4447,907,3.6690886
4447,2670,3.6654828
4447,1080,3.6610088
4447,1344,3.6317906
4447,933,3.6294289
4447,946,3.628556
4447,3104,3.6211686
4447,1301,3.6200123
4447,3728,3.6163356
4447,1333,3.614533
4447,1103,3.5973897
4447,3451,3.5861163
4447,2664,3.583177
4447,2660,3.560132
4447,1921,3.5573432
4447,2716,3.5444224
4447,1227,3.54292
4447,746,3.519304
4447,2511,3.499796
4447,1068,3.476638
4447,492,3.4757285
4447,2750,3.4626014
4447,3420,3.4525099
4447,3358,3.448619
4447,3072,3.4445846
4447,2108,3.433374
4447,349,3.3909671
4447,2993,3.3611286
4447,2178,3.3538456
4447,1584,3.350669
4447,1580,3.3362234
4447,3255,3.2633896
4447,3501,3.2541852
4447,2185,3.2525985
4447,3685,3.2196584
4447,3676,3.2096841
4447,3706,3.1717565
4447,2370,3.1551757
4447,3029,3.138249
4447,454,3.1347647
4447,2344,3.115991
4447,339,3.0958958
4447,1614,3.087372
4447,1608,3.0725079
4447,2001,3.0661442
4447,2056,3.0526283
4447,1127,3.0286086
4447,3040,2.9995513
4447,3771,2.9937763
4447,1429,2.9716675
4447,3340,2.9681127
4447,2651,2.9608803
4447,426,2.9138637
4447,1395,2.9120564
4447,1552,2.9048376
4447,2376,2.8620005
4447,2058,2.826622
4447,3809,2.7997105
4447,2653,2.781791
4447,504,2.6776996
4447,2652,2.673347
4447,2524,2.6580863
4447,2377,2.6573012
4447,1320,2.5908184
4447,442,2.5636997
4447,2072,2.5581272
4447,2262,2.521283
4447,2163,2.426009
4447,736,2.4097757
4447,3344,2.3905332
4447,2616,2.384713
4447,196,2.3755014
4447,2638,2.310374
4447,44,2.2754734
4447,1590,2.2637188
4447,2531,2.260385
4447,2656,2.2211342
4447,2004,2.1588311
4447,2088,2.1247525
4447,3388,2.100692
4447,485,1.8020355
4447,836,1.7400883
4447,2122,1.6902165
4447,2119,1.649759
4447,1335,1.4847413
4447,2368,1.2603782
3493,457,3.9282079
3493,1036,3.8896813
3493,1219,3.8525817
3493,3671,3.8368232
3493,2670,3.7949216
3493,589,3.7901525
3493,1210,3.7425714
3493,3811,3.701705
3493,2000,3.6529512
3493,2527,3.5413785
3493,21,3.3606224
3493,2669,3.3196592
3493,3033,3.3043637
3493,1586,3.0592117
3493,3628,3.044438
3493,3619,2.9541514
3493,3633,2.7632823
3493,3766,2.4703476
4863,3175,3.799134
4863,7,2.9529574
3768,1299,4.338086
3768,1219,4.2680984
3768,1288,4.216301
3768,541,4.21054
3768,110,4.2099915
3768,2944,4.061749
3768,1641,3.9824555
3768,3510,3.9755826
3768,2160,3.9700902
3768,2693,3.888075
3768,3751,3.8800058
3768,2359,3.8791025
3768,555,3.8353093
3768,1019,3.8053043
3768,2109,3.7985504
3768,2144,3.7773943
3768,3932,3.758418
3768,2353,3.676702
3768,3358,3.6736765
3768,2596,3.6542907
3768,2700,3.6396966
3768,1017,3.6042795
3768,2764,3.5959349
3768,2115,3.5896723
3768,1884,3.5546002
3768,2403,3.5438223
3768,2406,3.505534
3768,1127,3.488552
3768,2736,3.4686787
3768,3702,3.4649985
3768,1485,3.445922
3768,1347,3.4293242
3768,2407,3.428649
3768,216,3.4036527
3768,333,3.3917809
3768,2899,3.374629
3768,3770,3.3679276
3768,377,3.3333075
3768,1597,3.296338
3768,3441,3.2526932
3768,3107,3.2517626
3768,2672,3.2439203
3768,1627,3.224658
3768,1088,3.20567
3768,1974,3.1844509
3768,2320,3.1495843
3768,2641,3.1487942
3768,2143,3.1334915
3768,2724,3.074077
3768,1385,3.0301423
3768,2335,3.0171244
3768,1405,3.0146823
3768,1320,3.0094285
3768,2792,2.9718988
3768,3698,2.9271817
3768,42,2.9243793
3768,2090,2.922981
3768,1016,2.8890996
3768,434,2.7950048
3768,1100,2.6414096
3768,2402,2.632351
3768,153,2.62059
3768,2163,2.3064728
3768,3004,2.178998
3768,2373,2.1340375
3768,3024,2.121676
3768,485,2.0113907
3768,3442,1.764758
3768,2422,1.7095639
3768,2816,1.5281726
3768,2818,1.310101
2081,356,4.035438
2081,3408,3.9413953
2081,3298,3.5383115
2081,3566,3.4627542
2081,3300,3.4331367
2081,3623,3.1317058
2081,3752,3.051879
2081,3798,2.978108
2081,3864,2.7674737
2081,3324,2.4831471
2348,608,3.6765375
2348,1200,3.6594324
2348,1267,3.6042008
2348,1247,3.5740361
2348,36,3.5636134
2348,1201,3.537836
2348,2944,3.4544191
2348,3363,3.4365401
2348,3551,3.4156055
2348,3508,3.4127347
2348,1161,3.3688312
2348,1077,3.3666196
2348,3074,3.3113165
2348,2948,3.2983902
2348,1124,3.2728784
2348,2020,3.2084608
2348,3494,3.1786742
2348,3204,3.04051
2348,2746,2.9505494
2348,2116,2.8289824
2348,2657,2.8072
2348,3700,2.6923041
2348,3073,2.667891
2348,2640,2.4299786
2348,196,2.1170738
2683,858,4.9008436
2683,260,4.8027782
2683,919,4.7639503
2683,2797,4.7135353
2683,3578,4.710244
2683,1210,4.6939783
2683,1,4.6402054
2683,1265,4.5691657
2683,3753,4.497879
2683,2289,4.473653
2683,2919,4.4481354
2683,590,4.4393816
2683,2716,4.3987913
2683,3361,4.3590064
2683,1376,4.3404665
2683,1729,4.3051567
2683,1370,4.2840633
2683,3418,4.2792377
2683,292,4.1918974
2683,2528,4.16673
2683,1409,4.126183
2683,3107,4.123285
2683,3755,4.1121044
2683,2100,4.0876775
2683,2688,4.084447
2683,257,4.0351763
2683,1611,3.9832387
2683,3614,3.9532328
2683,1777,3.9318893
2683,237,3.7525663
2683,2369,3.73146
2683,1377,3.7009835
2683,3257,3.683576
3349,1198,4.5432963
3349,1270,4.1986785
3349,1721,4.093269
3349,1274,3.953649
3349,2355,3.8995433
3349,1356,3.8302698
3349,1500,3.822113
3349,2763,3.8000374
3349,2011,3.7812216
3349,780,3.7199986
3349,261,3.7047482
3349,1722,3.6801856
3349,2393,3.5466394
3349,317,3.514729
3349,145,3.4972537
3349,2024,3.433041
3349,1438,3.1899204
3349,2162,2.184222
4281,1196,4.2756014
4281,1197,4.1990504
4281,1225,4.1708097
4281,1228,4.0727315
4281,1307,3.9774609
4281,3671,3.9187057
4281,838,3.819875
4281,2406,3.7055106
4281,2130,3.7015584
4281,3552,3.6923852
4281,492,3.666721
4281,3682,3.6377826
4281,2987,3.6276855
4281,2150,3.5922952
4281,1619,3.5638833
4281,3524,3.5483472
4281,2752,3.2538893
4281,3489,3.2075083
4281,2463,3.204452
4281,2472,3.2028265
4281,237,3.1633074
4281,2794,3.1574907
4281,236,3.1489952
4281,1007,3.1486878
4281,2369,2.9450014
3315,2571,4.711048
3315,1198,4.6564007
3315,457,4.469389
3315,1242,4.4035583
3315,597,4.2576294
3315,1411,4.255751
3315,3002,4.2389226
3315,1265,4.155797
3315,1527,4.140607
3315,1370,4.1360273
3315,1608,4.1177115
3315,10,4.0706515
3315,3255,4.0453343
3315,3793,4.033534
3315,39,4.020831
3315,1918,3.9683685
3315,1372,3.8924012
3315,852,3.8693624
3315,3785,3.824986
3315,3452,3.7847533
3315,3269,3.7603362
3315,3273,3.6519396
3315,3355,3.569291
3315,196,3.4375837
3315,2500,3.412055
2102,1221,3.9445403
2102,593,3.7364526
2102,2329,3.6267986
2102,356,3.5634015
2102,1834,3.5503535
2102,1259,3.5424001
2102,1077,3.4566226
2102,1227,3.3594332
2102,1265,3.3359694
2102,3543,3.2558455
2102,1270,3.2442122
2102,441,3.2218645
2102,3361,3.1892056
2102,1246,3.1146033
2102,25,2.9944284
2102,150,2.9891415
2102,3386,2.9829137
2102,1414,2.9669878
2102,3868,2.9064286
2102,2000,2.8790276
2102,507,2.774496
2102,161,2.6886363
2102,2551,2.6688778
2102,524,2.6565974
2102,3724,2.6191893
2102,253,2.5459976
2102,3827,2.3770463
2102,3263,2.3228579
2102,543,2.2372394
2102,271,2.2127206
2102,2699,2.1562846
2102,2470,2.145608
2102,22,2.1162703
2102,2759,2.110596
2102,1020,2.053791
2102,2469,1.9946717
2102,3301,1.9870563
2102,1401,1.9327843
2102,1614,1.9323645
2102,2247,1.9295008
2102,1841,1.746675
2102,1006,1.7348442
2102,3869,1.7324252
2102,3247,1.7249799
2102,1377,1.5425007
2102,1379,1.4245361
2102,2805,1.3882662
2102,1373,1.2987621
2102,166,1.1807418
2102,3273,1.1728437
2102,2642,1.1363919
3083,1196,4.571605
3083,1199,4.4300385
3083,2302,4.234789
3083,1374,4.1554747
3083,3276,3.1796532
3083,3355,3.1538823
787,745,4.6801233
787,2396,4.346836
787,3147,4.2028785
787,1060,4.1343203
787,866,4.022024
787,2355,3.8971648
787,3556,3.7713602
787,524,3.7485409
787,2710,3.28839
787,3755,3.053525
787,3173,3.0038333
787,3617,2.7054796
787,3623,2.553728
4737,1299,4.735397
4737,2859,4.702139
4737,1264,4.600443
4737,2973,4.5607576
4737,2194,4.522194
4737,1240,4.416205
4737,1285,4.327229
4737,1959,4.19294
4737,2100,4.034824
4737,1129,3.9855413
4737,2746,3.8705192
193,1148,4.085185
193,2571,3.9894733
193,1225,3.9798853
193,2937,3.9525115
193,1269,3.8465443
193,1944,3.8302548
193,1224,3.80039
193,1784,3.7326684
193,931,3.6228914
193,918,3.5969102
193,82,3.5389724
193,3703,3.5372922
193,2150,3.4573157
193,3260,3.4362442
193,3267,3.4208884
193,3909,3.0022607
4312,908,4.488257
4312,969,4.419025
4312,2064,4.262422
4312,1272,4.2595224
4312,678,4.2309523
4312,1617,4.2017465
4312,1953,4.090535
4312,3671,3.996344
4312,3498,3.9870172
4312,1261,3.9444427
4312,1097,3.9399617
4312,3424,3.932572
4312,2706,3.9097981
4312,2109,3.9056737
4312,180,3.9040136
4312,1275,3.895934
4312,3246,3.8904252
4312,3448,3.8432217
4312,101,3.832472
4312,866,3.8170254
4312,2078,3.7960868
4312,3396,3.7780504
4312,3255,3.762546
4312,1680,3.7324634
4312,3087,3.7051446
4312,1061,3.698831
4312,733,3.6930685
4312,648,3.6330369
4312,1441,3.5497482
4312,2100,3.5176826
4312,1620,3.5053642
4312,802,3.504888
4312,2551,3.493734
4312,2842,3.4873843
4312,2640,3.4557858
4312,3591,3.44356
4312,225,3.4420397
4312,2694,3.4342604
4312,3798,3.4320595
4312,3301,3.4062982
4312,2009,3.3943443
4312,288,3.3625283
4312,2702,3.3533294
4312,1597,3.3462825
4312,2297,3.3257184
4312,3016,3.310394
4312,2759,3.2985425
4312,1405,3.2543936
4312,168,3.2536688
4312,2325,3.2488341
4312,3761,3.2089224
4312,1091,3.2052708
4312,2133,3.2045255
4312,1422,3.1852355
4312,2513,3.1348479
4312,2771,3.1178226
4312,3752,3.0958261
4312,172,3.085543
4312,788,3.0131378
4312,2710,3.0000286
4312,2034,2.9755893
4312,784,2.936706
4312,2615,2.9302807
4312,2316,2.906106
4312,3697,2.864872
4312,479,2.8397222
4312,3316,2.7955647
4312,1359,2.7396173
4312,2072,2.7344227
4312,2170,2.6002061
4312,2446,2.5663476
4312,880,2.5332742
4312,1995,2.4503212
4312,1971,2.336804
4312,2642,2.2791731
4312,1973,2.1806083
4312,3768,2.1012414
4312,762,1.973016
4312,1381,1.9393016
4312,1976,1.6165681
1196,1207,4.491259
1196,953,4.405387
1196,2501,4.1958485
1196,1200,4.159851
1196,1221,4.145099
1196,2858,4.1209364
1196,1,4.1040077
1196,1258,4.060608
1196,1103,3.8709898
1196,1393,3.8239026
1196,1012,3.7330487
1851,593,3.8507624
1851,1197,3.8152966
1851,3897,3.6987839
1851,3077,3.6093137
1851,3949,3.507507
1851,1275,3.4296312
1851,246,3.428
1851,1921,3.4249103
1851,1266,3.3887637
1851,2662,3.3809936
1851,3753,3.3586318
1851,2997,3.2247381
1851,377,3.2066278
1851,2841,3.1155164
1851,2318,3.0947852
1851,1089,3.0616999
1851,2599,3.0108075
1851,3525,2.9943922
1851,2021,2.9618273
1851,515,2.9480643
1851,524,2.940528
1851,3275,2.93732
1851,3863,2.9050312
1851,316,2.8915942
1851,1339,2.8839312
1851,3718,2.8119013
1851,2407,2.7994213
1851,2143,2.775838
1851,86,2.765386
1851,2023,2.758933
1851,2554,2.7201195
1851,268,2.7182388
1851,70,2.6384525
1851,2553,2.5904357
1851,1320,2.5604298
1851,2975,2.4608686
1851,2598,2.4117823
1851,674,2.3630652
1851,3,2.1222975
1851,256,2.1187506
1851,186,2.0600374
1851,2526,2.0135217
1851,379,1.9946655
1851,1373,1.9919453
1851,191,1.9470198
1851,3024,1.9006174
1851,528,1.8770123
1851,737,1.7612244
1851,1977,1.5590649
1851,1556,1.4808962
1851,1976,1.4522448
2426,527,4.259147
2426,1221,4.132992
2426,1949,3.982883
2426,1945,3.9781651
2426,1225,3.9349022
2426,3363,3.722308
2426,3152,3.6880307
4674,3421,4.5674825
4674,3527,4.501013
4674,2001,4.326152
4674,3175,4.2426834
4674,2380,3.4777327
919,969,4.493106
919,1278,4.4734955
919,1172,4.418511
919,1291,4.4038982
919,1222,4.2478533
919,3083,4.202942
919,3039,4.2028737
919,345,4.154229
919,2115,4.1484165
919,3361,4.12209
919,337,4.0883126
919,2406,4.0774918
919,1265,4.063489
919,3932,4.049826
919,2968,4.04938
919,1185,4.0363655
919,3868,4.025041
919,2697,4.0061884
919,2455,3.9433928
919,1958,3.9365282
919,2463,3.9037611
919,1480,3.8919055
919,3070,3.8650367
919,3928,3.864986
919,3223,3.8172092
919,2736,3.8062596
919,2734,3.7147968
919,2370,3.6249552
919,481,3.6138763
919,2639,3.5944896
919,2802,3.5433493
919,427,2.691524
919,2450,2.3413749
4237,593,4.300044
4237,2762,4.241061
4237,1617,4.116555
4237,2355,3.9707513
4237,2599,3.962048
4237,3256,3.8969185
4237,3034,3.8570056
4237,2353,3.8324065
4237,3082,3.8064744
4237,145,3.65486
4237,1587,3.6532555
4237,2278,3.6317863
4237,2340,3.5847538
4237,434,3.5523915
4237,2746,3.4869266
4237,3173,3.283075
1182,904,4.456831
1182,260,4.4229755
1182,1197,4.350896
1182,1089,4.149864
1182,593,4.1401258
1182,1206,4.094412
1182,1704,4.075083
1182,47,4.044946
1182,1214,4.019423
1182,1291,3.934956
1182,1673,3.934533
1182,3751,3.9264755
1182,915,3.9096084
1182,3363,3.879693
1182,1682,3.8431675
1182,3147,3.7533653
1182,1302,3.7255018
1182,968,3.689728
1182,1374,3.6868942
1182,1466,3.6825075
1182,1641,3.6689534
1182,588,3.6660702
1182,1730,3.664836
1182,1653,3.662948
1182,2952,3.642473
1182,1610,3.6266131
1182,2712,3.2702808
1182,329,3.1409972
1182,2311,3.0589683
1182,2433,3.0507333
1182,1597,2.9010305
1182,2011,2.673599
1182,2683,2.6482258
1182,1876,2.5291035
1182,2628,2.4936225
1182,3033,2.3496876
1182,2094,2.330071
1182,442,2.2172117
1182,1917,2.0929837
1182,185,1.7743298
1182,332,1.7016903
1182,24,1.5296835
1182,2053,1.4415998
1182,3156,1.2956154
1182,1831,1.2279217
3707,3178,4.134187
3707,1466,4.0539002
3707,391,3.751229
3707,434,3.5327299
3707,1377,3.5167017
3707,1562,2.5956435
3707,2516,1.999179
4790,1221,4.2136507
4790,1213,4.0317645
4790,1449,4.020166
4790,1244,3.960392
4790,1704,3.8802955
4790,1090,3.8549364
4790,1097,3.7757587
4790,1265,3.7719855
4790,3481,3.744358
4790,29,3.7033598
4790,3728,3.6619012
4790,3521,3.6168845
4790,41,3.5909412
4790,176,3.576005
4790,1885,3.5158546
4790,3418,3.4979908
4790,1955,3.4885683
4790,1580,3.4428453
4790,233,3.4414062
4790,25,3.44112
4790,342,3.4403017
4790,3255,3.4209137
4790,2943,3.3982282
4790,1183,3.391821
4790,165,3.38277
4790,2926,3.332798
4790,1092,3.2681532
4790,171,3.2631333
4790,353,3.2314463
4790,3591,3.2230525
4790,2420,3.1359773
4790,3250,3.112184
4790,2683,3.06075
4790,3298,3.0587564
4790,488,3.0442176
4790,236,3.0065112
4790,376,2.916422
4790,3247,2.9151037
4790,24,2.8894057
4790,469,2.7228432
4790,2309,1.6791617
1172,2571,4.5172715
1172,3147,4.340475
1172,593,4.302178
1172,1266,4.238047
1172,457,4.223118
1172,47,4.1029377
1172,3160,4.094032
1172,3210,4.0865116
1172,549,4.082193
1172,2020,4.0713453
1172,3317,4.040355
1172,3408,4.0107303
1172,3578,3.9948184
1172,1680,3.9357095
1172,337,3.9132445
1172,3723,3.89601
1172,892,3.8907633
1172,141,3.8329391
1172,2125,3.7834818
1172,21,3.7449052
1172,147,3.7185626
1172,339,3.718397
1172,1821,3.6767416
1172,1573,3.6686056
1172,2622,3.6240864
1172,1135,3.6227646
1172,1735,3.5960088
1172,3155,3.584988
1172,2145,3.5809174
1172,2011,3.579078
1172,2572,3.393064
1172,1513,3.211142
1172,2340,3.1527662
1172,691,3.0708556
1172,2121,3.064673
1172,852,3.029088
1172,2548,2.0673492
1172,2568,1.9727153
1172,1969,1.8912812
1172,1971,1.7269418
5805,1252,4.603011
5805,2028,4.4487658
5805,110,4.32205
5805,1947,4.2690554
5805,2020,4.2568226
5805,247,4.1951194
5805,1344,4.150936
5805,2863,4.1454134
5805,3549,4.099675
5805,3604,3.9776168
5805,2857,3.8899126
5805,2872,3.7864513
5805,1009,3.3370512
5805,2005,3.2642155
5805,1769,2.7135608
2468,260,4.68281
2468,1193,4.574296
2468,678,4.5531836
2468,2396,4.337075
2468,2137,4.2417517
2468,62,4.2197504
2468,2871,4.208348
2468,1073,4.166122
2468,3527,4.14447
2468,3260,4.038958
2468,2779,4.030886
2468,2009,4.0123677
2468,1653,4.0118
2468,2985,3.9986625
2468,2393,3.9727874
2468,3032,3.9305027
2468,2045,3.852469
163,2762,3.7485175
163,1387,3.3804674
163,110,3.2989023
163,529,3.2839863
163,3527,3.0423007
163,1633,2.8504686
163,589,2.8247604
163,3175,2.7717319
163,1732,2.7194407
163,2502,2.7178686
163,266,2.6474288
163,3176,2.6154914
163,151,2.5772288
163,610,2.561817
163,733,2.547022
163,3020,2.5208879
163,1883,2.4858932
163,2617,2.4809818
163,2058,2.4693303
163,2890,2.4641354
163,368,2.4385793
163,846,2.4313676
163,1792,2.3657258
163,1895,2.3349445
163,3452,2.3213818
163,89,2.248465
163,1573,2.1920564
163,748,2.1844625
163,2976,2.1526918
163,152,2.0882254
163,1902,2.049594
163,2297,2.0477042
163,1821,2.0392485
163,3,1.9150312
163,48,1.9115552
163,3285,1.8746752
163,382,1.7458491
163,2428,1.7415227
163,673,1.7120366
163,1771,1.6841954
163,653,1.6818068
163,20,1.5243207
163,829,1.4945201
163,173,1.4941978
163,694,1.4400384
163,2549,1.3923131
163,1497,1.1716063
4546,318,4.662782
4546,2871,4.075635
4546,3104,3.9996057
4546,2890,3.84917
890,1267,4.465458
890,1291,4.4592204
890,1036,4.202819
890,2006,4.0401344
890,1485,4.035447
890,1586,3.95548
890,2089,3.9430137
890,13,3.9124942
890,3477,3.9068418
890,3113,3.8617165
890,1033,3.8534048
890,1120,3.8218958
890,1468,3.7728367
890,185,3.73058
890,3785,3.7215512
890,1805,3.7207975
890,2566,3.6972492
890,2162,3.6560278
890,1005,3.6040678
890,3054,3.5357978
5969,1238,3.8144755
5969,3210,3.6952496
5969,1244,3.6803422
5969,1175,3.6123605
5969,3536,3.5738978
5969,588,3.5631287
5969,21,3.3762395
5969,2747,3.2418017
5969,344,3.1759958
5969,2413,3.1118546
5969,3156,2.9451375
4647,260,4.3326693
4647,318,4.3089275
4647,2019,4.3012414
4647,912,4.266529
4647,1212,4.2659197
4647,1208,4.0546517
4647,3629,4.009568
4647,2858,4.00377
4647,2692,3.9955158
4647,2804,3.974921
4647,162,3.966102
4647,905,3.9596343
4647,111,3.9448888
4647,1235,3.9279692
4647,3360,3.9027927
4647,1719,3.8964114
4647,3075,3.8439775
4647,1307,3.8240144
4647,3182,3.8026752
4647,1094,3.778367
4647,1682,3.776587
4647,1222,3.7727556
4647,1357,3.7715957
4647,110,3.7696438
4647,3168,3.7583032
4647,290,3.7561188
4647,3552,3.748681
4647,1965,3.7456522
4647,3751,3.7430186
4647,2268,3.7404697
4647,3200,3.740081
4647,1073,3.7391262
4647,176,3.7375996
4647,3680,3.726097
4647,3783,3.7116249
4647,2863,3.710267
4647,2318,3.7042463
4647,3266,3.7040956
4647,2502,3.7039163
4647,373,3.680371
4647,2302,3.6754966
4647,1913,3.6716251
4647,16,3.6600504
4647,235,3.6363416
4647,2371,3.6248322
4647,1743,3.6220186
4647,2069,3.6177278
4647,2022,3.6068976
4647,2988,3.6047792
4647,3072,3.6001496
4647,3685,3.5636778
4647,2952,3.5177405
4647,592,3.5139675
4647,2349,3.5077276
4647,2112,3.4992566
4647,1785,3.4947429
4647,3734,3.4240491
4647,785,3.39483
4647,2409,3.3895411
4647,1721,3.3772802
4647,2844,3.3560581
4647,3501,3.3479857
4647,3684,3.3206716
4647,147,3.3141198
4647,368,3.3128135
4647,2976,3.30368
4647,2766,3.3029637
4647,1580,3.286694
4647,3020,3.269915
4647,288,3.232784
4647,1194,3.2003126
4647,1711,3.1908638
4647,1552,3.1420536
4647,2475,3.1098404
4647,780,3.0939
4647,3138,3.0935538
4647,1352,3.0874872
4647,2770,3.039435
4647,2441,3.0088422
4647,2942,2.9863563
4647,2011,2.9255366
4647,1804,2.855189
4647,3509,2.8506029
4647,1892,2.8421183
4647,3301,2.8303201
4647,3707,2.8096218
4647,2387,2.7870197
4647,2410,2.716979
4647,2741,2.6905441
4647,736,2.6755824
4647,804,2.6087332
4647,2269,2.5876474
4647,3860,2.5181532
4647,548,2.4936695
4647,544,2.4552586
4823,318,4.4703503
4823,1221,4.272787
4823,912,4.2715254
4823,2762,4.254315
4823,2692,4.120482
4823,1258,4.00505
4823,293,4.000257
4823,1950,3.9806414
4823,363,3.9645143
4823,920,3.9105554
4823,2248,3.8998575
4823,2020,3.8943236
4823,1188,3.749736
4823,1682,3.7408428
4823,3751,3.7279644
4823,101,3.7184405
4823,3499,3.7070494
4823,2333,3.705475
4823,1921,3.6887896
4823,3910,3.679645
4823,2810,3.6636689
4823,1748,3.6310508
4823,628,3.5824142
4823,1298,3.5229123
4823,3104,3.499328
4823,3868,3.4936745
4823,440,3.4892483
4823,2401,3.48284
4823,3408,3.4133816
4823,1127,3.3707695
4823,3052,3.3433414
4823,364,3.2941206
4823,3174,3.203188
4823,2280,3.1753843
4823,175,3.1302776
4823,2353,3.1221256
4823,3535,3.1152854
4823,3448,3.1030004
4823,2764,3.07096
4823,3253,3.0656652
4823,2470,3.0473804
4823,3510,2.985856
4823,2005,2.8755383
4823,2141,2.8226156
4823,4,2.504735
4823,2478,2.388301
4823,3528,2.2940505
4823,459,2.1300871
4823,2121,2.0338624
4823,2432,1.9539459
4823,3394,1.783716
4823,2411,1.7235382
4823,533,1.7214214
4823,3243,1.6557667
4823,612,1.5218184
4451,745,4.1947675
4451,50,4.182798
4451,1256,4.0227017
4451,2324,4.01222
4451,1247,3.8692002
4451,3114,3.862786
4451,2871,3.6357636
4451,1,3.5586991
4451,535,3.503302
4451,47,3.4931965
4451,2391,3.444243
4451,2395,3.4336116
4451,1962,3.1321745
4451,2108,3.114752
4451,1343,2.9777832
4451,3052,2.8151662
4451,524,2.7750797
4451,2746,2.7049167
4451,2100,2.5669622
4451,2976,2.4767547
4451,180,2.2284076
4451,1573,2.1115797
4451,2657,2.0924819
4451,282,1.9306877
4451,42,1.9166678
4451,2378,1.7017426
4451,2694,1.6177136
3399,260,4.4671116
3399,1200,4.160919
3399,1210,3.991426
3399,1466,3.916041
3399,595,3.9004161
3399,3408,3.8381264
3399,3159,3.7960858
3399,2310,3.7644405
3399,1653,3.7137303
3399,3527,3.6620471
3399,1580,3.658503
3399,21,3.6373198
3399,1587,3.5603576
3399,2985,3.3924217
3399,2572,3.2703757
3399,1597,3.1521273
3399,1552,3.1277308
3399,736,3.0225787
3399,3638,2.9354718
739,1036,4.69386
739,1302,4.4214735
739,2137,4.4162526
739,1321,4.4094486
739,1994,4.358072
739,3101,4.333564
739,1101,4.3256664
739,1608,4.2621093
739,2087,4.1873775
739,2236,4.0828314
739,736,4.0244884
739,2628,3.9767032
739,673,3.926609
739,788,3.7220466
5269,50,4.4416237
5269,1213,4.340434
5269,1278,4.317606
5269,111,4.277406
5269,1225,4.2285576
5269,2692,4.1946
5269,1952,4.1042266
5269,1719,4.041177
5269,2599,3.9743853
5269,2908,3.9499958
5269,1961,3.9061959
5269,2391,3.851831
5269,235,3.806582
5269,1673,3.804429
5269,3396,3.7923346
5269,2968,3.7764716
5269,594,3.7745018
5269,205,3.6397362
5269,628,3.5850306
5269,448,3.5044158
5269,2883,3.4790154
5269,1884,3.3146641
5269,144,3.3038104
5269,2273,3.2072902
5269,3645,3.0624797
5269,3145,2.900292
5269,3701,2.82969
5269,3398,2.740175
5269,381,2.392281
5269,328,2.3780863
5269,1769,2.3737197
5269,89,2.2731597
5269,3693,2.1786623
5269,3120,1.8550813
5269,436,1.5656514
5269,2799,0.9813962
958,318,4.6817265
958,2858,4.337026
958,608,4.3325357
958,928,4.288743
958,1617,4.276155
958,1089,4.184867
958,1304,4.1065493
958,1041,4.106161
958,2997,4.1005573
958,356,3.9348335
958,1095,3.8422399
958,2488,3.823854
958,2395,3.818524
958,1407,3.3711755
958,2689,2.8725626
2826,955,3.9050298
2826,296,3.8985968
2826,2858,3.8896117
2826,2937,3.8249838
2826,1240,3.7764578
2826,1218,3.7740676
2826,2132,3.7001927
2826,3481,3.6991553
2826,2973,3.6713681
2826,3507,3.6611428
2826,1387,3.6504207
2826,1244,3.635551
2826,3135,3.5699408
2826,2944,3.4589489
2826,2020,3.3631155
2826,2866,3.2788033
2826,2348,3.2228403
2826,3302,2.9978495
2826,3040,2.5464354
1191,2203,4.773153
1191,913,4.6793156
1191,906,4.660858
1191,945,4.6047516
1191,936,4.5870476
1191,914,4.5320625
1191,1407,3.8408957
2550,1304,3.9473026
2550,1252,3.938425
2550,1196,3.928595
2550,1219,3.9098797
2550,2300,3.8391438
2550,924,3.7877312
2550,2949,3.5227103
3005,2959,4.2697787
3005,3527,4.1055613
3005,2662,4.00091
3005,1127,3.9834347
3005,1374,3.9608886
3005,3702,3.939795
3005,3682,3.9311519
3005,3635,3.8509831
3005,3204,3.7811043
3005,1573,3.7495084
3005,1372,3.634817
3005,2454,3.632221
3005,2628,3.5771065
3005,2105,3.5641503
3005,1690,3.4239337
3005,1320,3.0755773
3005,2995,2.5637703
3514,1193,4.3652325
3514,1212,4.354908
3514,1223,4.2759576
3514,1248,4.1003714
3514,2728,3.9579546
3514,2302,3.8805537
3514,1639,3.7671156
3514,3844,3.5663319
3514,482,3.5136461
3514,780,3.4844038
1466,750,4.4998674
1466,1197,4.4260516
1466,1287,4.234935
1466,1361,4.190264
1466,3740,3.8138795
1466,2058,3.7645879
1466,2353,3.7443619
1466,3261,3.614377
1466,780,3.5261636
1466,3263,3.480056
1466,1047,3.4300294
1466,1391,3.4122286
1466,3444,3.361847
1466,1895,3.351594
1466,532,3.3428292
1466,3638,3.3427277
1466,344,3.3254075
1466,1385,3.3198838
1466,2094,3.2285905
1466,569,3.191608
1466,464,2.5899587
1138,2081,4.334737
1138,1580,4.1642103
1138,3615,3.7360928
1138,3863,3.4758744
1138,3579,2.9604473
1138,3646,2.5270855
2899,951,4.5843296
2899,1253,4.497607
2899,1294,4.4743795
2899,2788,4.428297
2899,910,4.391075
2899,1036,4.351221
2899,3549,4.2632747
2899,3039,4.2439795
2899,223,4.210119
2899,1584,4.1944666
2899,2355,4.164417
2899,2150,4.1302233
2899,2301,4.111662
2899,2171,4.058709
2899,592,4.0456753
2899,2174,4.0375805
2899,1215,4.0336375
2899,1747,4.020563
2899,390,3.9994183
2899,2006,3.9946752
2899,2134,3.9750748
2899,3253,3.962929
2899,45,3.9096038
2899,3869,3.882588
2899,3525,3.8813186
2899,2836,3.8572814
2899,1883,3.854765
2899,586,3.8490489
2899,1020,3.8348756
2899,3544,3.8300753
2899,2985,3.827444
2899,2249,3.7938347
2899,3146,3.7934031
2899,157,3.779794
2899,3013,3.748814
2899,3703,3.7458963
2899,231,3.7162323
2899,1167,3.69972
2899,3394,3.6774092
2899,2054,3.6488767
2899,196,3.636145
2899,3326,3.5813975
2899,435,3.5356576
2899,2500,3.465684
2899,1037,3.46343
2899,3243,3.352302
5247,175,3.1345537
5247,1513,2.228035
5247,88,1.9400048
4473,1234,3.994704
4473,1949,3.9787924
4473,1242,3.8859496
4473,3819,3.8369913
4473,3362,3.821087
4473,3062,3.764505
4473,2951,3.6452842
4473,733,3.6398857
4473,2352,3.608999
4473,3836,3.5885062
4473,1292,3.5809822
4473,2739,3.5798314
4473,1096,3.5762222
4473,1964,3.5466783
4473,2359,3.539992
4473,2312,3.5338047
4473,2730,3.5234575
4473,300,3.4956098
4473,3420,3.4839869
4473,2115,3.4830017
4473,2390,3.473929
4473,2161,3.4201021
4473,380,3.3735332
4473,2764,3.361497
4473,348,3.3478823
4473,2291,3.3428035
4473,3066,3.333336
4473,3424,3.315674
4473,2278,3.3055654
4473,302,3.2963872
4473,2193,3.289287
4473,3396,3.288054
4473,2990,3.2681484
4473,2394,3.2618418
4473,2100,3.2294316
4473,2013,3.2200947
4473,2474,3.1951852
4473,2043,3.0829234
4473,520,3.01398
4473,3254,2.9420683
4473,2411,2.8359573
4473,1801,2.7743433
4473,410,2.5209775
4656,1208,4.62423
4656,1197,4.620012
4656,3265,4.366734
4656,2791,4.250367
4656,480,4.2095313
4656,1673,4.1725216
4656,2890,4.0613947
4656,539,4.0424075
4656,2118,4.0038023
4656,3175,3.9856596
4656,3576,3.948748
4656,39,3.9122767
4656,3476,3.8788822
4656,3635,3.8599842
4656,2985,3.7890286
4656,367,3.7171485
4656,2539,3.5954351
4656,2,3.5607915
4656,2688,3.3746645
4656,586,3.2255964
4656,2605,3.163944
4829,1148,4.614855
4829,750,4.493184
4829,2762,4.485212
4829,906,4.2939563
4829,1449,4.231531
4829,2300,4.1880198
4829,1259,4.179011
4829,1610,4.175046
4829,2396,4.1353006
4829,1222,4.1336775
4829,539,4.0969663
4829,1292,4.094062
4829,3481,4.0436854
4829,2863,4.041116
4829,1301,4.03003
4829,2355,4.02304
4829,3159,3.9854772
4829,2716,3.965356
4829,3751,3.9429781
4829,3418,3.9033632
4829,2442,3.8763347
4829,3052,3.873879
4829,1573,3.8037202
4829,1912,3.7987847
4829,968,3.7959456
4829,2301,3.768298
4829,21,3.7511845
4829,648,3.7283068
4829,39,3.7143488
4829,659,3.7069523
4829,417,3.6948266
4829,2011,3.6692588
4829,3538,3.656397
4829,2294,3.6310072
4829,3623,3.5966384
4829,367,3.5790083
4829,2335,3.4281178
4829,1616,3.401511
4829,292,3.2817693
4829,2126,3.206894
4829,1887,2.9490483
4829,880,2.6820552
1236,2194,3.6470318
1236,2406,3.543241
1236,1101,3.5369022
1236,441,3.4791028
1236,3763,3.4630048
5022,260,4.759387
5022,1221,4.75834
5022,1259,4.3793874
5022,2968,4.059146
1598,2571,4.689031
1598,1206,4.3866262
1598,1748,4.023655
1598,1127,3.9892488
1598,1527,3.9857907
1598,2600,3.8302298
1598,3699,3.6673374
1598,316,3.6053298
1598,1573,3.3741157
1598,1320,3.2234716
1598,2399,3.0276618
1598,185,3.0157633
1598,2364,2.9419494
1598,1779,2.8521476
1598,2034,2.8408754
1598,2668,2.722795
1598,209,2.5491354
1598,3826,2.4582279
1598,2642,2.3874729
1598,3190,2.3068807
1074,1304,3.784577
1074,3510,3.6553054
1074,1266,3.5615618
1074,3363,3.5604317
1074,3789,3.5556216
1074,1674,3.5303054
1074,1101,3.4555233
1074,780,3.3808072
1074,3296,3.182167
1074,2087,3.0686955
1074,1334,3.0554204
1074,2529,3.0380754
1074,2445,2.852031
1074,3304,2.8249226
1676,923,4.6370454
1676,2028,4.556909
1676,1214,4.5339336
1676,919,4.5267096
1676,1704,4.4811735
1676,3147,4.458427
1676,1270,4.3997774
1676,3114,4.388034
1676,2302,4.3057466
1676,32,4.304519
1676,36,4.3038254
1676,553,4.249609
1676,1265,4.187273
1676,3255,4.16405
1676,223,4.1423783
1676,1022,4.1367035
1676,2115,4.100853
1676,2580,4.057106
1676,1845,4.030251
1676,2099,4.0291386
1676,161,4.0214076
1676,2987,3.9932039
1676,357,3.9884133
1676,2700,3.9675694
1676,3624,3.967176
1676,1343,3.9505706
1676,1870,3.912334
1676,2174,3.9111571
1676,3608,3.909598
1676,2294,3.84437
1676,2002,3.8353558
1676,112,3.754032
1676,1824,3.7106447
1676,2057,3.706308
1676,3618,3.6611981
1676,24,3.6504788
1676,2657,3.6368847
1676,2133,3.6149864
1676,1405,3.6128864
1676,366,3.5645351
1676,569,3.49855
1676,2,3.4791007
1676,1541,3.390659
1676,434,3.3721175
1676,1687,3.3410327
1676,1690,3.2927434
1676,2699,3.2906804
1676,3113,3.248431
1676,830,3.1763973
1676,2093,3.1087847
1676,3,3.0738277
1676,312,3.0474458
1676,135,3.0163274
1676,44,3.006299
1676,432,3.0042152
1676,1037,2.9939835
1676,2052,2.9790556
1676,3273,2.977903
1676,1752,2.8951056
1676,1831,2.8743098
1676,3919,2.8063014
1676,2296,2.7978847
1676,173,2.7380269
1676,2465,2.7023873
1676,2092,2.4206913
1676,1972,2.402253
1676,606,2.395712
1676,2149,2.3779716
1676,3392,2.249574
3292,2571,4.767042
3292,1250,4.7539997
3292,1945,4.6937113
3292,1197,4.6108546
3292,1260,4.582982
3292,1939,4.541041
3292,1225,4.5405693
3292,1219,4.5109224
3292,2762,4.4993687
3292,110,4.4902267
3292,1949,4.472026
3292,919,4.445519
3292,3062,4.418733
3292,2973,4.4137096
3292,978,4.3968287
3292,947,4.394104
3292,3083,4.389842
3292,3362,4.3497753
3292,1077,4.3479123
3292,3334,4.347439
3292,3471,4.3368917
3292,1259,4.336405
3292,1362,4.333988
3292,3849,4.3154783
3292,595,4.2694016
3292,2997,4.265003
3292,1340,4.2454586
3292,2664,4.2359357
3292,1073,4.235699
3292,440,4.2344875
3292,2398,4.232976
3292,3201,4.2213364
3292,249,4.218559
3292,3424,4.210594
3292,2946,4.1819277
3292,2971,4.1553574
3292,3098,4.1432467
3292,1925,4.131279
3292,1282,4.129602
3292,1517,4.1256227
3292,1693,4.1042223
3292,3072,4.056373
3292,3256,4.040632
3292,2390,4.003997
3292,417,3.994434
3292,2820,3.9938762
3292,2470,3.9758282
3292,2046,3.956434
3292,941,3.9515197
3292,2291,3.9445362
3292,2181,3.9356244
3292,164,3.9348235
3292,2996,3.930098
3292,2581,3.9090636
3292,500,3.9075546
3292,448,3.8934145
3292,2929,3.8930006
3292,218,3.880959
3292,2803,3.8701982
3292,2077,3.8620853
3292,3643,3.835197
3292,650,3.8328314
3292,3812,3.8291378
3292,2290,3.8209796
3292,1033,3.800592
3292,3073,3.7759318
3292,2133,3.773838
3292,3032,3.7697306
3292,3176,3.7621186
3292,2021,3.754036
3292,22,3.7484732
3292,1010,3.7194757
3292,3930,3.69152
3292,254,3.6834085
3292,3845,3.6641045
3292,2435,3.6619892
3292,2032,3.6262403
3292,2363,3.5977488
3292,27,3.585638
3292,3642,3.5676994
3292,1804,3.5590453
3292,2605,3.4860477
3292,939,3.4346771
3292,2723,3.4333549
3292,444,3.1563203
3292,442,3.1539772
3292,765,3.0658717
3292,2953,2.8407
4653,527,4.1214676
4653,2203,3.9453847
4653,1250,3.941323
4653,593,3.9102216
4653,1963,3.8270583
4653,2858,3.809116
4653,926,3.805778
4653,3091,3.8045173
4653,994,3.7880301
4653,110,3.7738955
4653,924,3.7670007
4653,914,3.7640548
4653,111,3.6662297
4653,3481,3.6443377
4653,3062,3.619792
4653,3421,3.558352
4653,296,3.5286527
4653,1230,3.5200539
4653,3510,3.4428453
4653,3255,3.4348316
4653,1968,3.4161339
4653,3948,3.3538854
4653,3068,3.3383174
4653,440,3.3378167
4653,3082,3.2882195
4653,3259,3.2510662
4653,3052,3.2422316
4653,1307,3.189493
4653,1722,3.1716228
4653,3893,3.1675255
4653,2431,3.1658359
4653,2424,3.099377
4653,1648,3.0747335
4653,543,3.0469136
4653,3515,3.008915
4653,3269,2.7215698
4653,2362,2.7199237
4653,3826,2.1421208
2916,3683,4.27104
2916,1214,4.2172027
2916,1449,4.1425476
2916,3019,4.0294566
2916,1571,3.948069
2916,314,3.940815
2916,1914,3.934092
2916,3424,3.876148
2916,2395,3.8391535
2916,3920,3.834815
2916,1732,3.8192782
2916,2073,3.7339137
2916,1516,3.706064
2916,851,3.6839833
2916,341,3.6783042
2916,3446,3.4672816
2916,224,3.4392846
2916,1054,3.3965275
2916,3893,3.386696
2916,1425,3.3621173
2916,85,3.3110511
2916,347,3.091456
2916,2362,2.87159
73,2028,4.347513
73,1270,4.077491
73,1222,4.0756817
73,1,4.075465
73,1265,3.9806077
73,1610,3.9027853
73,3210,3.7782867
73,1356,3.7511358
73,3267,3.7329195
73,316,3.7240458
73,2403,3.6203098
73,2012,3.5982182
73,2393,3.539795
73,1858,3.5319653
73,2003,3.4980855
73,3863,3.4461977
73,1479,3.3380787
73,1597,3.2969825
73,153,2.8538954
73,836,2.8239217
73,208,2.795593
73,379,2.5622506
73,3889,2.382748
1499,1240,4.454813
1499,1210,4.4255447
1499,3793,4.139412
1499,2012,3.947012
1499,653,3.91688
1499,1573,3.8137107
1499,1591,3.2575023
820,1206,4.1712847
820,2664,4.0405893
820,1097,3.9597075
820,1374,3.8732743
820,2527,3.6249008
820,2681,3.5893126
820,2375,3.0667248
820,2722,2.9967625
820,442,2.9464722
820,1037,2.164588
820,2807,1.6682681
4045,3793,3.9791467
4045,3798,3.7890673
4045,1806,3.4589179
4045,3758,3.089099
1151,2019,4.954523
1151,260,4.7695956
1151,800,4.4878445
1151,589,4.4015036
1151,2791,4.3960853
1151,176,4.330147
1151,101,4.3273206
1151,1257,4.3166695
1151,1285,4.310009
1151,1060,4.2948627
1151,180,4.2479753
1151,1584,4.1816545
1151,1732,4.1796145
1151,3178,4.160617
1151,493,4.1029196
1151,471,4.0907855
1151,492,4.0342655
1151,3253,4.0301294
1151,1376,4.014455
1151,574,3.8785164
1151,377,3.8716173
1151,2193,3.803084
1151,164,3.7863846
1151,1876,3.7267175
1151,2672,3.5270152
1151,1573,3.475689
1151,1777,3.3630457
1151,3444,3.3539143
1151,719,2.661551
1151,1779,2.5901797
1151,3438,2.526287
1151,185,2.4666598
1151,876,2.387476
1151,849,2.1383705
5895,858,4.697892
5895,3521,3.939136
5895,1729,3.837169
5895,1645,3.6028173
5895,1754,3.5681381
5895,2023,3.4334476
5895,3557,3.18922
1278,1197,4.381778
1278,1196,4.330653
1278,1036,4.2327223
1278,317,3.2940474
45,1197,3.806253
45,2791,3.6302938
45,1968,3.3768206
45,1500,3.3706882
45,3341,3.3488655
45,915,3.297092
45,3255,3.2713518
45,1171,3.148695
45,1580,3.1342378
45,3462,3.1181417
45,3524,3.06109
45,2150,3.0148292
45,1835,2.9896235
45,3614,2.970526
45,468,2.9475095
45,1733,2.9061136
45,852,2.8979654
45,2297,2.7842555
45,144,2.7737563
45,753,2.7720838
45,1409,2.7413774
45,1888,2.7364755
45,1353,2.700552
45,153,2.6096885
45,3099,2.6051257
45,2124,2.5816853
45,435,2.5384064
45,2245,2.5350213
45,371,2.5029356
45,2054,2.3842945
45,2385,1.9496679
2368,527,5.0117006
2368,912,4.8146677
2368,3360,4.6716394
2368,1041,4.534134
2368,1259,4.500102
2368,3448,4.44633
2368,3733,4.36706
2368,3271,4.352455
2368,3135,4.351712
2368,562,4.336567
2368,1103,4.3063135
2368,1672,4.2777414
2368,230,4.2304173
2368,1183,4.20685
2368,1179,4.1560645
2368,3738,4.13616
2368,2291,4.102221
2368,1094,4.0300655
2368,1044,3.9892948
2368,224,3.9742413
2368,3528,3.9322424
2368,3684,3.9170876
2368,2415,3.8215852
2368,3176,3.5767932
1335,745,4.1391068
1335,908,3.984116
1335,2858,3.867052
1335,3429,3.8650963
1335,1223,3.8279996
1335,2804,3.809142
1335,3114,3.7477407
1335,3083,3.7424107
1335,1090,3.6389666
1335,3317,3.540115
1335,3471,3.5284436
1335,1292,3.5113797
1335,2303,3.4500349
1335,2064,3.4282951
1335,1913,3.413416
1335,1641,3.3514404
1335,3747,3.3294234
1335,2919,3.294345
1335,2150,3.185104
1335,1748,3.1655183
1335,1885,3.1387815
1335,2131,3.1138506
1335,2239,3.0626087
1335,3769,2.6706274
1335,592,2.6550736
1335,3794,2.6548638
1335,1982,2.5983164
1335,3102,2.4346974
1335,2145,2.3347178
1335,3844,2.174424
1335,3409,1.7581785
1335,1088,1.6361036
1335,2535,1.4098843
1335,2296,1.3148232
1335,2536,1.1360518
6016,922,4.1895404
6016,1198,4.134149
6016,527,4.09508
6016,2762,4.066617
6016,1262,4.0405445
6016,1256,3.953223
6016,1196,3.9036949
6016,232,3.9013445
6016,296,3.8978486
6016,1211,3.8917372
6016,965,3.8774614
6016,1288,3.8709774
6016,1253,3.8648887
6016,2936,3.8575199
6016,3088,3.8295174
6016,800,3.80183
6016,1244,3.747518
6016,3006,3.7463193
6016,3363,3.74378
6016,3152,3.742381
6016,1036,3.7385411
6016,3362,3.722946
6016,3742,3.701028
6016,2333,3.6900907
6016,1394,3.6791017
6016,1185,3.6620953
6016,2871,3.6608021
6016,921,3.6576738
6016,2303,3.6277049
6016,534,3.6186266
6016,920,3.5973268
6016,3097,3.5851433
6016,2070,3.5782886
6016,1210,3.5705404
6016,3668,3.544523
6016,3160,3.5143976
6016,3068,3.4844313
6016,1057,3.4710822
6016,3494,3.4696093
6016,2425,3.4534476
6016,3039,3.4167857
6016,3011,3.4166918
6016,2946,3.401351
6016,1025,3.3209958
6016,25,3.3161018
6016,349,3.3141642
6016,3132,3.3081005
6016,1042,3.3062296
6016,3738,3.3022149
6016,2285,3.2781773
6016,161,3.239389
6016,3639,3.2159545
6016,3211,3.181944
6016,3536,3.1731982
6016,2062,3.1391983
6016,2407,3.1363537
6016,2678,3.1243002
6016,1566,3.0157452
6016,2134,3.0139976
6016,1047,2.9943295
6016,1339,2.9517274
6016,2704,2.8741004
6016,2976,2.823893
6016,1835,2.6301522
6016,1371,2.6300678
6016,466,2.5855503
6016,1088,2.5669038
6016,3,2.5598445
6016,1588,2.5160959
6016,1367,2.500154
6016,1544,2.4227157
6016,46,2.2734509
6016,2986,2.168492
6016,639,2.0919392
6016,1474,2.0104628
6016,1461,1.9669247
1407,50,4.7610226
1407,1223,4.5719347
1407,457,4.4369016
1407,58,4.3548737
1407,2761,4.336254
1407,1097,4.288723
1407,36,4.285695
1407,3911,4.271468
1407,1028,4.205005
1407,2355,4.1508055
1407,1073,4.1391363
1407,538,4.136548
1407,16,4.1237965
1407,11,4.105941
1407,3713,4.0533895
1407,2391,4.006624
1407,3100,3.9919443
1407,1120,3.90281
1407,1187,3.8741252
1407,3893,3.7322006
1407,3185,3.7184138
1407,1721,3.6653855
1407,3301,3.5715225
2227,1203,4.3455076
2227,1036,4.153864
2227,1732,3.7700222
2227,377,3.7076821
5678,2028,4.4283834
5678,260,4.408421
5678,750,4.3893194
5678,1250,4.3493934
5678,1387,4.187078
5678,969,4.165988
5678,2859,4.1500053
5678,2788,4.043186
5678,2080,3.9769561
5678,2001,3.746471
5678,2085,3.7164965
5678,999,3.6776376
5678,2065,3.6401439
5678,1405,3.4090104
5083,858,4.7373962
5083,1203,4.6230116
5083,1213,4.462687
5083,2396,4.308241
5083,1022,4.206001
5083,440,4.191998
5083,1678,4.1604548
5083,2302,4.1464677
5083,223,4.100164
5083,1580,4.0994177
5083,2353,4.0811424
5083,2000,4.0679827
5083,539,3.9468324
5083,1092,3.946281
5083,1396,3.8920212
5083,1648,3.700458
5083,587,3.6045983
5083,292,3.4495668
5083,1717,3.3675807
5083,2402,3.356252
5083,490,3.244079
5083,1616,3.2228928
5083,1391,3.054572
5083,3249,3.0537457
5083,2188,2.7762349
729,1196,4.4444118
729,608,4.339763
729,1222,4.2344494
729,1259,4.1976824
729,1954,4.121496
729,1396,3.8781476
729,1584,3.8547177
729,2116,3.6836057
729,3527,3.638851
729,1127,3.6153898
729,2916,3.5145004
729,1129,3.4313188
729,780,3.2741222
729,2617,3.1318655
729,2094,2.8927295
729,3274,2.6718688
729,1882,1.6906694
729,1831,1.5619864
1426,318,4.4783735
1426,953,4.388021
1426,296,4.2910414
1426,1225,4.252183
1426,541,4.2351184
1426,1304,4.1771398
1426,3578,4.122801
1426,2947,4.045294
1426,3360,4.0370984
1426,36,4.024446
1426,150,3.997812
1426,3363,3.9965143
1426,778,3.9914076
1426,1968,3.9182553
1426,3384,3.7515185
1426,531,3.7386985
1426,1680,3.6995044
1426,1022,3.6906843
1426,2302,3.677668
1426,1186,3.661265
1426,2993,3.656534
1426,21,3.640459
1426,635,3.6393
1426,2436,3.5966725
1426,3256,3.5641415
1426,2278,3.5377514
1426,1701,3.381699
1426,2344,3.365492
1426,1608,3.3263383
1426,2005,3.28181
1426,1722,3.2548823
1426,3272,3.1621654
1426,2077,3.099597
1426,231,3.037975
1426,1405,2.910521
1426,2094,2.8542361
1426,1367,2.6981082
1426,2054,2.6229303
1426,3785,2.4757102
1426,48,2.3559623
1426,786,2.2961268
1426,1431,1.9466288
1426,3439,1.5355033
3934,1291,3.6681993
3934,1265,3.5975337
3934,480,3.5007308
3934,1214,3.4203644
3934,1077,3.4108126
3934,3499,3.381632
3934,2936,3.3334665
3934,161,3.2933266
3934,3101,3.2817993
3934,3082,3.174596
3934,3551,3.1527104
3934,380,3.1516025
3934,1527,3.137092
3934,350,3.1356761
3934,2700,3.100156
3934,2150,3.055511
3934,3671,3.0546482
3934,1089,3.04845
3934,1339,3.0368633
3934,906,3.0058284
3934,3479,2.9901915
3934,2683,2.9876385
3934,2294,2.9770205
3934,1676,2.9568357
3934,3809,2.9285965
3934,2455,2.9262652
3934,3623,2.8778841
3934,1479,2.8499386
3934,1732,2.8188612
3934,2040,2.7954543
3934,1967,2.7892497
3934,2496,2.7559328
3934,2622,2.7443988
3934,1994,2.674187
3934,3418,2.6715567
3934,1812,2.6678033
3934,196,2.6506224
3934,3740,2.6411529
3934,1894,2.6336746
3934,2060,2.6242335
3934,2261,2.6223776
3934,372,2.5878935
3934,2883,2.586951
3934,2082,2.567872
3934,2111,2.4275749
3934,3584,2.403877
3934,1911,2.3963969
3934,3837,2.3554785
3934,1593,2.341052
3934,3395,2.3298492
3934,3835,2.3282087
3934,3535,2.320001
3934,2416,2.2913628
3934,2027,2.2771683
3934,1405,2.2732263
3934,2995,2.2491524
3934,1457,2.2213347
3934,170,2.2119317
3934,2642,2.1293812
3934,2468,2.0819538
3934,92,2.0733092
3934,984,2.0573647
3934,1888,2.020139
3934,54,2.0131238
3934,486,2.011037
3934,1330,1.9958712
3934,2840,1.9800085
3934,1551,1.9437263
3934,258,1.9197592
3934,1391,1.9142792
3934,3048,1.9091728
3934,472,1.9037149
3934,2034,1.8717396
3934,711,1.7924292
3934,414,1.7049077
3934,742,1.6928021
3934,3238,1.6432006
3934,3440,1.5763656
3934,2450,1.5634522
3934,3692,1.4045683
3934,2643,1.342848
2178,1196,4.848792
2178,150,4.675787
2178,356,4.6144996
2178,475,4.565866
2178,590,4.510605
2178,3105,4.4310102
2178,2852,4.2999597
2178,3060,4.2791038
2178,1466,4.261632
2178,1732,4.212671
2178,235,4.202049
2178,233,4.173359
2178,342,4.08909
2178,3893,4.0341997
2178,3684,3.9839413
2178,2245,3.913587
2178,2453,3.8649254
2178,3308,3.851529
2178,3614,3.507928
754,1198,4.460047
754,2959,4.16026
754,3105,4.0582256
754,3916,4.044618
754,515,3.9336014
754,2996,3.7615976
754,2881,3.6791763
754,3534,3.6363955
754,2840,3.5254061
754,2598,3.4182267
754,1911,3.4173884
754,2961,3.4135098
754,2827,3.332458
754,3821,3.2083046
2691,858,5.1193156
2691,1208,4.974389
2691,912,4.887884
2691,1256,4.883691
2691,1233,4.871293
2691,1132,4.843963
2691,1253,4.8149867
2691,1200,4.76518
2691,1242,4.7002363
2691,913,4.6975617
2691,1201,4.6944036
2691,2997,4.667661
2691,3083,4.6184664
2691,3424,4.5618534
2691,1243,4.5564175
2691,1270,4.5293655
2691,3471,4.523158
2691,1354,4.5153112
2691,2700,4.3722076
2691,1376,4.35581
2691,223,4.2933364
2691,1372,4.149088
2691,2572,3.912716
2691,1320,3.5904655
2691,2364,3.4592729
433,1294,4.2348766
433,3751,4.0442667
433,356,4.0173354
433,3543,4.0020566
433,3072,3.8201072
433,471,3.8151217
433,3210,3.76052
433,2671,3.1141796
433,1569,2.7180648
433,2424,2.6849856
1328,1233,4.281888
1328,2662,3.9582818
1328,1101,3.7990897
1328,1982,3.7719069
1328,3635,3.621189
1328,1129,3.5954094
1328,1372,3.409276
1328,1918,3.3323207
1328,2402,3.3317657
1328,1876,3.2700763
1328,292,3.1303813
1328,2723,3.079255
1328,95,2.8564155
1328,1391,2.8025866
1981,593,3.8734584
1981,366,1.9522667
4422,1225,4.2889113
4422,1208,4.2452545
4422,1036,4.173853
4422,2788,4.1312113
4422,1214,4.039907
4422,1246,4.0207653
4422,2313,3.9936469
4422,2959,3.988389
4422,2312,3.9577327
4422,3101,3.95112
4422,1282,3.9315
4422,3361,3.9105985
4422,3408,3.895232
4422,2018,3.883228
4422,3844,3.8788745
4422,1215,3.8729932
4422,1527,3.8553288
4422,3175,3.8298128
4422,1393,3.8054535
4422,1032,3.7920065
4422,1345,3.7522006
4422,39,3.7351544
4422,1019,3.7096725
4422,837,3.703136
4422,3745,3.7010696
4422,3776,3.6605432
4422,2291,3.6153326
4422,168,3.54165
4422,2195,3.535567
4422,603,3.4960003
4422,1334,3.4935482
4422,5,3.4624019
4422,1405,3.432678
4422,3173,3.3766532
4422,784,3.370265
4422,836,3.340073
4422,3764,3.3397374
4422,2032,3.3013892
4422,3843,3.2931073
4422,3715,3.2879837
4422,3258,3.2369072
4422,3600,3.2351103
4422,234,3.2189698
4422,2036,3.0214813
4422,435,2.8597534
4422,1976,2.817648
4422,1453,2.7954862
4422,12,2.714376
4422,1328,2.7031028
4422,3166,2.589546
4422,1497,2.549351
5667,720,4.4630427
5667,1221,4.451682
5667,1233,4.4028425
5667,1172,4.315368
5667,923,4.3074856
5667,608,4.300147
5667,903,4.282217
5667,1304,4.263836
5667,1276,4.2465043
5667,1214,4.1489425
5667,994,4.1446385
5667,1089,4.129465
5667,1950,4.1265373
5667,3504,4.104494
5667,1674,4.075677
5667,3362,3.9907367
5667,2268,3.9730353
5667,2130,3.8739238
5667,3074,3.854997
5667,897,3.8080359
5667,1964,3.7998595
5667,2857,3.792356
5667,2076,3.7602324
5667,3384,3.7568378
5667,539,3.7443666
5667,1183,3.6952128
5667,708,3.5697868
5667,648,3.5487056
5667,21,3.479516
5667,2100,3.4633803
2267,1284,4.0796137
2267,1288,3.9504247
2267,1242,3.9395638
2267,1249,3.8161316
2267,1231,3.7879908
2267,3526,3.4765604
2267,1295,3.4640489
2267,1171,3.4588826
2267,1097,3.3432903
4796,858,4.432191
4796,2324,4.270649
4796,296,4.24019
4796,1704,4.169919
4796,1617,4.113641
4796,2761,4.1078453
4796,2797,4.0981183
4796,933,4.066519
4796,1097,4.006932
4796,3341,3.9918623
4796,800,3.9821966
4796,1281,3.9808898
4796,1036,3.9512243
4796,1035,3.9008446
4796,1673,3.8898532
4796,1271,3.7869873
4796,1914,3.784191
4796,1094,3.766427
4796,321,3.7585711
4796,2968,3.7204378
4796,892,3.6962805
4796,39,3.6531067
4796,235,3.650295
4796,2987,3.6479058
4796,1967,3.6345055
4796,164,3.6334238
4796,2085,3.589804
4796,2100,3.52728
4796,357,3.4824274
4796,2763,3.4812276
4796,2746,3.4412665
4796,45,3.4163764
4796,2622,3.2527442
4796,1372,3.2290978
4796,2393,3.2189858
4796,24,2.7992826
4796,2253,2.483635
4796,1831,2.1183617
1,720,4.6875176
1,2028,4.554051
1,914,4.429262
1,1246,4.291464
1,1721,4.1125402
1,48,2.9085565
2067,922,4.2152753
2067,1198,4.1764226
2067,1203,4.1044645
2067,1248,3.9640505
2067,1131,3.9199848
2067,3365,3.9037445
2067,1231,3.8365257
2067,3341,3.822041
2067,2791,3.8083944
2067,1960,3.7908745
2067,1079,3.7894795
2067,1961,3.7842097
2067,900,3.760569
2067,3929,3.7511435
2067,3222,3.6931548
2067,1282,3.6867785
2067,1962,3.6659827
2067,3606,3.5990286
2067,2795,3.5750985
2067,3871,3.5471926
2067,1019,3.5363085
2067,2968,3.534739
2067,3685,3.446676
2067,2100,3.40569
2067,2398,3.267566
2067,3525,3.1607218
2067,1127,3.1212525
2793,2019,4.797797
2793,908,4.715794
2793,1234,4.5315876
2793,1278,4.5312033
2793,1288,4.53024
2793,1233,4.5183377
2793,1272,4.5087485
2793,947,4.4714108
2793,1243,4.466348
2793,1096,4.4655604
2793,2183,4.4472475
2793,2745,4.422226
2793,36,4.406182
2793,3360,4.3939857
2793,2677,4.3717127
2793,1089,4.3553715
2793,994,4.3531404
2793,2951,4.339478
2793,2542,4.3294883
2793,3451,4.312214
2793,3552,4.3102145
2793,2020,4.30856
2793,902,4.3049726
2793,1265,4.2917786
2793,3296,4.2605925
2793,39,4.2522593
2793,497,4.250904
2793,1321,4.2468257
2793,2140,4.2345576
2793,2312,4.233741
2793,3244,4.191242
2793,3230,4.1846466
2793,3100,4.1831884
2793,3703,4.1454678
2793,2750,4.137978
2793,941,4.1298947
2793,1061,4.1298447
2793,368,4.1203814
2793,112,4.1044683
2793,1013,4.0946245
2793,2490,4.0936737
2793,431,4.08239
2793,3253,4.0671124
2793,3608,4.0648303
2793,3550,4.050476
2793,21,4.041936
2793,367,4.0403547
2793,3512,4.0328994
2793,2475,4.0300694
2793,1645,3.9878812
2793,45,3.967157
2793,266,3.9486284
2793,2641,3.9386163
2793,52,3.9210765
2793,3566,3.9093773
2793,1173,3.9022038
2793,2161,3.9020834
2793,2427,3.8786724
2793,3441,3.8539636
2793,2143,3.819054
2793,3099,3.816295
2793,2741,3.7973177
2793,1130,3.7886758
2793,292,3.7859688
2793,1573,3.7739348
2793,3846,3.7625635
2793,520,3.744268
2793,382,3.718782
2793,2124,3.69762
2793,1616,3.6917968
2793,2369,3.6643887
2793,1603,3.6639729
2793,288,3.6613975
2793,2429,3.652097
2793,208,3.6465557
2793,504,3.6388278
2793,3452,3.6275806
2793,3688,3.5878916
2793,697,3.5742528
2793,135,3.56252
2793,2421,3.3615813
2793,849,3.3585298
2793,3301,3.277755
2793,2530,3.246408
2793,1091,3.2026396
2496,858,4.0035696
2496,1233,3.9996974
2496,527,3.9933262
2496,1267,3.95894
2496,1266,3.7804341
2496,1247,3.734261
2496,2788,3.7198753
2496,1244,3.6705344
2496,3152,3.6543784
2496,3037,3.601746
2496,1333,3.570219
2496,428,3.551205
2496,1344,3.5411894
2496,1348,3.5359123
2496,2921,3.508436
2496,1103,3.4943235
2496,1921,3.477847
2496,1374,3.4776561
2496,2660,3.447653
2496,1227,3.3825195
2496,3545,3.353578
2496,2243,3.3511865
2496,1124,3.2739112
2496,3936,3.2373872
2496,2987,3.1972792
2496,1610,3.1492476
2496,3527,3.0390584
2496,2991,3.0390408
2496,1017,3.0200245
2496,2006,2.7543793
2496,802,2.7469318
2496,3107,2.728072
2496,367,2.7170417
2496,552,2.698664
2496,2012,2.4241138
2496,3780,2.2658644
2496,2378,2.2646008
2496,2120,1.9257393
2496,2668,1.8279178
2496,2411,1.5871187
2496,1389,1.4453123
2496,3694,1.364867
2496,2412,1.3083268
2496,2382,1.2420118
2149,1721,4.1301413
2149,1171,4.093828
2149,551,3.9289598
2149,3535,3.4202418
2149,3918,2.917276
2149,1969,2.4299
2777,3578,4.2181864
2777,2329,4.163024
2777,1188,4.111248
2777,2248,4.093073
2777,1704,4.0761175
2777,1784,4.0346284
2777,497,4.0049295
2777,296,3.9800081
2777,3499,3.9445374
2777,1101,3.941046
2777,205,3.9237857
2777,1584,3.9084067
2777,1527,3.8878946
2777,3386,3.880119
2777,1268,3.8675184
2777,25,3.8478975
2777,3298,3.8367891
2777,1213,3.8339043
2777,454,3.8108954
2777,2413,3.787488
2777,2763,3.7814794
2777,2310,3.7653155
2777,802,3.7393868
2777,507,3.7339804
2777,3033,3.7012434
2777,3274,3.6974835
2777,3418,3.6951444
2777,1805,3.6927993
2777,2915,3.6873665
2777,1645,3.6856368
2777,32,3.683006
2777,3186,3.6810355
2777,1958,3.6724765
2777,2496,3.6654243
2777,2108,3.66268
2777,253,3.6427765
2777,376,3.6289647
2777,1589,3.6238067
2777,2561,3.6230783
2777,2249,3.609568
2777,31,3.5996332
2777,225,3.5883083
2777,289,3.5867314
2777,2478,3.5692108
2777,248,3.5686615
2777,2546,3.5605006
2777,3528,3.55938
2777,1801,3.554366
2777,1676,3.5329561
2777,1841,3.528533
2777,2485,3.5273623
2777,2369,3.4991148
2777,2888,3.4950962
2777,2391,3.489193
2777,1687,3.4820137
2777,3614,3.468302
2777,2416,3.4582257
2777,61,3.4517002
2777,204,3.4502254
2777,2400,3.4364865
2777,1457,3.4109154
2777,518,3.368399
2777,2468,3.3186398
2777,195,3.3162196
2777,1752,3.2898927
2777,788,3.2827868
2777,420,3.254737
2777,1974,3.2473161
2777,1746,3.2465105
2777,1526,3.2365265
2777,435,3.21177
2777,2978,3.210335
2777,2950,3.2041888
2777,564,3.1641705
2777,3616,3.1144288
2777,3180,3.0641408
2777,1863,3.0598278
2777,3392,2.9598312
2777,473,2.9409125
2777,870,2.8510756
2777,212,2.7498186
2777,470,2.5502481
3615,1252,4.2404366
3615,3000,4.0923977
3615,969,4.072287
3615,1278,4.058757
3615,919,4.0388412
3615,162,3.9506419
3615,2300,3.940393
3615,2010,3.8455133
3615,2872,3.4448006
3615,1029,3.4206865
3615,1215,3.3962283
3615,610,2.804869
3615,367,2.6649466
3615,2005,2.5174358
3615,2017,2.1476614
2843,2028,3.8721642
2843,1224,3.6654801
2843,1673,2.7946026
2843,144,2.7181895
2843,3285,2.109176
2843,1327,2.0979948
3821,50,4.0625725
3821,260,4.033262
3821,745,3.9344275
3821,912,3.9327676
3821,1204,3.7958603
3821,954,3.7908278
3821,1276,3.7501092
3821,3030,3.7178829
3821,1218,3.7022982
3821,910,3.6934915
3821,593,3.6689136
3821,1247,3.6506853
3821,1358,3.609924
3821,1222,3.587775
3821,2732,3.566457
3821,2677,3.5635648
3821,2336,3.542593
3821,1079,3.5325904
3821,1997,3.5051866
3821,293,3.4958732
3821,3789,3.4916568
3821,1273,3.4683952
3821,2494,3.4405878
3821,2682,3.417186
3821,1209,3.4053292
3821,2624,3.3806145
3821,2908,3.3609936
3821,2303,3.347585
3821,1292,3.328076
3821,1961,3.2828803
3821,3361,3.2638648
3821,101,3.2626865
3821,80,3.2529695
3821,3925,3.250877
3821,589,3.2344327
3821,337,3.2344236
3821,3133,3.1713738
3821,3182,3.1511273
3821,475,3.1108985
3821,471,3.0414236
3821,1279,3.0408792
3821,1120,3.0112894
3821,1865,2.9670846
3821,390,2.9159298
3821,3415,2.8998299
3821,3703,2.885657
3821,3910,2.8785882
3821,2425,2.8709285
3821,493,2.8587692
3821,1611,2.8417091
3821,2600,2.73433
3821,2131,2.6837225
3821,2155,2.6514275
3821,3786,2.6190586
3821,3108,2.6042805
3821,3253,2.5840456
3821,3055,2.5294206
3821,1485,2.4900918
3821,708,2.3156006
3821,1569,2.2927961
3821,2424,2.122089
3821,2561,2.116007
3821,2628,2.1153502
3821,3869,2.0505586
3821,780,2.0401118
3821,2829,1.9642711
3821,2369,1.9598353
3821,1791,1.9544264
3821,537,1.8728672
3821,835,1.7792922
3821,2864,1.7754146
3821,662,1.6470685
3821,3900,1.5959306
3821,3273,1.4543651
3821,1976,1.161325
3967,955,3.6030202
3967,2959,3.458226
3967,2355,3.4130344
3967,3578,3.3684978
3967,915,3.3311439
3967,1188,3.3147037
3967,1028,3.2041955
3967,1393,3.181542
3967,1183,3.1686997
3967,1357,3.1448872
3967,3253,3.0782557
3967,1641,3.0734832
3967,3159,3.0161986
3967,3396,3.0099626
3967,2018,2.959416
3967,1029,2.913672
3967,3386,2.911842
3967,2080,2.9066443
3967,1673,2.847517
3967,1059,2.8454432
3967,1729,2.7910233
3967,3809,2.7648797
3967,2100,2.7493515
3967,3793,2.7383306
3967,1033,2.721398
3967,539,2.7184079
3967,1485,2.7124493
3967,2174,2.709831
3967,3515,2.6493423
3967,1032,2.646095
3967,2261,2.4558585
3967,3869,2.4433994
3967,2645,2.4370098
3967,2369,2.4236712
3967,852,2.3926122
3967,3528,2.3132625
3967,1409,2.1817355
3967,2506,2.1094804
3967,2072,1.8793194
3967,92,1.8140955
3967,2445,1.678334
3967,2421,1.5772729
2693,1945,4.2097
2693,913,4.1370287
2693,954,4.126894
2693,1304,4.096692
2693,1704,3.9752054
2693,1219,3.952866
2693,590,3.8728023
2693,2612,3.8548412
2693,3152,3.8132882
2693,3334,3.7929993
2693,594,3.7167788
2693,1946,3.698863
2693,3871,3.6558986
2693,3256,3.5968823
2693,3200,3.3992133
3285,318,4.7860074
3285,923,4.649293
3285,1945,4.6146035
3285,1234,4.614275
3285,910,4.6071844
3285,541,4.5829825
3285,608,4.56196
3285,1950,4.45347
3285,1704,4.3432074
3285,778,4.3200035
3285,3198,4.2997227
3285,1956,4.26388
3285,3160,4.209124
3285,590,4.208778
3285,3552,4.187381
3285,3551,4.18043
3285,3328,4.115453
3285,2395,4.1083484
3285,2745,4.032605
3285,1270,3.990687
3285,2439,3.9497843
3285,2542,3.9482737
3285,1343,3.9382546
3285,2952,3.9347196
3285,281,3.91466
3285,628,3.8745465
3285,2321,3.8726888
3285,1127,3.7593067
3285,380,3.7444131
3285,2273,3.703929
3285,165,3.6892662
3285,1824,3.680151
3285,1396,3.6463764
3285,2985,3.6003447
3285,1614,3.5074587
3285,253,3.4799027
3285,1810,3.4398656
3285,1597,3.3121262
3285,14,3.2748215
3285,2710,3.2396631
3285,42,3.1888251
3285,500,3.108329
3285,805,3.0812385
3285,1476,3.0745258
3285,2707,3.0071466
3285,1569,2.969363
3285,1627,2.9328806
3285,3115,2.911747
3285,188,2.8856044
3285,2641,2.7289047
3285,442,2.5369108
3285,3441,2.5262265
3285,330,2.4471068
3285,2735,2.4443629
3285,2004,2.4440713
3285,3177,2.2955203
3285,1911,2.2664232
3285,1488,2.2108934
3285,2713,2.0832267
3285,435,2.0416975
3285,2701,1.275137
307,1945,4.9304295
307,1233,4.9275618
307,954,4.858034
307,3468,4.836771
307,2028,4.742961
307,3462,4.7285156
307,1217,4.727839
307,3789,4.7241397
307,1189,4.669052
307,1226,4.649743
307,1294,4.6358833
307,914,4.5467825
307,1947,4.5389194
307,541,4.50863
307,1282,4.499649
307,1069,4.497591
307,594,4.2900877
1723,1198,4.4943666
1723,1206,4.315061
1723,3578,4.239546
1723,1210,4.233143
1723,1721,4.034027
1723,1127,3.9150577
1723,2987,3.847808
1723,1019,3.7954319
1723,1129,3.7860684
1723,329,3.7446074
1723,1762,3.4897556
1723,3660,3.4785495
1723,2524,3.4676719
1723,1590,3.4349515
1723,2827,3.3116293
1723,788,3.3110769
1723,2701,3.113073
4229,1223,4.29758
4229,2359,3.8865812
4229,2699,3.2430296
4229,1391,3.200501
5887,1307,3.9265254
5887,2396,3.8762152
5887,1947,3.847323
5887,920,3.8277988
5887,902,3.7881472
5887,357,3.598609
5887,1014,3.056568
3265,1197,3.8865235
3265,1136,3.773363
3265,1222,3.6936746
3265,356,3.64036
3265,2997,3.6291466
3265,1240,3.6284423
3265,1265,3.6119413
3265,1834,3.5756001
3265,111,3.565199
3265,36,3.5136287
3265,2396,3.4634154
3265,1257,3.416525
3265,1639,3.402507
3265,1079,3.3999112
3265,866,3.3080316
3265,1215,3.293745
3265,1307,3.2796938
3265,1321,3.2568693
3265,1097,3.2466965
3265,2640,3.0166612
3265,2529,3.0076196
3265,3107,2.989737
3265,482,2.988881
3265,514,2.9696827
3265,3499,2.955111
3265,2427,2.9236338
3265,1527,2.9225864
3265,3476,2.9184942
3265,1129,2.9074864
3265,266,2.8913703
3265,2989,2.8453813
3265,3176,2.8405638
3265,481,2.7510648
3265,2001,2.7458653
3265,1658,2.5966105
3265,3272,2.5950942
3265,1370,2.5755959
3265,2376,2.5755932
3265,1334,2.5529728
3265,3699,2.528744
3265,316,2.5077546
3265,225,2.4772964
3265,1974,2.4072104
3265,2377,2.3660989
3265,1805,2.3207138
3265,2898,2.1860807
3265,1373,2.117105
3265,2004,2.0966876
3265,196,2.0419319
3265,1644,1.8133936
3265,673,1.7998425
3265,172,1.7834768
3265,1971,1.7415464
3265,737,1.5583122
3265,1981,1.4921116
3265,2107,1.488253
3265,2450,1.3755794
3993,590,3.4845095
3993,858,3.4480627
3993,1036,3.4283516
3993,2000,3.319241
3993,2366,3.294012
3993,3087,3.2203922
3993,3499,3.20481
3993,3527,3.197802
3993,3397,3.195605
3993,1722,3.1916683
3993,3033,3.1832764
3993,165,3.1831932
3993,2428,3.1689157
3993,724,3.1627781
3993,3005,3.1477194
3993,1777,3.106858
3993,2540,3.103552
3993,3186,3.0839937
3993,1676,3.0759516
3993,3098,3.0684237
3993,2122,3.0502539
3993,2082,3.0438771
3993,2150,3.0363238
3993,1883,3.035555
3993,1219,3.0233943
3993,3697,3.0221868
3993,1665,3.0087247
3993,1456,3.0075371
3993,1992,2.981091
3993,3263,2.9552798
3993,2054,2.9350598
3993,2718,2.9249394
3993,1257,2.8910537
3993,2713,2.8850589
3993,1968,2.8471172
3993,2081,2.8297608
3993,2384,2.7567115
4342,1288,4.7582617
4342,1291,4.6332674
4342,1674,4.618125
4342,1957,4.601614
4342,1923,4.5531797
4342,1994,4.456881
4342,2455,4.227747
4342,1371,4.1198874
4342,1130,4.0396347
4342,1330,4.001194
4342,2372,3.9545443
4342,1974,3.8956757
4342,3577,3.8485832
4342,2413,3.7506058
4342,442,3.7384076
4342,2242,3.6749675
4342,1986,3.569424
4342,3024,3.481503
5654,593,4.272649
5654,2329,4.2064137
5654,1243,4.154067
5654,110,4.14519
5654,1235,4.1421604
5654,529,4.098919
5654,1307,4.0834255
5654,2692,4.079499
5654,2580,3.997229
5654,1546,3.9785748
5654,1079,3.9298582
5654,2502,3.8802886
5654,2310,3.8075662
5654,3203,3.779582
5654,180,3.7312162
5654,1699,3.709917
5654,1356,3.6772776
5654,1517,3.6681159
5654,1904,3.6161864
5654,2022,3.5905912
5654,1777,3.4459667
5654,2155,3.3594496
5654,2600,3.2496278
5654,3784,3.1076648
5654,1513,3.1039798
5654,3863,3.0841122
5654,2107,2.7672894
5654,24,2.3729033
5302,919,4.1875076
5302,1197,4.1855135
5302,150,4.004589
5302,3549,3.8477352
5302,2502,3.8346415
5302,1584,3.6745915
5302,1517,3.6384568
5302,2081,3.5953104
5302,2141,3.515683
5302,216,3.4941454
5302,2996,3.4851856
5302,1614,3.4684305
5302,2846,3.4005742
5302,3565,3.3409743
5302,1566,3.3164573
5302,1919,3.293898
5302,2082,3.2791188
5302,3453,3.2225053
5302,2279,3.1584773
5302,656,3.1002584
5302,3752,3.017542
5302,158,3.0006874
5302,355,2.9450939
2251,1148,4.6567116
2251,951,4.445387
2251,1284,4.443902
2251,906,4.412483
2251,3359,4.3060803
2251,1273,4.269229
2251,1307,4.2393093
2251,2797,4.2346516
2251,1084,4.214965
2251,1103,4.1118565
2251,902,4.1023536
2251,457,4.090168
2251,2791,4.0632544
2251,1955,4.060167
2251,3260,4.009137
2251,3068,3.9721417
2251,1124,3.9264069
2251,866,3.9165645
2251,3102,3.911846
2251,1653,3.9095504
2251,1057,3.874435
2251,3676,3.7850316
2251,2239,3.7580817
2251,3420,3.7527037
2251,2474,3.7472947
2251,1909,3.7437637
2251,2407,3.677672
2251,2841,3.6451924
2251,2734,3.600919
2251,1173,3.5735788
2251,1485,3.5629463
2251,832,3.5079226
2251,3087,3.3547907
2251,1573,3.2735012
2251,3263,3.2046397
2251,292,2.926894
2251,2840,2.804603
2251,3219,2.6481328
2251,2121,2.5966551
2251,512,2.4979181
2251,2531,2.4229608
2251,762,2.4051497
2251,3804,2.3655035
2251,19,2.3426125
2251,3391,2.0128489
2251,1882,1.9120324
2251,2450,1.7821771
2251,193,1.7671492
5517,1207,4.6714344
5517,1193,4.5999155
5517,1204,4.5821676
5517,1267,4.5587587
5517,2858,4.5223837
5517,3030,4.519521
5517,1247,4.483218
5517,1945,4.479789
5517,930,4.4301167
5517,2726,4.4228826
5517,2208,4.4020414
5517,953,4.3798804
5517,971,4.3604765
5517,1944,4.3451777
5517,3088,4.3411746
5517,1258,4.333293
5517,1244,4.2982635
5517,3341,4.289097
5517,2997,4.2767553
5517,1931,4.2733135
5517,1941,4.2611685
5517,2020,4.249021
5517,1294,4.2439475
5517,2068,4.1442056
5517,1929,4.105521
5517,3097,4.0267305
5517,982,3.9211988
5517,1029,3.9146237
5517,974,3.8059359
5517,3086,3.6469254
5517,596,3.6231353
5517,3618,3.1235693
5517,2647,2.9510198
5517,2651,2.6457953
3864,3469,4.8491063
3864,1234,4.8366013
3864,296,4.7798395
3864,1617,4.736474
3864,608,4.728473
3864,1263,4.693299
3864,2300,4.652404
3864,1956,4.629845
3864,1096,4.6180325
3864,1086,4.5806165
3864,1240,4.5448093
3864,3451,4.54228
3864,356,4.527773
3864,2202,4.5095663
3864,3808,4.509493
3864,3742,4.4804454
3864,1357,4.435671
3864,41,4.3950644
3864,3068,4.3361793
3864,1810,4.071643
3864,3333,3.874148
3864,2652,3.772491
4742,1221,4.307831
4742,1269,4.1941204
4742,2028,4.186262
4742,1281,3.9609227
4742,2176,3.7657177
4742,2716,3.757396
4742,1396,3.653988
4742,349,3.608827
4742,1573,3.5495
4742,1127,3.5269523
4742,3005,3.430277
4742,2097,3.4127522
4742,532,3.1660614
4742,2598,3.0507586
4742,2581,2.9816043
4742,1991,2.790471
4742,2163,2.7170768
4742,1973,1.9333736
4742,1972,1.6702135
5376,858,4.4948463
5376,1234,4.3230276
5376,3091,4.2221675
5376,1228,4.1775713
5376,1280,4.164942
5376,1272,4.155879
5376,111,4.0854197
5376,1270,4.055906
5376,232,4.0071707
5376,3101,3.8887582
5376,3067,3.8603535
5376,2076,3.708858
5376,2161,3.6561735
5376,2140,3.6538706
5376,2371,3.6253722
5376,3267,3.591506
5376,2291,3.567472
5376,481,3.5570855
5376,2021,3.4417799
5376,3033,3.4308102
5376,3706,3.4244647
5376,2116,3.3795652
5376,3704,3.2719822
5376,3846,3.06026
5376,2111,3.0150433
1086,296,4.474415
1086,593,4.4099593
1086,1291,4.3292017
1086,1228,4.297217
1086,2797,4.205462
1086,1307,4.1849604
1086,247,4.1147647
1086,3039,4.111863
1086,1923,4.047591
1086,94,4.01477
1086,3408,3.98273
1086,3910,3.9775174
1086,1682,3.9620657
1086,2700,3.9402304
1086,1171,3.9353757
1086,3178,3.9275107
1086,1343,3.894425
1086,2434,3.8795404
1086,3555,3.8615944
1086,2115,3.855131
1086,500,3.7998261
1086,367,3.7369633
1086,3107,3.6966612
1086,2433,3.6843848
1086,3298,3.6400108
1086,1569,3.6342897
1086,2770,3.600684
1086,377,3.5801682
1086,1586,3.42841
1086,1479,3.3913507
1086,3053,3.3900824
1086,3869,3.3629808
1086,1385,3.263251
1086,2840,3.2334476
1086,2605,3.21605
1086,2694,2.9792821
1086,2364,2.8435717
1086,2719,2.2750366
1086,2907,2.1941075
1086,3820,1.6579529
2459,1961,4.1104245
2459,475,4.0133677
2459,508,4.0094757
2459,3753,3.9554563
2459,1265,3.9226909
2459,3256,3.7977424
2459,524,3.6818652
2459,2628,3.632682
2459,252,3.627812
2459,367,3.5235267
2459,289,3.500846
2459,1597,3.3655474
1533,2070,4.1608715
1533,2669,4.104999
1533,1127,4.009699
1533,3175,4.004409
1533,2394,3.7545629
1533,2605,3.7412703
1533,2805,3.655324
1533,2622,3.5554724
1533,2856,3.5227776
1533,3354,3.3741775
3164,2355,4.047413
3164,2712,3.51179
3164,3316,2.7461872
3164,3754,2.2611265
5507,223,3.8521366
5507,3101,3.682998
5507,2975,3.264804
5507,2710,2.9416451
5507,2041,2.617475
5661,1198,4.3786077
5661,1196,4.167109
5661,1080,3.97172
5661,3548,3.8186064
5661,1103,3.8064668
5661,2355,3.6947403
5661,3039,3.6714017
5661,2080,3.6211014
5661,1029,3.6098745
5661,2112,3.4549065
5661,2583,3.4537032
5661,2085,3.2499273
5661,1711,3.0166152
1012,1225,4.0808325
1012,1244,3.9071605
1012,1097,3.8430855
1012,1185,3.8361063
1012,73,3.6670623
1012,2083,3.5243719
1012,1396,3.2712584
1012,3113,2.666235
1944,3006,4.268906
1944,2716,4.167795
1944,2333,4.136832
1944,1639,4.1290426
1944,3598,3.9274879
1944,543,3.6806693
1944,2770,3.3453813
1601,318,4.796919
1601,3114,4.4363017
1601,589,4.3111696
1601,3753,4.255929
1601,538,4.1696115
1601,1584,4.1477866
1601,1722,4.0950017
1601,493,4.0828094
1601,3624,4.0816317
1601,2167,4.080369
1601,2424,4.0761747
1601,1356,4.0633082
1601,1034,4.030078
1601,780,3.9944663
1601,2490,3.9159598
1601,1183,3.8644514
1601,3863,3.7222173
1601,1616,3.6318526
1601,3535,3.5676446
1601,1377,3.5413532
1601,44,3.4539223
1601,442,3.4412444
1601,153,3.351644
1601,1552,3.1934447
531,1213,4.0021267
531,2804,3.982699
531,3114,3.9187484
531,3481,3.9015515
531,1291,3.869501
531,2997,3.8282743
531,1089,3.821745
531,3317,3.7828584
531,1079,3.7670155
531,94,3.7205381
531,2795,3.7148821
531,594,3.7075145
531,1099,3.700097
531,2268,3.6757872
531,2959,3.6608467
531,16,3.646111
531,1680,3.6313152
531,2018,3.6250422
531,2080,3.6217394
531,2398,3.5909362
531,364,3.586244
531,3178,3.5559175
531,539,3.5400867
531,2700,3.523378
531,3101,3.519465
531,180,3.51545
531,141,3.513496
531,3175,3.4946156
531,524,3.463184
531,2883,3.450941
531,3618,3.4411702
531,2443,3.4162023
531,3020,3.4118717
531,2706,3.4018013
531,991,3.3977888
531,780,3.3528178
531,218,3.333815
531,252,3.31009
531,1339,3.302611
531,3450,3.2973075
531,1792,3.2921596
531,3513,3.2905567
531,806,3.2904139
531,1566,3.2840838
531,783,3.2837672
531,7,3.2619863
531,1027,3.2058103
531,1589,3.1945853
531,3686,3.1779866
531,1816,3.1576748
531,1894,3.1425667
531,1614,3.1238768
531,724,3.1125758
531,2340,3.0664098
531,673,3.0542932
531,31,3.0454967
531,2413,3.0415902
531,3173,3.0215967
531,3557,2.99496
531,2752,2.986493
531,709,2.95219
531,3247,2.9499364
531,532,2.9210541
531,1367,2.901792
531,2431,2.8698418
531,516,2.8520665
531,3316,2.8214383
531,92,2.8212345
531,2354,2.8144512
531,2378,2.7606652
531,168,2.757089
531,1064,2.6769292
531,2088,2.6491566
531,2027,2.5192053
531,305,2.4724605
531,3063,2.4579039
531,2399,2.4419127
531,1779,2.4288278
531,1515,2.4284403
531,1772,2.2941074
531,2906,2.2834625
531,64,2.2399807
531,1381,2.1412926
531,1760,2.0775723
531,2122,2.0729523
531,606,1.9877168
531,193,1.9026465
531,3439,1.8575433
4115,1254,4.4059396
4115,1944,4.301636
4115,924,4.272528
4115,2918,4.265195
4115,2396,4.2373195
4115,1242,4.2232065
4115,2206,4.2161646
4115,3246,4.1073294
4115,539,4.1037664
4115,1954,4.099644
4115,1301,4.099371
4115,3072,4.0777974
4115,553,4.0632577
4115,2728,4.003154
4115,2423,3.987911
4115,2312,3.9755983
4115,1370,3.9663863
4115,2150,3.9434066
4115,3685,3.9129567
4115,1125,3.9073434
4115,3087,3.892211
4115,1408,3.8842478
4115,2193,3.879998
4115,165,3.8784091
4115,1290,3.8703227
4115,3101,3.866788
4115,648,3.861754
4115,2657,3.8480096
4115,2178,3.8453722
4115,3418,3.8290417
4115,3311,3.8165727
4115,2874,3.7862446
4115,802,3.7837706
4115,2803,3.7806969
4115,3066,3.76879
4115,2405,3.7380712
4115,252,3.7362003
4115,2463,3.7208662
4115,2111,3.6908295
4115,2734,3.6741433
4115,3489,3.6695304
4115,2735,3.662414
4115,3704,3.660765
4115,3269,3.6605804
4115,1801,3.6545782
4115,3308,3.6331139
4115,3684,3.624409
4115,2582,3.621737
4115,2605,3.5943575
4115,2116,3.575457
4115,2699,3.5626612
4115,1440,3.5596633
4115,2628,3.5556934
4115,2794,3.534103
4115,442,3.5046632
4115,2094,3.4782336
4115,2616,3.4525561
4115,153,3.4309092
4115,2724,3.4196596
4115,761,3.3964338
4115,1881,3.358264
4115,1831,3.3329194
4115,485,3.2968216
4115,2162,3.246429
4115,2422,2.7952287
4115,2701,2.6233268
4036,2997,4.146842
4036,2302,4.0404434
4036,11,4.0024357
4036,1641,3.9714499
4036,141,3.7922163
4036,3450,3.6777952
4036,1485,3.6087017
4036,2012,3.4831192
4036,3247,3.4648814
4036,1353,3.253353
4036,788,3.13313
4036,438,2.7583544
4036,2953,2.43761
4036,419,2.2171314
3024,1221,4.2381535
3024,1304,4.175698
3024,2028,4.099453
3024,1333,3.8600035
3024,589,3.853827
3024,356,3.8410523
3024,1732,3.8137903
3024,3256,3.7927375
3024,3702,3.746695
3024,2366,3.696592
3024,2273,3.681277
3024,780,3.670405
3024,3763,3.6687768
3024,10,3.6407642
3024,2528,3.6256776
3024,3197,3.6155815
3024,367,3.5892673
3024,1480,3.5702648
3024,3269,3.5492425
3024,2263,3.5299556
3024,3893,3.5260816
3024,3173,3.3384397
3024,173,3.33052
3024,611,3.30332
3024,1377,3.3021305
2280,1358,4.424861
2280,1635,4.086585
2280,3720,4.0115185
2280,3060,3.9645505
2280,1094,3.958601
2280,3723,3.9007087
2280,3512,3.6968174
2280,3827,3.4028947
2280,3254,2.9906654
2577,1090,4.0024686
2577,3148,3.8327155
2577,3555,3.49154
2577,3179,3.1293626
2577,3113,2.4934518
2577,3238,2.0176969
5821,745,4.4281015
5821,541,4.2534876
5821,1214,4.090192
5821,3508,4.0271854
5821,589,3.938438
5821,1210,3.914248
5821,1649,3.7892864
5821,357,3.6815715
5821,3793,3.677577
5821,1428,3.2183123
1996,260,4.7321525
1996,2571,4.6283317
1996,593,4.611736
1996,1234,4.609607
1996,3147,4.4377456
1996,3498,4.3995223
1996,1265,4.290122
1996,1073,4.1724415
1996,2000,4.057045
1996,480,4.029416
1996,3244,3.9949844
1996,952,3.9131916
1996,1370,3.8771322
1996,2410,3.177384
1996,3440,2.180762
1712,904,4.2809796
1712,527,4.190859
1712,969,4.1583295
1712,1299,4.126106
1712,903,4.0990057
1712,47,4.0577116
1712,2859,4.004174
1712,2396,3.9579487
1712,1266,3.8923407
1712,1387,3.8764284
1712,1294,3.8612397
1712,1704,3.855003
1712,1246,3.8210928
1712,3916,3.7812667
1712,2176,3.7427118
1712,1302,3.7343574
1712,553,3.7197895
1712,1357,3.7042599
1712,1845,3.6934657
1712,3911,3.6835587
1712,778,3.6770737
1712,1923,3.668943
1712,2502,3.650795
1712,551,3.6332633
1712,3396,3.6103318
1712,1958,3.599453
1712,2321,3.5919297
1712,2115,3.5700185
1712,1912,3.567313
1712,11,3.561547
1712,2987,3.5442443
1712,893,3.5211859
1712,851,3.4618764
1712,2112,3.3321738
1712,43,3.3156796
1712,2180,3.2899585
1712,2560,3.110693
1712,3615,3.0447645
1712,2598,2.9896002
1712,2605,2.9793057
1712,3,2.807337
1712,3616,2.2678192
1712,2642,2.2049224
1712,3689,1.9409838
1712,3824,1.8347199
1712,1969,1.7970729
3026,1198,4.4097867
3026,2227,3.551938
3026,1951,3.49038
3026,440,3.41927
3026,901,3.2447655
3026,3263,3.241505
3026,2177,3.2330914
3026,1569,3.0875273
3026,1031,3.083395
3026,597,2.9814432
3026,2205,2.908219
3026,1042,2.7687902
3026,3712,2.7324393
3026,1485,2.678573
3026,1895,2.5426865
3026,1064,2.1335695
3026,2215,2.057503
3026,466,1.8476241
3026,267,1.7251304
3026,2735,1.6644939
3026,2296,1.5106194
3026,1021,1.4959278
3026,1126,1.4819198
3026,612,1.4314641
3026,276,1.3978462
3026,2385,1.3166417
3026,2471,1.2292128
3026,1703,1.2176265
3026,1503,1.1567302
3026,1863,1.0986547
3026,1453,1.0440257
5615,904,4.463602
5615,3683,4.189184
5615,994,4.0644717
5615,3090,4.0025506
5615,2248,3.9540362
5615,590,3.9538217
5615,1220,3.8368845
5615,2395,3.821975
5615,3526,3.7852356
5615,3044,3.775797
5615,2081,3.7692406
5615,3361,3.7613099
5615,2109,3.7392788
5615,94,3.6816125
5615,2076,3.674899
5615,2108,3.658239
5615,2302,3.6368036
5615,1958,3.5384622
5615,3524,3.3662455
5615,454,3.3626328
5615,3099,3.3291688
5615,10,3.297599
5615,1608,3.2314837
5615,3102,3.188701
5615,1917,3.1213195
5615,3262,2.9640045
5615,1391,2.7101483
5615,3219,2.705815
5615,2267,2.5987117
5615,2354,2.3167565
5615,3584,2.2325408
5615,2389,2.0642276
1874,1193,4.005989
1874,593,3.890472
1874,296,3.6809793
1874,293,3.6048894
1874,3421,3.5938249
1874,246,3.5518165
1911,50,4.1840143
1911,922,4.103651
1911,110,3.8481538
1911,337,3.1753871
5771,2019,4.4003267
5771,1193,4.070674
5771,919,4.038767
5771,162,3.9566352
5771,541,3.9542768
5771,3424,3.927142
5771,2947,3.9133377
5771,3481,3.9036005
5771,3095,3.875605
5771,1240,3.8575666
5771,2791,3.8322434
5771,2140,3.701241
5771,1333,3.6955538
5771,1517,3.6835918
5771,1682,3.6718378
5771,2993,3.6513138
5771,3015,3.6219387
5771,1321,3.5711932
5771,1019,3.5228877
5771,780,3.504309
5771,2301,3.4419084
5771,2151,3.3758106
5771,1587,3.3564763
5771,861,3.323715
5771,2133,3.0456338
5771,2471,3.0265586
5771,2375,2.7815928
5771,2373,2.7153857
5771,2088,1.9170253
1731,246,3.971345
1731,3949,3.9444718
1731,3859,3.5872934
1731,2971,3.5729032
1731,3747,3.547241
1415,1136,4.05291
1415,923,4.0172234
1415,2692,4.008879
1415,1288,4.004805
1415,2396,3.9172611
1415,1942,3.879899
1415,949,3.8725085
1415,2947,3.8474042
1415,3362,3.8157105
1415,1077,3.8094711
1415,2797,3.7724826
1415,924,3.6866956
1415,3168,3.6838663
1415,3006,3.668364
1415,296,3.6680152
1415,2716,3.6669374
1415,1101,3.6209335
1415,3555,3.3474216
1415,1015,3.2422776
1415,231,3.1544216
1415,848,3.009349
677,3030,4.586749
677,2858,4.4554963
677,1230,4.394312
677,1036,4.3494673
677,1089,4.219775
677,2318,4.209447
677,589,4.1809287
677,3741,4.1682296
677,3543,4.1127048
677,2797,4.1054993
677,1466,4.074317
677,345,4.0473785
677,3408,4.0049314
677,2138,4.0001626
677,164,3.9122632
677,1393,3.8508098
677,2883,3.816221
677,2744,3.6840491
677,2384,3.3474283
677,3145,3.3362086
677,1317,2.6421218
3774,296,4.5313873
3774,2028,4.428689
3774,2908,4.145934
3774,2318,4.072095
2737,1066,4.288495
2737,1358,4.205224
2737,2804,4.183824
2737,1617,4.171256
2737,608,4.1650553
2737,246,4.1408114
2737,556,4.133035
2737,308,4.119894
2737,2329,4.0785403
2737,3481,3.9698377
2737,3911,3.9050224
2737,1729,3.9042845
2737,3742,3.881506
2737,334,3.8598366
2737,838,3.8588605
2737,2359,3.8133616
2737,1500,3.7826874
2737,1183,3.763865
2737,1865,3.7382498
2737,281,3.714123
2737,1810,3.696503
2737,417,3.6867213
2737,1190,3.665456
2737,1633,3.656668
2737,3253,3.5720367
2737,481,3.5107203
2737,2671,3.4718468
2737,2683,3.4549758
2737,781,3.4348698
2737,1268,3.395666
2737,461,3.392211
2737,2124,3.3819373
2737,1380,3.2647176
2737,3115,3.2526522
2737,1399,3.251262
2737,1405,3.117463
2737,2133,2.95565
2737,1191,2.9437525
2737,202,2.863162
2737,3497,2.823912
2737,79,2.4847207
1658,904,3.9896417
1658,745,3.9685702
1658,720,3.9201791
1658,356,3.8437245
1658,1240,3.7974124
1658,589,3.7807546
1658,480,3.7520356
1658,1210,3.730862
1658,1270,3.7149856
1658,1276,3.6584833
1658,3000,3.6507254
1658,2716,3.6505647
1658,780,3.6460333
1658,1307,3.6373315
1658,272,3.579724
1658,1777,3.5689604
1658,1356,3.5382037
1658,1552,3.525697
1658,3201,3.5138416
1658,1722,3.5135765
1658,2046,3.496396
1658,3396,3.4735456
1658,3671,3.4698944
1658,2527,3.4206352
1658,162,3.4198174
1658,3397,3.4073062
1658,52,3.36609
1658,344,3.3355575
1658,417,3.3259745
1658,176,3.3159719
1658,3469,3.3130107
1658,1080,3.3106174
1658,2621,3.2856135
1658,1730,3.2796767
1658,766,3.2594512
1658,269,3.255194
1658,2282,3.2447352
1658,2065,3.24182
1658,3426,3.2299457
1658,835,3.1933894
1658,3060,3.1726408
1658,2699,3.1023855
1658,2820,3.0893366
1658,1120,3.0774772
1658,187,3.0283897
1658,1673,3.0030973
1658,3773,2.8919723
2716,3498,3.6146135
2716,2875,2.7491765
5246,2959,4.489833
5246,593,4.4711885
5246,110,4.4302773
5246,1704,4.391942
5246,597,4.334355
5246,3160,4.294339
5246,1923,4.2133536
5246,368,3.8629155
5246,1093,3.7130709
5246,2688,3.6975222
5246,358,3.697365
5246,2598,3.525866
5246,2882,3.388947
5246,3273,3.1877813
5246,2713,2.7926364
5246,2720,2.1396346
5246,3564,1.6968697
2163,1198,5.082341
2163,356,4.410342
2163,69,4.40569
2163,1608,4.310323
2163,2321,4.2976665
2163,163,4.2347546
2163,653,4.1916647
2163,380,4.1514015
2163,112,4.1043835
2163,1627,4.0657606
2163,1429,3.9378395
1780,953,3.727345
1780,2762,3.685132
1780,150,3.579294
1780,898,3.569531
1780,47,3.5286367
1780,920,3.4932675
1780,508,3.4816523
1780,1210,3.3916874
1780,3448,3.3501143
1780,3363,3.343577
1780,1256,3.3312669
1780,1222,3.3173566
1780,2359,3.3016982
1780,3256,3.2851176
1780,1246,3.2789993
1780,3035,3.2730916
1780,364,3.2340908
1780,2947,3.2146654
1780,2273,3.2064128
1780,165,3.2003133
1780,3196,3.199049
1780,1028,3.166901
1780,3189,3.1150777
1780,2406,3.1070166
1780,1580,3.098532
1780,2649,3.0912938
1780,733,3.0859203
1780,1959,3.0833027
1780,937,3.0771837
1780,1918,3.0495086
1780,3108,3.0420427
1780,1096,3.0305104
1780,3599,3.0239804
1780,3555,3.0229764
1780,2243,3.0059543
1780,1183,2.996232
1780,1678,2.987555
1780,2478,2.8868632
1780,1792,2.8852038
1780,2739,2.8812191
1780,2520,2.879867
1780,588,2.8632376
1780,1010,2.8559697
1780,3807,2.8368902
1780,1101,2.8260946
1780,2866,2.8167236
1780,3926,2.8047817
1780,2496,2.742099
1780,3247,2.7145581
1780,1552,2.6313934
1780,2364,2.6176908
1780,1429,2.5709927
1780,3497,2.545024
1780,3197,2.52622
1780,2395,2.5027308
1780,1135,2.498422
1780,2346,2.4788432
1780,1391,2.4041858
1780,2408,2.355424
1780,1021,2.2451427
1780,2525,2.04332
1780,839,1.822022
5535,1278,4.03576
5535,1288,4.0322833
5535,1266,4.01372
5535,1293,3.9910347
5535,924,3.9610138
5535,1,3.9109287
5535,1080,3.848459
5535,1674,3.8155925
5535,1243,3.8115332
5535,2871,3.7834804
5535,778,3.767208
5535,1220,3.7504737
5535,1261,3.7252898
5535,3471,3.7139096
5535,2137,3.6870441
5535,2139,3.6418808
5535,1285,3.6282074
5535,41,3.627924
5535,3175,3.587447
5535,3100,3.4994233
5535,1094,3.4890478
5535,1809,3.48388
5535,1729,3.3444824
5535,2291,3.2642221
5535,3704,2.868606
5535,273,2.3684518
5686,2804,2.7443497
5686,2571,2.6683564
5686,3508,2.6091561
5686,3334,2.488777
5686,1073,2.4736254
5686,924,2.4463813
5686,3067,2.4258537
5686,2396,2.3990152
5686,3552,2.3721097
5686,1,2.3425415
5686,714,2.278391
5686,2353,2.267548
5686,32,2.2643378
5686,1214,2.2020354
5686,1258,2.1976917
5686,1777,2.1743088
5686,1252,2.1542473
5686,1939,2.1320024
5686,1125,2.0117548
5686,3635,1.9973135
5686,34,1.9714316
5686,3576,1.9567459
5686,2407,1.9181201
5686,3082,1.8777084
5686,3204,1.8649911
5686,3015,1.8383566
5686,1892,1.8382809
5686,2641,1.8334492
5686,3524,1.8043301
5686,3633,1.7880656
5686,2363,1.7873693
5686,2124,1.7816749
5686,780,1.7530314
5686,2879,1.7431194
5686,1722,1.6879328
5686,2738,1.6646769
5686,2747,1.6511598
5686,1645,1.6498609
5686,2780,1.6457659
5686,2110,1.6449631
5686,76,1.6433287
5686,2384,1.6401249
5686,1339,1.6332214
5686,2622,1.6283263
5686,1573,1.6241763
5686,1092,1.5672262
5686,1479,1.5335191
5686,438,1.373247
5686,379,1.3616648
5812,318,4.7372503
5812,1250,4.6711473
5812,858,4.669733
5812,2762,4.543274
5812,953,4.529711
5812,899,4.5084944
5812,3196,4.4732056
5812,2357,4.450926
5812,926,4.410404
5812,1269,4.4013433
5812,965,4.369965
5812,1300,4.3310447
5812,994,4.301322
5812,1211,4.2940016
5812,1096,4.238437
5812,1097,4.233968
5812,590,4.2063093
5812,1923,4.167454
5812,1333,4.1413145
5812,1289,4.0952387
5812,932,4.088903
5812,2686,4.0585017
5812,1500,4.056592
5812,3952,4.0359855
5812,1921,4.0258303
5812,3632,3.9986825
5812,3536,3.99652
5812,2739,3.9835684
5812,3060,3.9723144
5812,1374,3.9637299
5812,357,3.9353695
5812,3260,3.9195805
5812,3479,3.904804
5812,211,3.8946111
5812,803,3.8694448
5812,96,3.8693602
5812,2076,3.8628688
5812,3101,3.8564136
5812,380,3.8305886
5812,11,3.8151593
5812,1587,3.8073208
5812,2096,3.806849
5812,3591,3.7901404
5812,2134,3.7772553
5812,1875,3.762048
5812,1380,3.7219777
5812,597,3.6957643
5812,832,3.6668215
5812,421,3.6557717
5812,1898,3.6343424
5812,2409,3.5706105
5812,288,3.496182
5812,1375,3.4780736
5812,780,3.449315
5812,2247,3.435689
5812,3791,3.4092293
5812,377,3.3322206
5812,3500,3.2936373
5812,1620,3.2900643
5812,2111,3.281695
5812,2346,3.249013
5812,2520,3.2380614
5812,1544,3.20228
5812,1027,3.131614
5812,218,3.1074116
5812,2246,3.097211
5812,2377,2.9581838
5812,736,2.944787
5812,2387,2.910911
5812,2546,2.9065773
5812,3579,2.7927647
5812,2385,2.7899098
5812,2259,2.676752
5812,1410,2.6332817
5812,1438,2.6307812
5812,270,2.6062205
5812,3388,2.5463293
5812,119,2.478007
5812,172,2.359597
5812,1126,2.1316078
5812,1474,1.7450196
2262,858,4.2538157
2262,1197,4.08673
2262,1294,4.039071
2262,1954,3.7913542
2262,2115,3.738289
2262,1127,3.7144663
2262,924,3.621369
2262,2916,3.613582
2262,1615,3.5654244
2262,1017,3.4785302
2262,3927,3.46214
2262,3623,3.411966
2244,858,5.1525254
2244,926,4.928588
2244,1234,4.9191284
2244,3435,4.9010463
2244,593,4.8671923
2244,2804,4.866836
2244,1219,4.8333707
2244,1263,4.8088446
2244,933,4.7276096
2244,1258,4.6921787
2244,2067,4.590448
2244,1294,4.554475
2244,2890,4.39967
2244,3508,4.3832073
2244,1912,4.2023277
2244,3751,4.0966187
2244,1721,4.0618467
2244,3675,3.989489
2244,3147,3.9710717
2244,2366,3.8708553
2244,2096,3.803215
2244,553,3.6802125
2244,1982,3.4136
2244,480,3.2446945
2244,2916,3.1020555
2244,3565,2.9444366
2244,1754,2.7312024
2244,3594,2.6444855
2244,1573,2.5733733
2244,1689,2.4105115
2244,3913,2.3972294
2244,1391,2.3757582
2244,1398,2.1440368
2244,3367,1.9444706
2244,3409,1.7310064
2244,3918,1.5868845
2244,1762,1.4411776
2244,1591,1.1609812
2244,3912,0.9164889
2244,3922,0.8172903
2244,3908,0.7975662
2244,3573,0.7404032
3691,2762,4.5332613
3691,745,4.4788985
3691,1172,4.43642
3691,306,4.3254986
3691,1617,4.3226037
3691,1036,4.2415
3691,47,4.22903
3691,1291,4.211487
3691,3481,4.050065
3691,1275,4.0376625
3691,2791,4.016122
3691,2391,3.9544744
3691,223,3.9443407
3691,3793,3.867929
3691,2138,3.8580997
3691,2529,3.8119516
3691,357,3.7964692
3691,10,3.7269812
3691,2916,3.681544
3691,2985,3.6457853
3691,1645,3.5370796
3691,2011,3.4701405
3691,1049,3.4121466
3691,2003,3.4058099
3691,3441,3.3316603
3691,517,3.2695727
3691,2617,3.2381449
3691,3264,3.0916631
3691,3755,3.0851831
3691,1377,3.040525
3691,3113,2.5983548
3691,3785,2.2684743
3639,2791,3.5692127
3639,2352,3.3855479
3639,3178,3.3564718
3639,441,3.3252676
3639,2542,3.1658497
3639,2081,3.1135468
3639,3809,3.0161135
3639,3608,2.6742842
3639,2712,2.5515292
3639,2369,2.4033074
119,3793,4.019656
119,1,3.9781334
119,2114,3.7157652
119,2423,3.7071097
119,2694,3.687963
119,2294,3.6617868
119,1032,3.4972434
119,333,3.485784
119,2995,3.4039953
119,2096,3.4009795
119,2485,3.340807
119,2089,3.3373008
5145,3081,3.464895
5145,2907,1.3332534
1454,1183,3.92003
2699,593,4.512093
2699,3114,4.4015794
2699,1947,4.279852
2699,1270,4.2587314
2699,2565,4.253183
2699,1265,4.190406
2699,1873,4.0881186
2699,3159,4.079921
2699,1022,4.057028
2699,1032,4.0264564
2699,1354,4.0234103
2699,3604,3.952908
2699,661,3.8043122
2699,57,3.7454684
127,1198,4.516977
127,1197,4.3793497
127,1206,4.1696653
127,1214,4.0921965
127,356,4.0676928
127,1210,4.025859
127,290,3.9999785
127,32,3.9852777
127,1408,3.8823454
127,1580,3.8184316
127,3852,3.8060021
127,3175,3.7944326
127,733,3.7871878
127,1527,3.7774677
127,1183,3.7385986
127,780,3.6952424
127,552,3.5450337
127,3301,3.4880571
127,2769,3.440578
127,1586,3.3852627
127,455,2.7775824
127,208,2.5454545
1321,1197,4.0330987
1321,1096,3.7423916
1321,1285,3.6775885
1321,1210,3.6102006
1321,3098,3.550046
1321,2852,3.478393
1321,2174,3.3122892
1321,2240,3.2770276
1321,3412,3.2743464
1321,2011,3.184825
1321,3101,3.1774719
1321,2551,3.1652684
1321,2463,3.082349
1321,3527,3.0751116
1321,2738,2.854533
1321,2455,2.8306692
1321,105,2.734228
1321,3715,1.6924205
521,1267,4.8845453
521,1219,4.859587
521,1953,4.6994753
521,924,4.6625094
521,597,3.6477385
881,1148,3.9482703
881,1196,3.89989
881,1242,3.7237847
881,1269,3.6709313
881,457,3.6496365
881,1704,3.6478567
881,110,3.6005516
881,2243,3.447346
881,3052,3.4409108
881,2921,3.4374008
881,551,3.4161599
881,3508,3.4062974
881,3246,3.402858
881,2951,3.4028566
881,1396,3.4025614
881,3751,3.4009213
881,2502,3.3987432
881,1307,3.3798366
881,1633,3.332615
881,104,3.3126564
881,1678,3.3036528
881,3260,3.2706556
881,1810,3.249558
881,175,3.2485652
881,3252,3.2334447
881,1271,3.2330012
881,223,3.1973991
881,2633,3.1811213
881,112,3.1359305
881,3869,3.090241
881,10,3.072307
881,2433,3.0533721
881,2311,3.0464284
881,3247,3.0189366
881,3032,3.0132701
881,288,2.9823518
881,3701,2.97322
881,423,2.971359
881,957,2.9109375
881,2094,2.8943162
881,2459,2.841872
881,3137,2.8415918
881,2826,2.8272347
881,1441,2.8187947
881,1801,2.817355
881,1777,2.8164732
881,1049,2.7885273
881,2560,2.7617435
881,3771,2.7607172
881,408,2.7204502
881,1468,2.7120838
881,1457,2.6843657
881,1690,2.6511924
881,3300,2.6458194
881,3809,2.6128013
881,542,2.6115375
881,354,2.611175
881,1377,2.5886474
881,1805,2.5874846
881,3257,2.5701394
881,1043,2.5657332
881,2023,2.5478046
881,3262,2.5468013
881,466,2.5405514
881,2038,2.5229511
881,2840,2.5227118
881,2369,2.515852
881,1616,2.4845042
881,1100,2.4724362
881,2712,2.455424
881,1037,2.4266565
881,1752,2.3762429
881,2642,2.3694563
881,204,2.3637073
881,3208,2.3551536
881,2008,2.3396924
881,186,2.32344
881,1702,2.3129992
881,2296,2.2647505
881,2808,2.238946
881,2016,2.1079814
881,1863,2.0955386
881,836,2.022198
881,1005,1.9516678
881,1839,1.9284656
881,2548,1.8521259
881,2552,1.7363005
881,2807,1.6036971
4729,1225,4.4172463
4729,2858,4.414163
4729,1449,4.326931
4729,3006,4.213039
4729,529,4.2037125
4729,1291,4.1994467
4729,17,4.1813374
4729,1357,4.1076064
4729,1641,4.0704308
4729,3160,4.0351715
4729,356,4.027355
4729,2081,3.965454
4729,1500,3.9538357
4729,1305,3.9317832
4729,1959,3.8430953
4729,1747,3.8184814
4729,147,3.7642033
4729,3179,3.6463416
4729,2712,3.6384377
4729,1416,3.6027446
4729,1614,3.5906887
4729,2011,3.578895
4729,3534,3.56911
4729,3450,3.4737718
4729,2389,2.847695
4729,736,2.647688
1687,3897,4.376308
1687,2336,4.274152
1687,3421,4.2494583
1687,3114,4.2433724
1687,3671,4.22948
1687,1201,4.226662
1687,2791,4.1294146
1687,1914,4.112726
1687,1663,4.0423136
1687,380,4.017886
1687,2248,4.01007
1687,1784,3.9888937
1687,1285,3.9852471
1687,1194,3.9270902
1687,1088,3.9250216
1687,2243,3.909257
1687,3809,3.861451
1687,2759,3.8593085
1687,3501,3.858893
1687,2301,3.8456092
1687,3033,3.8443274
1687,2470,3.8419156
1687,2407,3.8364096
1687,586,3.8356252
1687,2261,3.8291285
1687,3087,3.7942102
1687,1476,3.7672727
1687,2457,3.725729
1687,3099,3.6961324
1687,1135,3.687717
1687,2469,3.6576276
1687,3450,3.6064167
1687,2717,3.5934148
1687,3247,3.583891
1687,2262,3.5366468
1687,2699,3.505587
1687,2286,3.4872885
1687,3173,3.475626
1687,410,3.36558
1687,2060,3.2914352
1687,637,3.2718053
1687,3004,3.1103694
1687,3715,3.0808234
1687,743,3.0119398
1687,3048,2.984582
1687,485,2.8184881
1687,419,2.6917644
1687,829,2.673654
1687,3392,2.5842438
1671,858,4.5001907
1671,3022,4.480414
1671,951,4.4467125
1671,1178,4.4460754
1671,1221,4.406977
1671,2804,4.3667727
1671,950,4.336724
1671,1203,4.3351717
1671,905,4.3262405
1671,994,4.25657
1671,3801,4.190611
1671,1080,4.183283
1671,1253,4.1628265
1671,1968,4.1163344
1671,1952,4.114754
1671,1291,4.100958
1671,3037,4.0781984
1671,3362,4.069743
1671,1175,4.052929
1671,2745,4.0487695
1671,2918,4.0159693
1671,2791,4.014627
1671,3677,4.011243
1671,3606,4.0097084
1671,1238,4.006141
1671,581,4.002701
1671,2303,3.9967513
1671,3061,3.9704437
1671,1183,3.9569814
1671,11,3.940117
1671,1210,3.936087
1671,3072,3.9128623
1671,3751,3.9108262
1671,261,3.9002028
1671,480,3.8830612
1671,3168,3.8812447
1671,1081,3.8679307
1671,515,3.8521202
1671,3450,3.8483484
1671,2750,3.841251
1671,288,3.8363044
1671,324,3.834857
1671,2321,3.8100128
1671,766,3.8003116
1671,3296,3.793301
1671,3812,3.7906394
1671,2290,3.786314
1671,1747,3.7815218
1671,3199,3.7757561
1671,2078,3.7727277
1671,492,3.735395
1671,538,3.7345107
1671,2105,3.6974852
1671,2752,3.6838164
1671,2344,3.6690817
1671,1611,3.663323
1671,3827,3.663146
1671,1542,3.656905
1671,2135,3.560761
1671,2417,3.4803674
1671,3528,3.4671695
1671,2701,2.8905404
1671,818,2.6509697
1714,1196,4.2910767
1714,1206,4.090394
1714,741,4.0276175
1714,1784,4.026168
1714,2081,3.917229
1714,32,3.8547752
1714,1663,3.8500674
1714,1962,3.8450184
1714,2395,3.834697
1714,357,3.7854633
1714,1374,3.7802956
1714,1092,3.7682605
1714,1295,3.7246048
1714,1967,3.6661444
1714,441,3.6331143
1714,2349,3.62445
1714,610,3.5835934
1714,587,3.571855
1714,2990,3.4438357
1714,2942,3.3606744
1714,552,3.3189244
1714,372,3.2923882
1714,1476,3.2366724
1714,3523,3.1234426
1714,3534,2.9529119
1714,2253,2.8833644
1714,379,2.8468726
1714,1591,2.7963285
1714,442,2.766766
1714,172,2.6459563
1714,1126,2.4357724
1714,405,2.0162196
1714,737,1.9238162
4268,945,3.7704763
4268,3341,3.7632823
4268,3671,3.7253642
4268,2949,3.7061563
4268,2132,3.604328
4268,1097,3.6016333
4268,1580,3.5822883
4268,1968,3.5767426
4268,2070,3.562292
4268,924,3.557454
4268,3421,3.535389
4268,2946,3.5235395
4268,1235,3.5153646
4268,2085,3.4960597
4268,1124,3.475287
4268,3100,3.4382222
4268,1964,3.435182
4268,2871,3.399668
4268,1256,3.3794816
4268,3386,3.3569605
4268,2046,3.0508938
4268,1135,3.0307732
4268,1334,2.860342
4268,1544,2.7899168
4268,2123,2.7792258
4268,2103,2.65607
4268,2266,2.583323
4268,3388,2.4708848
344,2763,3.0418105
344,2710,2.6370432
344,3519,2.482587
5819,457,4.319066
5819,920,4.1985273
5819,1784,4.1717615
5819,3551,4.1352654
5819,3543,4.0767584
5819,1356,3.8552966
5819,1556,1.1056769
3841,1212,4.283182
3841,2019,4.2720733
3841,858,4.259428
3841,912,4.223262
3841,916,4.172827
3841,2208,4.121562
3841,919,4.119331
3841,1939,4.081149
3841,3022,4.0750494
3841,1303,4.026362
3841,1358,4.017983
3841,1950,4.0085225
3841,1291,4.0080466
3841,2300,3.9761395
3841,3681,3.9716864
3841,1704,3.9649081
3841,1231,3.944792
3841,2202,3.9311647
3841,1259,3.8884387
3841,838,3.8836958
3841,2406,3.8587503
3841,1953,3.8394
3841,1206,3.838149
3841,2983,3.815798
3841,1954,3.8060498
3841,2940,3.7687907
3841,538,3.765194
3841,805,3.7622375
3841,2951,3.7615032
3841,1340,3.7556274
3841,3551,3.7533667
3841,2070,3.747281
3841,1244,3.7420714
3841,2739,3.739554
3841,1089,3.730629
3841,1078,3.7267246
3841,2005,3.7055237
3841,3101,3.6988063
3841,2967,3.685771
3841,3078,3.680491
3841,2009,3.665767
3841,1298,3.6655755
3841,1256,3.6340916
3841,1085,3.631056
3841,412,3.6305108
3841,1672,3.6214602
3841,3018,3.6082363
3841,3069,3.6077042
3841,3653,3.6040535
3841,1673,3.59018
3841,2130,3.5768983
3841,3204,3.5767596
3841,117,3.5742717
3841,2178,3.5663593
3841,3251,3.5643864
3841,261,3.56222
3841,3635,3.5587873
3841,1758,3.5459046
3841,349,3.544108
3841,1376,3.5398474
3841,1343,3.53426
3841,2476,3.5267198
3841,3301,3.5162077
3841,1401,3.5101132
3841,2291,3.509685
3841,2475,3.496038
3841,1473,3.480801
3841,552,3.4595559
3841,3194,3.4591088
3841,1670,3.4540372
3841,1008,3.43897
3841,3478,3.4271915
3841,2683,3.417477
3841,1785,3.417175
3841,2116,3.393315
3841,304,3.3927464
3841,3005,3.372375
3841,3588,3.3652873
3841,3633,3.3633108
3841,2613,3.358571
3841,1479,3.3571656
3841,3703,3.3437805
3841,1805,3.338498
3841,2656,3.3317957
3841,3528,3.3316607
3841,869,3.2725453
3841,2094,3.2390904
3841,277,3.1656992
3841,1332,3.1319838
3841,1726,3.114454
3841,464,3.1123643
3841,2634,3.072523
3841,2326,3.071965
3841,422,3.0573416
3841,3013,3.0558558
3841,2322,3.0239217
3841,2120,2.9825523
3841,2427,2.9781294
3841,2723,2.9753697
3841,435,2.9656115
3841,338,2.9246874
3841,1523,2.881002
3841,2084,2.8671198
3841,1975,2.6753736
3841,153,2.6320562
3841,2638,2.626428
3841,2147,2.5562432
3841,1969,2.4184012
3841,3767,2.2601054
3841,2392,2.1863027
3841,1990,2.175179
3841,169,2.0739043
3841,3664,2.0609813
4280,2028,4.210437
4280,2791,3.8898559
4280,3408,3.8681574
4280,2395,3.7433155
4280,2763,3.7097235
4280,3567,3.611056
4280,3535,3.2810073
4280,3593,1.6761953
4497,1207,4.916417
4497,3469,4.6609592
4497,593,4.60684
4497,919,4.5976725
4497,1299,4.5822463
4497,541,4.493877
4497,1358,4.4663115
4497,1617,4.4655595
4497,1242,4.4621387
4497,924,4.3989305
4497,927,4.395339
4497,1090,4.3349795
4497,907,4.3305726
4497,3362,4.304305
4497,314,4.2907476
4497,3200,4.27386
4497,1210,4.2372985
4497,1150,4.23531
4497,3551,4.2285323
4497,2700,4.2164817
4497,2847,4.216079
4497,1073,4.1698484
4497,3135,4.133205
4497,3360,4.1187963
4497,2076,4.1144094
4497,2916,4.110621
4497,2009,4.092589
4497,2904,4.0878963
4497,2968,4.0817256
4497,3920,4.0782127
4497,3018,3.9220746
4497,3070,3.837815
4497,3117,3.7821288
4497,2683,3.774746
4497,3476,3.740294
4497,2414,3.737017
4497,2600,3.7353876
4497,2746,3.6674423
4497,2376,3.6027033
4497,2784,3.5461113
4497,1974,3.5169022
4497,2615,3.234958
4497,1332,3.1354232
4497,2369,3.093841
4497,2148,2.9370193
4497,2530,2.9061172
4497,70,2.8979795
4497,3693,2.8681107
4497,2606,2.326132
4497,2902,2.2084606
4497,1985,2.022263
4497,3024,1.9195158
4532,1132,4.291442
4532,3198,4.288906
4532,1302,3.9778183
4532,3702,3.9348273
4532,1370,3.9253936
4532,1722,3.8882556
4532,2020,3.8794904
4532,1721,3.8676915
4532,1693,3.8446841
4532,2150,3.833273
4532,1186,3.8138306
4532,1088,3.685088
4532,1438,3.210958
4234,858,4.486702
4234,541,4.280772
4234,2804,4.2615376
4234,1288,4.1767755
4234,914,4.132817
4234,3095,4.126957
4234,1200,4.126229
4234,3037,4.02903
4234,920,4.0135465
4234,1641,3.8219986
4234,3255,3.805179
4234,3072,3.7994847
4234,935,3.7836246
4234,2161,3.6861134
4234,2021,3.582254
4234,377,3.553493
4234,2968,3.5464175
4234,2683,3.47781
4234,367,3.4435487
4234,1721,3.4096308
4234,2043,3.3462362
4234,653,3.295239
4234,1848,3.2205534
4234,2,2.9901094
480,2858,3.9751136
480,150,3.809799
480,1784,3.7725365
480,337,3.5026026
480,2273,3.4561954
480,3863,3.2071438
480,3554,3.0471945
480,3617,2.400907
480,3825,2.2630954
936,1704,3.948267
936,3510,3.8554726
936,569,3.0508475
936,3438,3.0134764
936,1752,2.9909678
509,1288,4.1065845
509,1265,4.0164313
509,2947,4.0127134
509,306,3.9463048
509,1089,3.9367254
509,1240,3.9226913
509,535,3.9019673
509,246,3.8879523
509,3147,3.8666992
509,3000,3.8432074
509,265,3.8420577
509,2966,3.8401978
509,150,3.8345807
509,3168,3.8015432
509,1610,3.7932653
509,32,3.7925963
509,1357,3.78506
509,2728,3.7672093
509,2010,3.7320776
509,2959,3.725873
509,3160,3.717994
509,555,3.6976619
509,319,3.6656673
509,1185,3.6544073
509,2916,3.6535685
509,1997,3.6459384
509,628,3.631246
509,223,3.6145844
509,235,3.5805602
509,3044,3.5779305
509,2174,3.5728045
509,1527,3.5524237
509,2403,3.5485687
509,3555,3.504167
509,2108,3.4950087
509,1729,3.4925842
509,920,3.4825401
509,2600,3.4490094
509,104,3.414729
509,648,3.4077096
509,222,3.3726864
509,2407,3.3484428
509,3301,3.3390555
509,1627,3.3315914
509,3081,3.3004267
509,494,3.2983484
509,1061,3.2818837
509,60,3.278676
509,1429,3.278554
509,2003,3.2741604
509,2413,3.2690213
509,2883,3.2639244
509,852,3.258368
509,1792,3.2311757
509,2459,3.2033644
509,674,3.1978855
509,3528,3.1948164
509,736,3.1829758
509,511,3.164719
509,3254,3.1235652
509,1894,3.109742
509,2023,3.0902834
509,2110,3.0892158
509,3698,3.0623507
509,2558,3.031762
509,2606,3.03044
509,410,3.009135
509,2717,2.9564435
509,327,2.9383502
509,1371,2.8395705
509,2710,2.724898
509,716,2.7228448
509,1882,2.371553
509,1126,2.3664362
509,444,2.308255
509,2338,2.15132
509,2701,2.0809019
62,858,4.2984123
62,954,4.1430445
62,1213,4.129919
62,1254,4.0734286
62,905,4.0344677
62,1225,4.0127907
62,1276,3.9968696
62,1090,3.9336448
62,3095,3.8954053
62,1952,3.8843331
62,1947,3.8373706
62,3088,3.836679
62,916,3.8339198
62,1161,3.7760863
62,475,3.7748334
62,1035,3.7513485
62,3363,3.750424
62,2664,3.718812
62,474,3.6890256
62,1964,3.6855588
62,3448,3.6445332
62,82,3.6103106
62,2406,3.58494
62,3068,3.5483696
62,2366,3.5458765
62,3011,3.538974
62,960,3.5353918
62,2919,3.503604
62,25,3.4995642
62,230,3.492174
62,141,3.4738574
62,509,3.4319773
62,3020,3.4293075
62,3740,3.3882875
62,2474,3.3795705
62,21,3.3692348
62,802,3.3640766
62,1620,3.356608
62,3145,3.3560436
62,2290,3.2310317
62,1450,3.2258902
62,3706,3.1654334
62,3423,3.110248
62,254,3.0540695
62,3557,2.9244967
62,2,2.8788648
62,2712,2.787239
62,207,2.7152777
62,79,2.6271205
62,455,2.3441691
62,172,2.3111982
4582,457,4.4088116
4582,1264,4.358
4582,597,4.2079115
4582,940,4.1345596
428,3095,4.3916807
428,924,4.3901806
428,471,3.9247203
428,3477,2.943388
3363,597,3.8722734
3363,1101,3.8300738
3363,838,3.7718246
3363,2248,3.7481031
3363,3863,3.6230118
3363,3450,3.567404
3363,2750,3.5149827
3363,3155,3.4708803
3363,543,3.386578
3363,3868,3.3284926
3363,1094,3.301528
3363,2340,3.291603
3363,2431,3.2700977
3363,248,3.227172
3363,2297,3.2115135
3363,1135,3.1405182
3363,351,3.126873
3363,105,3.116469
3363,2629,3.1009946
3363,1767,3.0703762
5947,1196,3.8591974
5947,1997,3.6983366
5947,1175,3.5745416
5947,1301,3.570517
5947,2288,3.4564934
5947,2529,3.3574533
5947,1321,3.1505933
5947,2985,3.0399606
5947,680,3.0148194
5947,2554,2.748567
5947,2780,2.711347
5947,1391,2.4563305
5947,2781,2.4208245
5947,2667,1.9448364
5947,880,1.3974435
5848,50,4.376461
5848,1252,4.295171
5848,1234,4.2702236
5848,898,4.240904
5848,2186,4.2118464
5848,969,4.153056
5848,911,4.042253
5848,1228,4.0124493
5848,1,3.9989505
5848,457,3.994614
5848,1931,3.9933243
5848,940,3.9200237
5848,1244,3.9017391
5848,615,3.887219
5848,1231,3.868178
5848,2303,3.8562326
5848,2951,3.8399954
5848,3246,3.796385
5848,2130,3.7595987
5848,3105,3.7372448
5848,3408,3.7366798
5848,3406,3.7236722
5848,2355,3.7146413
5848,1732,3.6954324
5848,2075,3.672366
5848,929,3.6303754
5848,1183,3.6223874
5848,3494,3.615584
5848,96,3.5396962
5848,2414,3.4468913
5848,1729,3.4083405
5848,1129,3.402456
5848,2896,3.3695889
5848,1619,3.3387513
5848,2100,3.3320122
5848,2941,3.2974334
5848,10,3.2813334
5848,1047,3.2762837
5848,3157,3.0141385
5848,2527,3.0129254
5848,2956,2.8873086
2026,904,4.3968544
2026,1252,4.3701477
2026,1945,4.3260975
2026,1284,4.1887054
2026,1283,4.163515
2026,942,4.1051884
2026,978,3.9666162
2026,2565,3.8719325
2026,3836,3.7985406
2026,3074,3.7369301
2026,2401,3.6518672
2026,3932,3.6297863
2026,2087,3.6212494
2026,1356,3.6088657
2026,1012,3.495788
2026,3792,3.4070997
2026,2896,3.3707137
2026,2780,3.369871
2026,2553,3.33933
2026,964,3.2925422
2026,1129,3.1397858
3560,260,4.89059
3560,1213,4.8638973
3560,2858,4.760631
3560,457,4.6485014
3560,628,4.559467
3560,920,4.547649
3560,2302,4.514879
3560,3006,4.5034146
3560,1721,4.4200153
3560,3397,4.3140025
3560,1094,4.2930317
3560,3418,4.2891874
3560,1179,4.2607055
3560,2779,4.249364
3560,2874,4.1111393
1227,527,4.3488455
1227,608,4.113167
1227,2692,4.0842185
1227,1089,4.0400324
1227,3910,3.8601317
1227,1643,3.8136744
1227,1635,3.7923007
1227,2908,3.7894993
1227,1914,3.7812972
1227,80,3.775498
1227,549,3.7743354
1227,125,3.7532105
1227,1466,3.7076097
1227,3928,3.5640373
1227,1611,3.4756017
1227,242,3.3974376
3968,3266,3.9387937
3968,2167,3.855373
3968,1573,3.8167138
3968,21,3.8038619
3968,2427,3.7798395
3968,3107,3.696211
3968,2723,3.5221257
3968,3764,3.350718
3968,798,3.2763815
3968,2365,3.2749271
301,1223,4.923244
301,2571,4.846769
301,1197,4.803805
301,1291,4.6700377
301,1960,4.664153
301,2959,4.5891333
301,1270,4.506918
301,1097,4.4771214
301,1220,4.3900895
301,595,4.3393755
301,1732,4.333865
301,3068,4.313635
301,3408,4.3062906
301,150,4.3011446
301,69,4.20381
301,2580,4.131649
301,21,4.1207166
301,151,4.057292
301,2231,4.0311203
301,2706,3.825198
301,1580,3.7744744
301,3809,3.7545233
301,3261,3.5586472
301,3744,3.4880953
301,2916,3.463057
301,3298,3.1731153
301,3623,3.0368767
301,516,2.9568808
301,236,2.815488
301,1379,2.7829802
301,2093,2.663232
301,1359,1.9947793
5673,1267,4.368972
5673,608,4.324253
5673,342,3.6907017
5673,2291,3.391991
5673,317,2.9923432
1817,260,4.5367794
1817,1240,4.0893483
1817,1374,3.6995916
1817,1653,3.6637285
1817,2916,3.2524133
1817,3535,3.2328362
1817,2996,3.076459
1817,329,2.825601
1817,2628,2.8067493
1817,788,2.680005
1817,3879,1.8966997
1817,1037,1.7055938
1817,3826,1.5251397
1817,3316,1.3304154
3233,50,4.7044106
3233,1234,4.557555
3233,3365,4.416001
3233,1617,4.398215
3233,111,4.3804235
3233,1084,4.2878695
3233,3424,4.135535
3233,2716,4.040423
3233,1188,3.996743
3233,1732,3.9432955
3233,3163,3.9333618
3233,3100,3.854205
3233,1183,3.8495305
3233,3734,3.713771
1716,1225,4.183421
1716,2908,3.919674
1716,1517,3.8595347
1716,3160,3.8234658
1716,161,3.817562
1716,2706,3.7797945
1716,3418,3.6307507
1716,2384,3.4949596
1716,2771,3.265928
1716,196,2.6231954
1716,2701,2.0195909
1716,2392,1.9908757
2532,1096,4.0889373
2532,1955,3.9686756
2532,1271,3.9055424
2532,3105,3.9011908
4760,3654,3.896028
4760,1732,3.783922
4760,2001,3.6574278
4760,3275,3.6347277
4760,3081,3.5254533
4760,434,3.4135222
4760,2453,3.3908112
5487,2028,5.0413275
5487,2628,4.1182284
5487,830,3.9992425
5487,3325,3.2441547
2544,912,4.31642
2544,1267,4.2426767
2544,1237,4.1060696
2544,541,4.102173
2544,3307,4.0977383
2544,2937,4.0596185
2544,2804,4.029393
2544,916,4.0094833
2544,1147,4.0063744
2544,1394,3.9813435
2544,1258,3.9794698
2544,3265,3.9600813
2544,2788,3.953908
2544,1449,3.94863
2544,2132,3.9443517
2544,1242,3.9388208
2544,1200,3.927522
2544,1294,3.8869343
2544,1206,3.8837967
2544,1263,3.8797119
2544,1956,3.8487322
2544,590,3.8441498
2544,475,3.838605
2544,978,3.8298466
2544,1210,3.8096905
2544,2951,3.8043401
2544,2932,3.8042269
2544,555,3.7869225
2544,3668,3.771859
2544,3421,3.7681928
2544,1357,3.7568135
2544,921,3.7552414
2544,902,3.729003
2544,2664,3.7216268
2544,2716,3.714838
2544,2323,3.70408
2544,1584,3.6922867
2544,3547,3.6772041
2544,1730,3.6770246
2544,1885,3.6646104
2544,2852,3.66361
2544,918,3.6447763
2544,3543,3.6265445
2544,3327,3.620197
2544,3632,3.6199558
2544,2797,3.617112
2544,2018,3.6167908
2544,3039,3.6141279
2544,1183,3.608706
2544,2080,3.5798473
2544,728,3.5730758
2544,1123,3.5695944
2544,1345,3.5657656
2544,2406,3.5613384
2544,2285,3.556756
2544,2866,3.5463314
2544,1580,3.5012808
2544,2087,3.4916306
2544,2857,3.4626727
2544,368,3.452443
2544,3873,3.4521115
2544,501,3.3773599
2544,3927,3.3539672
2544,2159,3.3533652
2544,34,3.3307452
2544,2291,3.3272562
2544,60,3.286826
2544,3740,3.2320728
2544,1676,3.1626825
2544,2533,3.1455262
2544,3,2.829754
2544,1544,2.7811327
720,260,4.107488
720,919,3.8844557
720,457,3.7329237
720,2858,3.5152812
720,2000,3.4222648
720,2194,3.4005072
720,2997,3.3966792
720,590,3.3880534
720,364,3.1531847
720,3408,3.108429
720,733,3.054761
720,2841,3.0443711
720,3699,2.7101402
720,2710,2.6476097
720,653,2.5944111
720,2560,2.3901737
720,3354,2.173005
720,3113,2.0662456
720,3484,1.9478903
720,3438,1.8549883
720,1126,1.4513528
720,3286,1.3652035
720,3674,1.3325305
720,2392,1.3079773
3643,912,4.323752
3643,1197,4.2102532
3643,3578,4.1348286
3643,1240,4.129054
3643,293,4.0096283
3643,1921,3.7257166
3643,1610,3.7223427
3643,2391,3.6906078
3643,1608,3.6430073
3643,482,3.6320443
3643,1179,3.6278324
3643,2707,3.54046
3643,1670,3.500924
3643,2889,3.4789395
3643,2167,3.4515245
3643,2600,3.335791
3643,2672,3.2991176
3643,3513,3.2712278
3643,1429,3.2418387
3643,1391,2.8465626
3643,2699,2.7127435
3643,2428,2.6918375
5001,2762,4.769971
5001,3469,4.588664
5001,951,4.47853
5001,2797,4.349859
5001,539,4.304285
5001,17,4.2855945
5001,2671,4.2501597
5001,946,4.2416058
5001,3094,4.1877284
5001,272,4.0673265
5001,551,4.0474997
5001,3404,4.0332565
5001,25,3.9364705
5001,1688,3.883802
5001,2453,3.8386889
5001,2834,3.8192766
5001,469,3.8096614
5001,1801,3.7574806
5001,2468,3.7507424
5001,1647,3.7235022
5001,419,3.5109813
2208,296,4.5946803
2208,1193,4.5525894
2208,593,4.4235744
2208,110,4.324855
2208,1394,4.307993
2208,3147,4.261245
2208,1060,4.151771
2208,1682,4.090783
2208,1095,3.9983227
2208,2690,3.9978216
2208,348,3.8636875
2208,1747,3.6859238
2208,482,3.676412
2208,3033,3.424868
2208,1880,3.259357
2208,1805,3.1835349
2208,350,2.9357746
2208,2325,2.6044097
2208,2126,2.4297855
2208,88,2.399752
2208,3689,1.705107
2208,1562,1.5324283
2208,2383,1.032546
5616,750,4.5289187
5616,1250,4.4525213
5616,1252,4.4468513
5616,3468,4.3738465
5616,1080,4.148698
5616,3210,4.0221176
5616,1073,3.9050605
5616,1396,3.879235
5616,1584,3.8100994
2743,2501,4.4068103
2743,1213,4.3989215
2743,47,4.1879177
2743,474,4.0656214
2743,2395,4.058859
2743,1693,4.0055814
2743,2231,3.9615014
2743,1356,3.9582076
2743,1580,3.946025
2743,1672,3.9146612
2743,1393,3.9067698
2743,1466,3.8928227
2743,361,3.8592079
2743,552,3.8269298
2743,1485,3.8137846
2743,1721,3.8076904
2743,1917,3.806704
2743,491,3.7876053
2743,1688,3.7045665
2743,3219,3.6994627
2743,31,3.6877527
2743,86,3.650842
2743,2541,3.6412153
2743,3186,3.6013932
2743,1769,3.52712
2743,586,3.5083408
2743,1541,3.4566128
2743,3120,3.4508853
2743,60,3.4442751
2743,1391,3.4306455
2743,1690,3.4292722
2743,2724,3.3542137
2743,1911,3.3276892
2743,1703,3.327543
2743,442,3.3079238
2743,3258,3.2459018
2743,177,3.1461763
2743,2558,3.052072
2743,2327,2.950574
2743,3113,2.9189408
2743,879,2.8015566
2743,173,2.7930307
2743,2446,2.6743906
2743,1977,2.5553117
2743,3190,2.4243944
2743,3299,2.3499677
3270,1198,4.268078
3270,912,4.2160587
3270,1203,4.010103
3270,1617,3.9352298
3270,1200,3.9063983
3270,1,3.8148236
3270,2917,3.7190385
3270,3098,3.5371027
3270,1957,3.478015
3270,2987,3.4299803
3270,2795,3.301371
3270,3254,2.8863406
3270,1640,2.1672616
1926,296,4.7740326
1926,668,4.732458
1926,3198,4.5895987
1926,1939,4.5590744
1926,246,4.546337
1926,1242,4.5411873
1926,1041,4.504229
1926,1222,4.490464
1926,2966,4.447852
1926,3814,4.446359
1926,1097,4.4255266
1926,1240,4.404056
1926,920,4.3851175
1926,3341,4.3846536
1926,3481,4.378095
1926,2313,4.3664675
1926,3037,4.3591237
1926,1220,4.3463664
1926,1387,4.3395615
1926,3871,4.329442
1926,3451,4.3247
1926,1103,4.319063
1926,971,4.3077354
1926,1265,4.3068385
1926,2068,4.291353
1926,2352,4.287508
1926,594,4.259696
1926,2081,4.2526026
1926,3330,4.182063
1926,3289,4.1698794
1926,588,4.1673636
1926,3787,4.145211
1926,3653,4.1226554
1926,2730,4.1200957
1926,3873,4.096863
1926,2022,4.083555
1926,1186,4.056701
1926,3516,4.0414143
1926,3928,3.9953227
1926,1127,3.9925425
1926,3550,3.9396076
1926,917,3.9001231
1926,661,3.8753424
1926,2628,3.8721488
1926,2024,3.8184252
1926,2469,3.7610865
1926,1405,3.754107
1926,586,3.746773
1926,3684,3.729534
1926,3479,3.7243693
1926,2430,3.696806
1926,1614,3.6378746
1926,2712,3.5777402
1926,1044,3.5589027
1926,3708,3.5148182
1926,105,3.4931176
1926,1586,3.4763951
1926,1544,3.3073106
1926,830,3.1875448
1926,3688,3.0446057
1926,432,2.7883763
1926,2450,2.687077
1926,737,2.674038
5865,608,4.3039103
5865,589,3.9194007
5865,213,3.8294804
5865,1527,3.7364712
5865,2455,3.5063734
5865,2985,3.4834986
5865,2672,3.3456268
5865,2011,3.2631073
5865,2513,2.7028186
5865,2808,2.1188662
2446,541,4.537608
2446,1197,4.4671826
2446,1132,4.408877
2446,1617,4.3438873
2446,1997,4.2838917
2446,1263,4.282317
2446,733,4.2799225
2446,1923,4.2578573
2446,162,4.246091
2446,778,4.230994
2446,2791,4.228635
2446,1210,4.2052155
2446,3246,4.1425204
2446,6,4.1186314
2446,2599,4.113154
2446,1285,4.0573044
2446,1257,4.0360465
2446,1912,4.0208044
2446,1094,4.01338
2446,349,3.9967237
2446,2406,3.9859018
2446,2161,3.9678793
2446,3526,3.9637804
2446,2001,3.9633203
2446,1748,3.9590874
2446,2005,3.943459
2446,316,3.9284635
2446,1639,3.899339
2446,2413,3.8925757
2446,1517,3.8878646
2446,3740,3.8867207
2446,2455,3.8779235
2446,2987,3.8753667
2446,3831,3.8453746
2446,3555,3.8380122
2446,543,3.8267288
2446,2174,3.802129
2446,198,3.799345
2446,2771,3.7619147
2446,3893,3.7586653
2446,2628,3.7565315
2446,2860,3.7257295
2446,3618,3.7232504
2446,481,3.710203
2446,2513,3.6847053
2446,3264,3.659912
2446,2792,3.539106
2446,784,3.5193374
2446,196,3.4090667
2446,3824,3.1949348
2446,485,2.9896495
3280,1252,4.043161
3280,919,4.017438
3280,593,3.9805257
3280,2804,3.8870807
3280,3095,3.8695116
3280,1206,3.7726169
3280,2791,3.6159363
3280,2871,3.5794506
3280,3408,3.5754685
3280,1500,3.5748987
3280,2108,3.4500594
3280,2700,3.4158492
3280,2150,3.413887
3280,1257,3.395043
3280,3147,3.387339
3280,1732,3.3566759
3280,1120,3.3446999
3280,3175,3.3134446
3280,1124,3.2327523
3280,3499,3.1787853
3280,1673,3.1461267
3280,3703,3.0384786
3280,2423,3.0383239
3280,3753,3.0291865
3280,1441,3.0214283
3280,2734,2.956542
3280,3760,2.923991
3280,1884,2.8735225
3280,2985,2.8185203
3280,2021,2.8097217
3280,1518,2.7811227
3280,3591,2.7568345
3280,1464,2.7460074
3280,3298,2.7305746
3280,3107,2.7241273
3280,2702,2.7228222
3280,2710,2.6840594
3280,3250,2.6574838
3280,2770,2.6123066
3280,1580,2.6067882
3280,3426,2.5659769
3280,3863,2.533805
3280,2641,2.440153
3280,3263,2.4130163
3280,2672,2.2353883
3280,788,2.2332897
3280,1064,2.1060672
3280,2146,2.0384092
3280,3355,2.0320096
3280,1676,2.0234764
3280,520,1.9572363
3280,185,1.9215575
3280,196,1.9060457
3280,2054,1.8758652
3280,2517,1.7228134
3280,19,1.6699996
3280,3326,1.5257429
3280,2264,1.3718321
3280,839,1.2688057
5000,2571,4.9758005
5000,1254,4.879338
5000,916,4.872519
5000,1242,4.8373146
5000,1197,4.8057604
5000,1253,4.752046
5000,919,4.698391
5000,1097,4.697485
5000,1387,4.683267
5000,2918,4.663266
5000,1394,4.6557
5000,2268,4.6359673
5000,2917,4.601916
5000,508,4.595778
5000,3481,4.581207
5000,3671,4.5578976
5000,356,4.5237484
5000,2959,4.5065603
5000,2763,4.477545
5000,2006,4.4532475
5000,1344,4.444622
5000,2355,4.4415665
5000,3072,4.4217243
5000,897,4.4149365
5000,1216,4.3979807
5000,2001,4.3549285
5000,1035,4.337577
5000,25,4.3233547
5000,1350,4.3122773
5000,3740,4.301436
5000,2989,4.2959595
5000,3633,4.2787213
5000,2291,4.2712183
5000,10,4.2531853
5000,2002,4.224024
5000,3763,4.2107153
5000,3214,4.1962085
5000,253,4.1945276
5000,2474,4.1873956
5000,2463,4.1749578
5000,2420,4.1708865
5000,2110,4.148229
5000,1342,4.0910234
5000,1866,4.027961
5000,3489,4.009495
5000,3704,3.9983854
5000,2133,3.964642
5000,1676,3.9312124
5000,445,3.8690493
5000,1037,3.6558228
3679,2028,4.3869877
3679,919,4.204969
3679,296,4.0878906
3679,2396,4.0398827
3679,1307,4.0195184
3679,3471,3.9708807
3679,1246,3.9519246
3679,1097,3.8654437
3679,597,3.8652606
3679,2763,3.739365
3679,1722,3.7344117
3679,2393,3.6677556
3679,1271,3.6395555
3679,21,3.614417
3679,25,3.5750585
3679,2081,3.5147111
3679,1968,3.513194
3679,316,3.5058708
3679,321,3.4865901
3679,3397,3.431209
3679,1022,3.4214976
3679,1094,3.4082494
3679,2059,3.3955445
3679,1218,3.3788824
3679,2391,3.3624802
3679,368,3.3592649
3679,2632,3.3431492
3679,2414,3.325157
3679,1343,3.187296
3679,3740,3.165042
3679,1163,3.0181117
3679,3855,2.9113076
3679,2334,2.860813
4898,260,4.727268
4898,912,4.6730833
4898,1221,4.5686145
4898,2186,4.5304327
4898,1248,4.5169263
4898,2324,4.4975243
4898,924,4.422192
4898,965,4.4065533
4898,2132,4.405634
4898,2918,4.353197
4898,1947,4.2937555
4898,971,4.2619543
4898,3471,4.2222805
4898,2303,4.1539774
4898,2160,4.0555654
4898,1125,4.0378532
4898,538,4.036009
4898,1965,3.9467893
4898,348,3.93168
4898,3204,3.8752024
4898,3176,3.749166
4898,229,3.7363591
4898,1810,3.6764796
4898,1350,3.452456
2012,3819,3.8390777
2012,3471,3.767527
2012,162,3.616605
2012,3256,3.5875456
2012,1029,3.5238814
2012,2139,3.4757798
2012,1028,3.458644
2012,1396,3.4570723
2012,2529,3.422507
2012,1653,3.4081004
2012,2693,3.3870614
2012,3552,3.377246
2012,368,3.3649244
2012,733,3.3613892
2012,3255,3.2980037
2012,2291,3.18287
2012,2161,3.1802444
2012,2100,3.139816
2012,3712,3.1065784
2012,2406,3.0915456
2012,2094,3.0799356
2012,2085,3.0206199
2012,2457,3.016408
2012,2174,2.974123
2012,2369,2.9362345
2012,736,2.9284844
2012,2641,2.9259846
2012,2990,2.8815155
2012,1205,2.8728218
2012,2657,2.862616
2012,1010,2.851567
2012,2249,2.793063
2012,3300,2.7922704
2012,1371,2.7623382
2012,2617,2.7197356
2012,3697,2.7195082
2012,2792,2.7071016
2012,2421,2.6077724
2012,1409,2.6012707
2012,2616,2.5395377
2012,168,2.5007715
2012,239,2.5006273
2012,569,2.456663
2012,3243,2.3244295
2012,719,2.3235705
2012,1831,2.2856703
2012,1461,2.276065
2012,2072,2.2731726
2012,2375,2.256237
2012,172,2.178931
2012,466,2.1599276
2012,414,2.127324
2012,2004,2.1096256
2012,2950,2.0851252
2012,1499,2.0071476
2012,2733,1.9861407
2012,419,1.8925874
2012,420,1.8656651
2012,93,1.838923
2012,173,1.8215827
2012,1359,1.7144461
2012,1882,1.6976519
2012,1474,1.6941319
2012,3268,1.3952056
2012,2392,1.3767498
3780,318,4.99844
3780,1294,4.7703876
3780,593,4.6425047
3780,924,4.6380715
3780,2947,4.5781364
3780,1625,4.54953
3780,1285,4.5050488
3780,1022,4.5024333
3780,1097,4.495244
3780,3471,4.4313135
3780,1282,4.407606
3780,2085,4.399192
3780,2528,4.3537908
3780,223,4.3072577
3780,1375,4.2640066
3780,610,4.223922
3780,2405,4.223423
3780,2294,4.2010775
3780,2393,4.1939254
3780,2148,3.9735937
3780,2163,3.89402
3780,1991,3.8793795
3780,1320,3.84399
3780,2614,3.3090148
3780,3689,3.270544
93,1198,4.404951
93,1097,3.9024878
93,1210,3.8521354
93,1073,3.7194746
93,21,3.5980647
93,2193,3.4466035
93,1375,3.3411968
93,2100,3.240631
93,3698,3.1022139
93,2167,3.0309
93,2409,2.9939475
93,2990,2.9396982
93,1688,2.9247012
93,2054,2.7276733
93,2699,2.677606
93,1320,2.6717858
93,3638,2.5570433
93,2826,2.5565963
93,1676,2.5559602
93,1479,2.3476503
93,3697,2.2402422
93,673,2.0265565
93,208,1.9409088
93,2153,1.4485414
93,2807,1.2501578
93,2818,1.1732786
5448,953,4.0082245
5448,908,3.9791155
5448,2762,3.9700253
5448,951,3.8959808
5448,1225,3.8164823
5448,3095,3.8040042
5448,1235,3.7492967
5448,914,3.737689
5448,1704,3.7273517
5448,1206,3.7262287
5448,3814,3.7034445
5448,2863,3.6269565
5448,902,3.6170359
5448,2791,3.560497
5448,3168,3.5543962
5448,3363,3.55209
5448,2730,3.4734325
5448,3739,3.4653823
5448,3668,3.464359
5448,2871,3.4155955
5448,534,3.3785045
5448,2112,3.3757505
5448,2302,3.3639479
5448,1125,3.354241
5448,2174,3.2963858
5448,1535,3.2233374
5448,952,3.2067838
5448,2291,3.204565
5448,2941,3.1553235
5448,3712,3.0980349
5448,2080,3.0358791
5448,2926,2.9866648
5448,3251,2.9836574
5448,1416,2.7864928
5448,674,1.9642103
5448,1410,1.9189639
4592,1288,4.083377
4592,1201,4.0572014
4592,2797,3.96395
4592,1387,3.9510744
4592,480,3.8395681
4592,2502,3.7866297
4592,1175,3.7666674
4592,3526,3.7553058
4592,2395,3.7358918
4592,1285,3.7171788
4592,1127,3.6995778
4592,2102,3.6026347
4592,1279,3.602292
4592,2991,3.536189
4592,2916,3.4422438
4592,2640,3.399096
4592,329,3.3958158
4592,1378,3.3715258
4592,3081,3.343939
4592,3263,3.233026
4592,2402,2.9116294
4592,2539,2.8579583
4592,153,2.8067322
4592,2532,2.6129034
4592,2643,1.8975415
4017,1230,4.293704
4017,3163,3.9576845
4017,3298,3.6515079
4017,3179,3.6475253
4017,3249,3.5406327
4017,1422,3.2570143
4017,3299,2.4717607
4353,1304,4.3715725
4353,1036,4.3658037
4353,457,4.3525224
4353,2010,4.093539
4353,2948,4.0610156
4353,3104,4.0478973
4353,480,4.0415955
4353,474,3.9914932
4353,2000,3.9716702
4353,3751,3.9296296
4353,2366,3.900224
4353,151,3.739006
4353,733,3.7088168
4353,2427,3.668888
4353,316,3.6107268
4353,368,3.528505
4353,1027,3.449327
4353,3301,3.400381
4353,552,3.3887603
4353,2735,3.3094919
4353,442,3.1487432
4353,3316,2.9550962
4018,1209,4.1193843
4018,2944,4.0973454
4018,2115,3.8214066
4018,349,3.7915158
4018,648,3.6921024
4018,1375,3.6599112
4018,2353,3.6550546
4018,2985,3.6308718
4018,1552,3.6152742
4018,1769,3.3964577
4018,2802,3.3608418
4018,1690,3.0979993
391,858,4.5392075
391,1178,4.4666734
391,2186,4.3714676
391,2210,3.8400104
391,1711,3.5228033
391,3769,3.4493551
391,1589,3.3264246
5858,318,4.6978264
5858,2731,4.5127835
5858,953,4.462565
5858,3198,4.3168774
5858,1247,4.274599
5858,1090,4.230137
5858,58,4.1803236
5858,1028,3.952775
5858,1784,3.9447632
5858,223,3.9108284
5858,1873,3.8945155
5858,2096,3.8826737
5858,2407,3.7426505
5858,2529,3.7423558
5858,1527,3.6482458
5858,2747,3.5182228
5858,2628,3.3789558
566,750,3.9303107
566,1198,3.9081073
566,1267,3.683057
566,2762,3.6333551
566,1617,3.6301556
566,3362,3.5175378
566,1222,3.4585397
566,910,3.445816
566,2186,3.380359
566,1625,3.2545183
566,1073,3.245851
566,1748,3.216036
566,2108,3.146079
566,1220,3.1166756
566,11,2.9916828
566,3255,2.9825845
566,3476,2.9772644
566,180,2.9686546
566,2273,2.954452
566,3703,2.9023104
566,2287,2.8481765
566,3809,2.845741
566,2100,2.8392363
566,2916,2.817009
566,353,2.8001695
566,2085,2.7986798
566,2105,2.7916467
566,2989,2.7865252
566,2282,2.7807379
566,2046,2.7341695
566,1883,2.7170734
566,2683,2.711375
566,2550,2.7073174
566,1282,2.7024589
566,1658,2.6211798
566,500,2.61397
566,316,2.5273607
566,1792,2.511431
566,783,2.510131
566,2826,2.4534898
566,552,2.351285
566,442,2.3443317
566,1689,2.3351836
566,2794,2.2780814
566,2088,2.2457244
566,1457,2.2245274
566,1676,1.9803803
566,464,1.7015977
566,1499,1.601802
566,880,1.5606608
566,1590,1.5438589
566,1924,1.5385511
566,2642,1.4944717
566,1760,1.3068881
4643,608,3.6140099
4643,3006,3.5818353
4643,2501,3.5185995
4643,1845,3.1786623
4643,551,3.11291
4643,190,3.064519
4643,373,3.0293891
4643,176,2.9873946
4643,1187,2.8757107
4643,1407,2.80258
4643,3745,2.6866245
4643,1909,2.651566
4643,3186,2.599637
4570,1617,4.038233
4570,1304,4.0260015
4570,1235,3.9122527
4570,2000,3.708012
4570,454,3.3480225
4570,3635,3.1293309
4570,3082,2.9821463
4570,3608,2.8858771
294,3168,3.6416166
294,2359,3.6254778
294,1042,3.2254913
294,1711,3.0949059
1930,1136,4.057653
1930,593,4.0116434
1930,1704,3.8734918
1930,356,3.8441224
1930,3949,3.813133
1930,497,3.795948
1930,924,3.7676835
1930,1219,3.7671065
1930,3159,3.6102357
1930,2716,3.604201
1930,1090,3.5737362
1930,3448,3.424455
1930,1954,3.413724
1930,1124,3.4074929
1930,2915,3.3149714
1930,1025,3.240925
1930,3247,3.103407
1930,2968,2.978653
1930,1701,2.968608
1930,1371,2.963772
1930,2097,2.919584
1930,2335,2.8103056
1930,1088,2.8058171
1930,674,2.597716
1930,2095,2.4687383
1930,5,2.4418917
1930,2051,2.253755
1930,3313,2.0827482
1930,3024,1.8328391
1930,2643,1.5895982
1930,1474,1.4232674
1930,374,1.389391
1930,2381,1.3525143
1930,2382,1.2974005
3586,1197,4.223063
3586,3095,4.094678
3586,2571,4.085839
3586,2357,4.0737104
3586,2248,3.9825444
3586,2070,3.9363031
3586,3551,3.8555484
3586,356,3.6822758
3586,1674,3.6689844
3586,1097,3.6540618
3586,3097,3.3858335
3586,948,3.2530575
3586,2398,3.133667
3586,1958,3.0756283
3586,1721,2.5851827
3586,2410,1.3933583
4802,2019,5.0248523
4802,1617,4.805895
4802,1193,4.794473
4802,1267,4.779871
4802,2067,4.655941
4802,1228,4.6261387
4802,1201,4.610647
4802,47,4.6015377
4802,1278,4.5939913
4802,599,4.5466743
4802,778,4.4654016
4802,3471,4.4566345
4802,914,4.4382906
4802,3735,4.4179244
4802,3006,4.416607
4802,3201,4.400193
4802,1238,4.365746
4802,3545,4.357446
4802,3494,4.3194633
4802,2664,4.317465
4802,2946,4.2885756
4802,1019,4.278351
4802,2366,4.2595177
4802,3549,4.258602
4802,944,4.2131505
4802,551,4.189184
4802,2096,4.183523
4802,1081,4.1729913
4802,3461,4.14854
4802,1345,4.14392
4802,2160,4.142236
4802,1032,4.122865
4802,1414,4.1225057
4802,3108,4.089696
4802,2915,4.0514045
4802,1087,4.032914
4802,1393,4.021698
4802,2702,3.7822123
4802,3036,3.7618396
4802,2105,3.7603917
4802,2533,3.677901
4802,2454,3.6541696
4802,2539,3.6462889
4802,2651,3.574675
4802,2641,3.570384
4802,835,3.5481086
4802,3257,3.4188046
4802,2586,3.1215754
4802,1804,3.1155894
4802,2616,3.0751095
4802,2408,2.823904
4802,2218,2.1522403
4802,2153,2.1408706
1209,2804,4.0706987
1209,1278,4.031952
1209,1387,3.919406
1209,1968,3.7825446
1209,1982,3.719182
1209,2243,3.7010593
1209,2150,3.6318812
1209,1958,3.6062417
1209,1297,3.5974581
1209,2987,3.560865
1209,1345,3.5031238
1209,3480,3.4748077
1209,2628,3.464599
1209,2105,3.4501681
1209,2100,3.4139657
1209,1459,3.2958977
1209,3176,3.2701159
1209,3704,3.1156926
1209,2376,3.0528584
1209,1327,2.9590323
1209,2531,2.7279317
1209,2530,2.545154
1209,1388,2.1939151
4578,2858,4.505335
4578,246,4.4245415
4578,1200,4.387942
4578,1036,4.3202696
4578,293,4.2917643
4578,1270,4.204323
4578,3362,4.186106
4578,3006,4.1815596
4578,2268,4.108965
4578,16,4.0613794
4578,223,4.0606003
4578,2716,4.0455055
4578,1584,4.0214186
4578,1215,4.0189743
4578,3060,4.0117598
4578,3448,4.0054183
4578,3386,3.9720488
4578,1396,3.963976
4578,2115,3.9466376
4578,441,3.9233577
4578,1356,3.9093895
4578,39,3.8584626
4578,3108,3.8359218
4578,1268,3.8101764
4578,1917,3.795823
4578,3250,3.7158186
4578,1459,3.7131271
4578,1407,3.7110083
4578,1799,3.7024274
4578,253,3.6960788
4578,3186,3.6425657
4578,224,3.6240144
4578,367,3.617241
4578,1399,3.60091
4578,2013,3.594204
4578,1805,3.5759063
4578,1645,3.5358539
4578,231,3.3835669
4578,3274,3.379343
4578,2320,3.3507078
4578,2369,3.259755
4578,1003,3.248815
4578,1488,3.102496
4578,479,3.1015267
4578,836,2.96856
4578,2410,2.845156
4578,1431,2.7047346
4408,1089,4.3641424
4408,1104,4.3515882
4408,1950,4.350501
4408,1361,4.350313
4408,1136,4.342832
4408,2028,4.3329487
4408,1949,4.3129983
4408,1276,4.3091655
4408,306,4.292693
4408,1291,4.277664
4408,3091,4.27354
4408,1300,4.261057
4408,3090,4.253414
4408,2067,4.246625
4408,3350,4.2261653
4408,446,4.2132626
4408,1079,4.211932
4408,936,4.1884775
4408,1231,4.178821
4408,3741,4.156665
4408,265,4.1483755
4408,1340,4.135226
4408,2303,4.107438
4408,3545,4.1016407
4408,3061,4.087934
4408,2068,4.0502563
4408,2612,4.045333
4408,534,4.0296826
4408,1936,4.008465
4408,3421,4.0040197
4408,345,3.9815073
4408,1270,3.9456902
4408,2076,3.9407086
4408,3210,3.9356923
4408,2716,3.93048
4408,3551,3.9273694
4408,2660,3.9083154
4408,3371,3.8820622
4408,948,3.864398
4408,2654,3.8592474
4408,3405,3.857501
4408,1179,3.8370273
4408,3071,3.7787592
4408,2348,3.7755911
4408,1022,3.7240152
4408,2349,3.6563613
4408,2344,3.598584
4408,2870,3.5954409
4408,3169,3.536033
4408,1298,3.5023468
4408,2403,3.4907773
4408,3586,3.4494023
4408,2015,3.4320438
4408,2941,3.393547
4408,2867,3.3899918
4408,2407,3.3067849
4408,2003,3.291729
4408,3251,3.1927981
4408,2240,3.0998962
4408,1130,3.0598378
4408,3333,3.021248
4408,3099,2.9836745
4408,1983,2.0511885
3167,1394,4.8949714
3167,1089,4.8676257
3167,1,4.7681108
3167,29,4.7534857
3167,2395,4.5586348
3167,549,4.5110083
3167,1641,4.441078
3167,1732,4.435239
3167,471,4.432118
3167,3175,4.3644943
3167,1297,4.227464
3167,1610,4.144196
3167,3608,4.001172
3167,2011,3.5553565
3167,2021,3.4595885
3167,780,3.2696302
3167,1835,3.0397818
3167,1320,2.8560743
3167,1586,2.2831764
3167,327,1.5976497
3167,1562,1.2954019
3167,66,0.9408114
5355,1221,4.109161
5355,593,4.046258
5355,1250,3.9647007
5355,1233,3.9524488
5355,1207,3.916905
5355,3095,3.8551621
5355,1247,3.854497
5355,1210,3.7784495
5355,3811,3.7572107
5355,1923,3.7213101
5355,1084,3.6554794
5355,265,3.6217833
5355,924,3.5857582
5355,3037,3.564809
5355,2662,3.5396833
5355,1580,3.4630923
5355,2366,3.4388318
5355,3396,3.4254694
5355,3219,3.412162
5355,2193,3.4052746
5355,24,3.4001093
5355,736,3.3533108
5355,2724,3.2820373
5355,2037,3.2484179
5355,2840,3.2074726
5355,2734,3.081928
3389,1198,4.1232963
3389,1242,3.8671324
3389,1358,3.8395724
3389,2804,3.833543
3389,1288,3.825019
3389,2997,3.7132962
3389,3471,3.6856222
3389,1214,3.6544557
3389,2355,3.5048025
3389,1625,3.4647095
3389,2020,3.4614627
3389,3361,3.3820977
3389,3793,3.3456054
3389,1357,3.297227
3389,3256,3.2771235
3389,553,3.2514703
3389,2912,3.2301986
3389,2291,3.220192
3389,3108,3.201318
3389,431,3.150134
3389,592,3.0625272
3389,253,3.04065
3389,2427,2.9663057
3389,2841,2.9565454
3389,2161,2.9437995
3389,3412,2.9210422
3389,3699,2.8616374
3389,2454,2.7510974
3389,3755,2.7358265
3389,1310,2.7352123
3389,112,2.7227213
3389,616,2.7064056
3389,353,2.6947474
3389,1395,2.671676
3389,2683,2.664766
3389,2001,2.5977557
3389,1339,2.5677207
3389,2046,2.561441
3389,1347,2.5199857
3389,1866,2.4895577
3389,3016,2.4387734
3389,338,2.3835425
3389,1792,2.3709574
3389,2598,2.2870438
3389,382,2.2526324
3389,1687,2.1627235
3389,196,2.0777047
3389,3697,2.037313
3389,60,2.0034869
3389,1894,1.9391671
3389,168,1.9234912
3389,366,1.8402038
3389,547,1.8396153
3389,1779,1.8030999
3389,438,1.7101954
3389,849,1.6291823
3389,2642,1.5662551
3389,2827,1.3324386
3611,318,4.69971
3611,527,4.6588025
3611,1294,4.3710527
3611,150,4.3450303
3611,480,4.3313003
3611,1246,4.283454
3611,2716,4.186416
3611,1277,4.1685395
3611,3255,4.082123
3611,1580,4.0778146
3611,1584,4.0637608
3611,377,3.9638505
3611,3723,3.9498806
3611,592,3.9362056
3611,780,3.9343326
3611,2311,3.9326363
3611,39,3.9298873
3611,1029,3.8717291
3611,1019,3.8630438
3611,2046,3.8358326
3611,2297,3.701536
1807,1198,4.465926
1807,593,4.249
1807,457,4.1125374
1807,1089,4.058073
1807,1387,3.9427702
1807,480,3.9058867
1807,1097,3.8829188
1807,3552,3.8394618
1807,32,3.7943926
1807,3039,3.7610185
1807,380,3.7448916
1807,3175,3.7156367
1807,2764,3.626264
1807,2474,3.5679913
1807,1476,3.5600123
1807,648,3.5579963
1807,514,3.5502777
1807,592,3.54669
1807,3740,3.51595
1807,112,3.4830658
1807,253,3.4812846
1807,2278,3.4599135
1807,1717,3.4237576
1807,3452,3.4170923
1807,2617,3.2523093
1807,511,2.9703083
1807,2428,2.8596017
1807,464,2.8406181
1807,3785,2.7171674
1807,2296,2.5545566
1807,2986,2.2806919
4167,858,4.508133
4167,1197,4.325587
4167,111,4.2739944
4167,2324,4.266567
4167,1262,4.2569633
4167,1260,4.2177467
4167,2300,4.155115
4167,3462,4.1395464
4167,2997,4.096096
4167,1080,4.0920734
4167,1387,4.0751543
4167,1097,4.065269
4167,1307,4.0576944
4167,1294,4.0306225
4167,1,3.9789393
4167,3551,3.975466
4167,3416,3.963941
4167,2966,3.9638746
4167,3363,3.9354315
4167,1214,3.9161654
4167,1179,3.8873777
4167,2791,3.8768997
4167,1265,3.7845912
4167,2395,3.7764015
4167,474,3.7537332
4167,3681,3.7137535
4167,2278,3.6427605
4167,2000,3.6013741
4167,3763,3.486309
4167,3809,3.4267445
4167,2640,3.3892498
4167,3699,3.33513
4167,1375,3.3270993
4167,288,3.242476
4167,2393,3.0145288
4167,89,2.6868224
4167,185,2.5017378
4167,208,2.2754517
4167,1562,2.12228
4167,736,2.1151628
4167,1556,1.9965329
4167,2643,1.6670105
4167,2412,1.514127
2330,1198,3.9246423
2330,1240,3.606131
2330,1387,3.4890199
2330,3868,3.3179812
2330,1270,3.2893872
2330,1259,3.2814896
2330,2662,3.1900735
2330,1077,3.0683537
2330,2117,2.9368992
2330,2529,2.9299488
2330,661,2.8162344
2330,3871,2.7965941
2330,2393,2.6350112
496,593,4.711501
496,3000,4.541111
496,2208,4.534889
496,733,4.494822
496,1199,4.4531107
496,2761,4.394456
496,3624,4.315852
496,3450,4.159651
496,533,3.6811645
1132,296,4.9610043
1132,1197,4.8601694
1132,541,4.7313457
1132,1287,4.718501
1132,1199,4.630991
1132,2080,4.4828806
1132,3702,4.464869
1132,1653,4.437294
1132,3034,4.41743
1132,1396,4.3661904
1132,2161,4.333248
1132,2011,4.3296847
1132,2985,4.2099967
1132,1591,3.8720958
1132,434,3.8602185
1132,3438,3.6308148
1132,2986,3.5155025
3760,50,4.3900776
3760,1283,4.328389
3760,2028,4.3121953
3760,1036,4.1572714
3760,1944,4.059966
3760,3062,4.004672
3760,2921,3.986833
3760,3654,3.9741592
3760,1663,3.9186296
3760,380,3.8411841
3760,2160,3.8378034
3760,223,3.754393
3760,151,3.7426658
3760,2649,3.7219133
3760,1347,3.7047873
3760,21,3.6760788
3760,2013,3.6383686
3760,2021,3.6296005
3760,3441,3.622336
3760,879,3.6104093
3760,1589,3.5493138
3760,1371,3.5350118
3760,3827,3.5278654
3760,1377,3.470627
3760,105,3.383161
3760,2535,3.3178492
3760,220,3.2443814
3318,1945,4.49728
3318,750,4.487441
3318,908,4.4844885
3318,1283,4.299394
3318,1931,4.092905
711,3089,4.439065
711,3022,4.4194336
711,2762,4.368964
711,1214,4.1887665
711,3629,4.183155
711,1307,4.140306
711,1185,3.9703352
711,3072,3.8577483
711,1721,3.8373284
711,3159,3.8204937
711,1994,3.7235887
711,1354,3.7154763
711,934,3.65478
711,648,3.5127122
711,2065,3.4896398
711,1645,3.4777303
711,3176,3.2488923
2380,1196,4.185568
2380,246,4.0731688
2380,47,3.992826
2380,17,3.92853
2380,356,3.9268684
2380,589,3.9189098
2380,3210,3.9145334
2380,590,3.8890774
2380,3386,3.806391
2380,1094,3.774961
2380,474,3.7734156
2380,2302,3.75962
2380,161,3.7387185
2380,2890,3.7373748
2380,553,3.7161238
2380,480,3.654997
2380,3608,3.5819583
2380,14,3.5817053
2380,3298,3.4858263
2380,62,3.4707437
2380,2001,3.443419
2380,2141,3.4381166
2380,1061,3.4097033
2380,2134,3.369761
2380,450,3.2999837
2380,2683,3.281513
2380,2262,3.1408625
2380,2724,3.0709033
2380,2054,3.033748
2380,1541,2.6442542
2380,2497,2.5904539
2380,3453,2.5248816
2380,208,2.407935
2380,3705,2.35414
2380,3938,1.8253946
5413,1147,4.483562
5413,678,4.4584255
5413,3470,4.4526744
5413,608,4.4472566
5413,1259,4.3960595
5413,3741,4.3558393
5413,1210,4.345299
5413,589,4.3362837
5413,3578,4.308098
5413,1673,4.1987424
5413,3408,4.1099634
5413,2706,4.1050167
5413,1641,4.0981746
5413,1994,4.0805144
5413,3794,3.8472345
5413,1589,3.8100991
5413,2021,3.7303565
5413,2617,3.6955822
5413,434,3.6918683
5413,2712,3.5656981
3757,2571,4.801361
3757,1132,4.6711826
3757,1242,4.6335306
3757,2858,4.551456
3757,356,4.5088415
3757,2289,4.468888
3757,2791,4.455703
3757,1089,4.4433804
3757,32,4.384494
3757,902,4.3321857
3757,161,4.3229227
3757,2139,4.290553
3757,1408,4.288151
3757,1608,4.267797
3757,3256,4.2637644
3757,1374,4.234661
3757,2890,4.0807786
3757,7,4.0632386
3757,2640,4.054038
3757,1620,4.053481
3757,225,4.037078
3757,2112,3.895621
3757,707,3.8563952
3757,3316,3.6438751
3757,3841,3.6000042
2684,318,4.3866177
2684,1208,4.1633606
2684,1256,4.0922484
2684,1189,4.0464563
2684,446,3.8563087
2684,36,3.808127
2684,2248,3.796126
2684,1265,3.7714748
2684,2599,3.7596521
2684,1277,3.6995368
2684,475,3.6973767
2684,1674,3.6959972
2684,1357,3.480506
2684,2291,3.4708042
2684,342,3.470726
2684,3260,3.416026
2684,3556,3.326197
2684,2140,3.295834
2684,39,3.0686984
2684,1959,2.9050715
2684,367,2.7737267
2684,3285,2.0855641
2022,318,4.4123116
2022,750,4.3865166
2022,593,4.2730994
2022,953,4.258625
2022,1249,4.044162
2022,1617,4.016937
2022,3897,3.9997416
2022,1923,3.9525528
2022,587,3.947515
2022,3527,3.825174
2022,3203,3.7743309
2022,6,3.73363
2022,3301,3.6711059
2022,648,3.671085
2022,3555,3.6321244
2022,1639,3.5830357
2022,595,3.5140858
2022,3176,2.9479516
1288,1131,4.189748
1288,800,3.9439242
1288,1270,3.9152105
1288,3363,3.8914402
1288,2686,3.852448
1288,1419,3.8263502
1288,3222,3.8147054
1288,2745,3.7660313
1288,1955,3.7425175
1288,1594,3.6841323
1288,892,3.6778307
1288,2690,3.6479678
1288,3011,3.624503
1288,2125,3.5633721
1288,233,3.5056858
1288,3219,3.424234
5847,912,4.7285595
5847,1284,4.7122197
5847,953,4.6599655
5847,1197,4.6091256
5847,296,4.600608
5847,924,4.5585113
5847,457,4.552868
5847,293,4.4093084
5847,2336,4.3996716
5847,480,4.302239
5847,440,4.269152
5847,1732,4.154896
5847,1101,4.139496
5847,3087,4.1308403
5847,1374,4.1245823
5847,1297,4.0513306
5847,2371,4.0248146
5847,3591,3.995887
5847,2012,3.9823768
5847,1552,3.97788
5847,2046,3.9673321
5847,2826,3.964408
5847,1676,3.9339228
5847,1372,3.9122977
5847,2539,3.9055226
5847,999,3.8878086
5847,367,3.87564
5847,236,3.8406994
5847,1371,3.7959397
5847,5,3.778757
5847,736,3.7627602
5847,1438,3.7212825
5847,379,3.6149344
5847,327,3.5567045
5847,153,3.5235634
5847,2379,3.474622
5847,2382,3.0567696
2862,1221,4.465913
2862,1299,4.3445206
2862,110,4.2432127
2862,1225,4.235944
2862,914,4.1748238
2862,1947,4.1110487
2862,1259,4.0648975
2862,3929,4.0552387
2862,2797,4.0297384
2862,1035,3.923671
2862,3635,3.4259434
2862,3101,3.3012874
4150,858,4.0980644
4150,1304,3.9687738
4150,1276,3.9444466
4150,1272,3.9136877
4150,2788,3.8699155
4150,2028,3.8171527
4150,2918,3.78334
4150,1294,3.7815309
4150,1201,3.7442317
4150,3114,3.7224498
4150,1387,3.706973
4150,47,3.6920657
4150,3256,3.5545063
4150,1962,3.5369716
4150,161,3.5074458
4150,104,3.4771554
4150,1012,3.4755774
4150,1019,3.4718862
4150,1923,3.4258687
4150,3793,3.4216928
4150,333,3.4111822
4150,1672,3.3992257
4150,3653,3.3925524
4150,2140,3.3754964
4150,2991,3.3448946
4150,1620,3.317625
4150,1390,3.2457657
4150,2889,3.1770275
4150,3274,3.163065
4150,1587,3.1611598
4150,2420,3.1540709
4150,2628,3.1425438
4150,3441,3.1343086
4150,344,3.1250076
4150,376,3.0991635
4150,2560,3.0932717
4150,2476,3.0021808
4150,2617,2.9892128
4150,379,2.81942
4150,1468,2.3879795
2092,1197,4.2423077
2092,1172,4.2052107
2092,111,4.1552196
2092,1949,4.1517386
2092,1263,4.149444
2092,1953,4.1232557
2092,1230,4.0116625
2092,1963,4.010441
2092,949,3.9745445
2092,1245,3.971222
2092,1079,3.966324
2092,1931,3.965385
2092,1080,3.9649196
2092,2132,3.9632282
2092,3088,3.9557838
2092,1387,3.9462254
2092,2728,3.9067843
2092,2130,3.9055104
2092,1258,3.8935108
2092,101,3.87434
2092,3384,3.8598285
2092,3421,3.8300152
2092,1938,3.827411
2092,1177,3.8170838
2092,2948,3.8166463
2092,589,3.7868128
2092,3521,3.7846327
2092,2355,3.7740011
2092,1948,3.7684004
2092,1078,3.7550695
2092,1962,3.7549896
2092,1957,3.7465644
2092,1282,3.7277682
2092,1125,3.672368
2092,1180,3.6388822
2092,1094,3.6260586
2092,3108,3.6096284
2092,934,3.6042604
2092,2096,3.5922098
2092,3724,3.56632
2092,1610,3.5544033
2092,2174,3.5413604
2092,349,3.514286
2092,976,3.5004373
2092,3685,3.4928415
2092,2987,3.491659
2092,1584,3.4661446
2092,3461,3.4398975
2092,2870,3.4240103
2092,1701,3.3548431
2092,2941,3.30395
2092,2145,3.2913737
2092,2518,3.2905455
2092,610,3.2835174
2092,2527,3.2711532
2092,1042,3.2622256
2092,3033,3.2263386
2092,2058,3.166032
2092,2246,3.054516
2092,2764,3.0334396
2092,10,2.977715
2092,3375,2.9160438
2092,1371,2.879097
2092,3937,2.698915
2092,2468,2.617287
2092,586,2.60628
2092,3688,2.4894276
2092,2082,2.226691
2092,3841,2.1995559
2092,485,1.9981092
146,1283,4.3203907
146,3897,4.2585897
146,3578,4.2311482
146,1939,4.184652
146,3334,4.1421185
146,1303,4.1368256
146,2396,4.0356894
146,265,4.003494
146,1231,3.9771166
146,1245,3.9695525
146,3471,3.9436285
146,920,3.9113195
146,3552,3.879334
146,290,3.826396
146,3424,3.8228004
146,866,3.8168294
146,1466,3.8073816
146,3418,3.7967443
146,1032,3.7885387
146,2181,3.7236223
146,1057,3.7074852
146,2406,3.5906777
146,3763,3.5535722
146,85,3.5134714
146,3639,3.4947476
146,3699,3.3586576
146,1566,3.3107877
146,2657,3.2833395
146,1722,3.2454534
146,468,3.207251
146,1135,3.0539246
146,1088,3.0488677
1745,2959,4.0341496
1745,2916,3.8408914
1745,1678,3.793826
1745,3005,3.5870466
1745,2881,3.5816033
1745,3623,3.5722022
1745,2394,3.5523534
1745,2976,3.526201
1745,2840,3.418343
1745,3176,3.0501482
5657,1617,4.4854207
5657,1704,4.447412
5657,1956,4.381615
5657,800,4.38132
5657,1,4.356557
5657,1097,4.3477592
5657,2268,4.2986517
5657,3256,4.2129154
5657,1907,4.1676717
5657,3386,4.154212
5657,3052,4.138772
5657,1921,4.1286564
5657,588,4.1020966
5657,648,4.0681725
5657,2763,4.049991
5657,1042,3.9688911
5657,377,3.9293566
5657,1049,3.9291112
5657,543,3.9290454
5657,1835,3.8781111
5657,1573,3.869442
5657,2628,3.8677163
5657,1093,3.7900727
5657,48,3.6994216
5657,1320,3.5433316
5657,2699,3.532449
5573,1196,4.204629
5573,953,4.1024175
5573,1269,4.09581
5573,1280,4.008317
5573,232,3.9875064
5573,920,3.9580536
5573,994,3.958007
5573,3362,3.93925
5573,1188,3.901126
5573,272,3.7204776
5573,2069,3.710556
5573,1956,3.7073326
5573,2349,3.644001
5573,2475,3.5651548
5573,1244,3.5013373
5573,3424,3.4328773
5573,3106,3.4121246
5519,1104,4.031753
5519,1272,3.9797482
5519,1304,3.8734343
5519,1235,3.7829452
5519,1210,3.7152247
5519,778,3.7063334
5519,1246,3.6992354
5519,345,3.6491706
5519,2677,3.6368973
5519,3363,3.621356
5519,1610,3.6130643
5519,1275,3.5769994
5519,440,3.554096
5519,2390,3.4766748
5519,1580,3.46682
5519,1441,3.1215498
5519,1346,3.1029246
5519,2405,3.0979989
5519,3701,3.0369878
5519,592,2.9913492
5519,3,2.9173698
5519,2012,2.8916533
5519,3477,2.859973
5519,1327,2.6858914
5519,2091,2.6806507
5519,1590,2.5252588
5519,3385,2.357208
5519,2456,2.179759
5576,1304,4.493826
5576,2947,4.346331
5576,1270,4.3371606
5576,940,4.1791224
5576,2763,4.1203985
5576,918,4.1103787
5576,3668,4.032604
5576,2858,4.0248194
5576,2105,3.9693139
5576,2690,3.9596238
5576,2987,3.9517846
5576,1029,3.9376922
5576,367,3.8974667
5576,329,3.8819723
5576,2376,3.8057117
5576,3584,3.7683032
5576,1081,3.7338696
5576,3157,3.652536
5576,3489,3.650845
5576,3701,3.6188552
5576,3053,3.6118603
5576,709,3.578564
5576,2017,3.565103
5576,2092,3.4842772
5576,3401,3.4686399
5576,466,3.364443
5576,2643,3.0916338
5709,1617,4.304373
5709,1304,4.247438
5709,1291,4.162466
5709,1206,4.104685
5709,1997,4.051324
5709,3256,3.8301225
5709,3639,3.6439075
5709,2058,3.600892
5709,2174,3.5771866
5709,2363,3.414435
5709,2990,3.1768413
5709,31,3.05033
2288,2019,4.501506
2288,260,4.4230804
2288,1198,4.415612
2288,904,4.392683
2288,1208,4.322139
2288,2858,4.300462
2288,3730,4.274895
2288,1104,4.24149
2288,1221,4.22659
2288,930,4.1532803
2288,1217,4.123858
2288,3629,4.12038
2288,1304,4.1122046
2288,2997,4.0786867
2288,1222,4.076223
2288,919,4.035554
2288,1340,4.014927
2288,1258,4.004931
2288,1077,3.9630322
2288,2966,3.913749
2288,1095,3.831318
2288,2951,3.8061366
2288,6,3.7635884
2288,3451,3.6242752
2288,2396,3.6045377
2288,25,3.527687
2288,1215,3.4899712
2288,3421,3.4595103
2288,3384,3.3791888
2288,1784,3.0658278
2288,1777,2.8465111
2288,39,2.820468
2288,2145,2.5861483
2288,377,2.434412
2288,1645,2.416696
2288,7,2.082492
2288,516,2.0083861
2288,2012,1.9748063
2288,552,1.9290645
2288,3489,1.8335104
2288,2532,1.8298705
2288,122,1.768333
2288,1667,1.7363603
2288,586,1.7299122
2288,2142,1.6598525
2288,736,1.5820193
2288,880,1.5344701
2288,2548,1.4543986
2288,2953,1.3098435
2288,3438,1.3094808
2288,455,1.2385359
2288,19,1.1809738
2288,160,1.1593988
5675,527,4.7436714
5675,858,4.5632415
5675,3114,4.320242
5675,3811,4.2289085
5675,714,4.1994576
5675,947,4.1715918
5675,17,4.1433897
5675,1625,4.09675
5675,1080,4.066517
5675,2071,4.058398
5675,1408,4.038659
5675,3551,4.0237727
5675,3135,4.021302
5675,1348,4.0182734
5675,380,3.9505348
5675,1639,3.9402337
5675,3751,3.910602
5675,2391,3.9039984
5675,500,3.8131225
5675,1527,3.8024454
5675,780,3.792303
5675,2596,3.7762132
5675,2353,3.7295535
5675,2436,3.7106068
5675,1615,3.7042394
5675,43,3.7040308
5675,2002,3.6609097
5675,3734,3.6381319
5675,2490,3.6358895
5675,1711,3.5510705
5675,2881,3.534465
5675,2245,3.5066125
5675,494,3.4803047
5675,1876,3.4634078
5675,1783,3.4304564
5675,1616,3.3104234
5675,1792,3.1469817
5675,2322,3.129595
5675,1598,3.1041088
5675,3389,3.064199
5675,2008,2.9949481
5675,132,2.9878116
5675,836,2.9257345
5675,1887,2.9030697
2164,527,4.5971155
2164,1197,4.439966
2164,1217,4.3330493
2164,3114,4.2400393
2164,1263,4.1939774
2164,2067,4.1748877
2164,1288,4.1289024
2164,2919,4.0319357
2164,1275,4.027979
2164,2662,4.000492
2164,1997,4.0004435
2164,1222,3.9904776
2164,3135,3.9809694
2164,589,3.925918
2164,3420,3.919787
2164,3071,3.9077673
2164,3654,3.893943
2164,3168,3.8816006
2164,2529,3.8754745
2164,2890,3.864379
2164,1957,3.8528237
2164,1350,3.8002262
2164,2988,3.7763839
2164,3948,3.7659917
2164,2476,3.6976259
2164,1918,3.6801572
2164,21,3.6647837
2164,316,3.6599152
2164,2097,3.6583672
2164,1792,3.641389
2164,454,3.6389194
2164,282,3.5855904
2164,329,3.5718694
2164,361,3.5706353
2164,170,3.5665314
2164,163,3.5632138
2164,494,3.5617354
2164,2789,3.5485048
2164,2002,3.535997
2164,3834,3.4658566
2164,2527,3.4420547
2164,2517,3.4305727
2164,2411,3.420133
2164,2402,3.355925
2164,464,3.2938673
2164,2986,3.2760797
2164,2531,3.252241
2164,1499,3.2120564
2164,2269,3.2018933
2164,2451,3.195689
2164,3208,3.1927495
2164,455,3.1284056
2164,1969,3.0995388
2164,1882,2.7433438
5888,1247,4.5602713
5888,1449,4.4856644
5888,527,4.4511495
5888,556,4.4347095
5888,910,4.421577
5888,1307,4.347679
5888,3424,4.32979
5888,1291,4.280791
5888,1269,4.2738333
5888,3507,4.2594547
5888,1281,4.2229843
5888,3421,4.2186875
5888,32,4.216882
5888,1387,4.210164
5888,1265,4.180487
5888,1220,4.1564484
5888,215,4.1234627
5888,2137,4.117267
5888,1282,4.073413
5888,2078,4.0634103
5888,2872,4.0548263
5888,1641,4.026161
5888,1081,4.0003204
5888,223,3.9883358
5888,1344,3.9768655
5888,1057,3.8989477
5888,3062,3.863709
5888,2018,3.825409
5888,2150,3.7760594
5888,1022,3.6378064
5888,11,3.615252
5888,3448,3.4213285
5888,3159,3.4081051
5888,3040,3.305047
5888,3524,3.1618626
5888,2301,3.1262324
5888,344,2.7968197
5888,2671,2.654711
5888,2054,2.652421
5888,2297,2.565213
5888,3033,2.542533
5888,3,2.5200853
5888,2369,2.510822
5888,3235,2.432688
5888,585,2.3193448
5888,317,2.309094
5888,2374,2.2824275
5888,1339,2.1929514
5888,1642,2.1804614
5888,2126,2.1031473
5888,719,2.0969293
5888,2316,2.0639162
5888,2616,2.0220814
5888,2418,1.998656
5888,2095,1.9915851
5888,2794,1.9873799
5888,1064,1.9727354
5888,2255,1.9290068
5888,3254,1.8482366
5888,429,1.7349067
5888,2961,1.692629
5888,2060,1.6806988
5888,153,1.388085
5888,1855,1.1477137
5888,1359,1.0288292
3791,2686,3.95597
3791,337,3.8069577
3791,1183,3.6234787
3791,1621,2.9352221
3791,1733,2.318397
4738,1204,4.2163525
4738,1299,4.0937986
4738,1234,4.0197525
4738,1242,3.9085197
4738,1945,3.875177
4738,1201,3.8020823
4738,2863,3.7651343
4738,1207,3.7296371
4738,3634,3.713645
4738,1022,3.6494527
4738,2987,3.5177772
4738,1282,3.5067205
4738,3521,3.476665
4738,1078,3.463101
4738,1230,3.414007
4738,942,3.409957
4738,2662,3.366294
4738,2871,3.3349657
4738,920,3.2920337
4738,3494,3.2865586
4738,3199,3.021474
4738,534,2.9451532
2360,2987,3.46221
2360,837,3.3857677
2360,2520,2.809062
2360,3439,1.1493285
4705,1242,4.3610196
4705,933,4.3535347
4705,1246,4.2234144
4705,356,4.214323
4705,1,4.211746
4705,2959,4.2067327
4705,11,4.1449337
4705,1099,4.112239
4705,838,4.0770483
4705,553,4.059074
4705,595,4.0499773
4705,300,4.049576
4705,1683,3.9571347
4705,3461,3.917387
4705,1343,3.9125013
4705,3252,3.8565907
4705,2916,3.8552353
4705,3253,3.8074431
4705,1758,3.8029497
4705,1047,3.7760618
4705,163,3.7696915
4705,253,3.706439
4705,2875,3.629747
3684,1198,4.9415803
3684,260,4.844918
3684,589,4.6468053
3684,1953,4.61654
3684,1220,4.4338574
3684,3527,4.3755136
3684,2763,4.350144
3684,2000,4.303999
3684,1093,4.0651155
3684,2427,3.964859
3684,3615,3.9613109
3684,2676,3.939873
3684,2724,3.6002865
3684,2699,3.5500066
3684,2188,3.547945
3684,2369,3.2416136
5281,1224,4.6635766
5281,1196,4.5608916
5281,2804,4.5035076
5281,3359,4.43987
5281,1394,4.36074
5281,3363,4.3342075
5281,2797,4.325243
5281,1266,4.308887
5281,2745,4.2536583
5281,480,4.2279577
5281,2921,4.1929097
5281,3072,4.178384
5281,1721,4.125072
5281,1408,4.0840316
5281,3167,3.984891
5281,3255,3.9642758
5281,3108,3.9611611
5281,2640,3.9502528
5281,3111,3.9488513
5281,2371,3.8688774
5281,2474,3.8273478
5281,2407,3.7496467
5281,1375,3.739573
5281,339,3.6996531
5281,3263,3.4925854
5281,1377,3.4333491
5281,788,3.427459
5281,2802,3.40013
5281,195,3.358098
5281,3254,3.3444693
5281,3697,3.0680625
5281,2642,2.5685012
5070,318,4.5899253
5070,858,4.539185
5070,1198,4.447591
5070,1250,4.422583
5070,1945,4.397835
5070,1233,4.360897
5070,1247,4.3564653
5070,296,4.342587
5070,1242,4.238843
5070,910,4.2114983
5070,2959,4.1537037
5070,2352,3.974877
5070,356,3.941591
5070,1220,3.9271832
5070,2391,3.8534143
5070,1285,3.8505595
5070,2243,3.8503535
5070,3060,3.846183
5070,2797,3.8278131
5070,3448,3.795119
5070,1188,3.785428
5070,3108,3.7425396
5070,6,3.7407327
5070,1916,3.7270637
5070,551,3.7216892
5070,206,3.7015111
5070,3499,3.6774845
5070,1186,3.6577682
5070,141,3.5947137
5070,2278,3.5470753
5070,2140,3.5429173
5070,1395,3.523353
5070,1454,3.386445
5070,1527,3.380622
5070,3101,3.2686713
5070,468,3.2676108
5070,3253,3.1072872
5070,480,3.0002873
5070,1088,2.8842635
5070,371,2.8783355
5070,3441,2.8456123
5070,344,2.7498016
5070,370,2.5259342
5070,19,2.3588686
5070,1377,2.2901206
5070,813,1.7772263
5070,3802,1.2565123
3049,1221,4.574284
3049,942,4.4239254
3049,58,4.321982
3049,3097,4.312444
3049,1296,4.211487
3049,1344,4.1973066
3049,1357,4.133857
3049,2080,4.1050024
3049,900,4.083463
3049,3072,4.0322523
3049,3479,3.9847326
3049,1684,3.9344854
3049,85,3.6846907
1941,2186,4.1100106
1941,1927,4.017524
1941,1197,3.9840114
1941,1284,3.954982
1941,2300,3.883614
1941,110,3.8220272
1941,1201,3.8165898
1941,3160,3.797599
1941,497,3.7941525
1941,2948,3.7866998
1941,2791,3.7789974
1941,1267,3.7642794
1941,1947,3.7493477
1941,2565,3.7253304
1941,1046,3.7176793
1941,2947,3.70942
1941,1641,3.7018166
1941,1249,3.6988156
1941,1246,3.6932464
1941,3475,3.6921551
1941,2983,3.6666465
1941,1288,3.6505024
1941,1032,3.6290817
1941,2212,3.6279914
1941,1127,3.6124668
1941,2160,3.6104913
1941,3549,3.606069
1941,595,3.6045308
1941,628,3.581272
1941,1092,3.5698318
1941,524,3.559526
1941,104,3.5055058
1941,780,3.4992995
1941,3298,3.4951763
1941,1682,3.4923694
1941,2857,3.4871595
1941,3466,3.4814744
1941,2167,3.4643877
1941,3244,3.4604595
1941,2344,3.4592428
1941,901,3.458529
1941,3204,3.4517634
1941,2150,3.4471278
1941,2989,3.441616
1941,3230,3.4292624
1941,3153,3.4254184
1941,616,3.4082563
1941,351,3.3949566
1941,2599,3.392262
1941,1957,3.390955
1941,531,3.3863986
1941,1227,3.379419
1941,671,3.37255
1941,647,3.3698606
1941,3729,3.3668776
1941,2707,3.3633475
1941,3040,3.3456604
1941,348,3.343237
1941,2140,3.3341298
1941,2078,3.3286264
1941,2437,3.3258214
1941,1290,3.3217566
1941,2663,3.3135335
1941,2205,3.3123965
1941,3081,3.3117204
1941,3658,3.3108177
1941,235,3.3034482
1941,1660,3.2979994
1941,3635,3.2967377
1941,1345,3.2966447
1941,799,3.2877145
1941,1042,3.280928
1941,2539,3.2756996
1941,2664,3.2756383
1941,1396,3.2733355
1941,2185,3.2683938
1941,2391,3.2647195
1941,3308,3.261194
1941,2785,3.2546275
1941,2683,3.233444
1941,1282,3.2250881
1941,2647,3.2220361
1941,3769,3.219304
1941,2519,3.2141066
1941,2942,3.206045
1941,3699,3.2047763
1941,2294,3.1995125
1941,1339,3.19802
1941,2676,3.187554
1941,1370,3.1784105
1941,2772,3.1644688
1941,3115,3.1504583
1941,76,3.1381743
1941,3099,3.1313577
1941,1010,3.1171322
1941,3254,3.0959878
1941,1769,3.0868065
1941,2659,3.0863543
1941,2457,3.0836425
1941,1614,3.076443
1941,2110,3.0738716
1941,2367,3.0655472
1941,674,3.0323045
1941,661,3.0256596
1941,1970,3.0168796
1941,442,3.0145395
1941,2796,3.0117326
1941,1805,2.9769282
1941,3693,2.9689066
1941,2320,2.9558897
1941,2,2.9454927
1941,1711,2.9423766
1941,3732,2.9329004
1941,1616,2.9322383
1941,1762,2.9294055
1941,3497,2.9249468
1941,2783,2.9158795
1941,3388,2.903023
1941,3194,2.9019833
1941,1792,2.8945668
1941,195,2.8865197
1941,3830,2.8506715
1941,1713,2.8486347
1941,3600,2.8467486
1941,1432,2.8432863
1941,275,2.784974
1941,1593,2.7475588
1941,3764,2.7395656
1941,23,2.736336
1941,2032,2.7263064
1941,1021,2.7254763
1941,1341,2.7247245
1941,240,2.719263
1941,2364,2.7078385
1941,434,2.6828322
1941,2898,2.6820674
1941,548,2.658249
1941,2339,2.6568553
1941,1655,2.5808246
1941,3674,2.5629504
1941,2713,2.5380461
1941,637,2.5241084
1941,173,2.5050433
1941,2306,2.481532
1941,2733,2.4405856
1941,833,2.4343762
1941,1590,2.391207
1941,880,2.356398
1941,2568,2.225775
1941,3313,2.1350389
1941,1602,2.1195765
1941,3673,2.1189938
1941,742,1.9929056
1941,2868,1.9312569
1941,1126,1.9205564
1941,2315,1.8649379
1941,1984,1.851047
1941,1720,1.844077
1941,3238,1.8399252
1941,3663,1.7827156
1941,2462,1.7759986
1941,1335,1.7668762
1941,3393,1.6992025
1941,1979,1.6784203
1941,2552,1.5653726
1941,2380,1.4933692
1941,2818,1.2857252
5584,1997,4.1418314
5584,2644,3.9491723
5584,2160,3.9251306
5584,261,3.7688758
5584,309,3.760825
5584,253,3.62522
5584,2553,3.6099026
5584,2651,3.3468738
777,2571,3.2579765
777,1225,3.1016328
777,508,2.9747248
777,1240,2.936874
777,110,2.924045
777,529,2.9194343
777,608,2.8839936
777,1275,2.8740497
777,11,2.7763429
777,2470,2.7677786
777,653,2.7574682
777,1302,2.7510905
777,2321,2.7436275
777,349,2.729415
777,1909,2.7151713
777,3256,2.700335
777,2174,2.6963823
777,1033,2.6759105
777,2134,2.6753628
777,2085,2.6624954
777,1663,2.658981
777,2006,2.623995
777,595,2.6232076
777,896,2.621166
777,1694,2.575991
777,3397,2.5708754
777,3608,2.545593
777,1608,2.5409427
777,543,2.535954
777,520,2.5321484
777,2000,2.528145
777,339,2.5148501
777,204,2.5007985
777,2723,2.491834
777,1515,2.4719315
777,59,2.4629505
777,2985,2.4619873
777,2410,2.4602923
777,1911,2.4514005
777,2617,2.4328022
777,1027,2.4273674
777,455,2.406426
777,3398,2.3842328
777,423,2.3829103
777,2641,2.3783937
777,368,2.3649561
777,2471,2.3649201
777,1876,2.334433
777,3386,2.3186343
777,829,2.300034
777,2710,2.2989495
777,485,2.2451782
777,2354,2.228736
777,2643,2.2247362
777,1991,2.2221243
777,3190,2.2081444
777,1562,2.1478224
777,2525,2.046102
777,466,1.9985944
777,255,1.9914238
777,3268,1.7802587
777,2004,1.7707171
2351,2973,3.8580976
2351,1954,3.791131
2351,1188,3.5996845
2351,515,3.593769
2351,1897,3.4874892
2351,2291,3.4658704
2351,1958,3.3959846
2351,1393,3.3293753
2351,3174,3.273079
2351,2321,3.177166
2351,1909,2.953811
2351,2803,2.5948658
2351,2316,2.3869448
2351,429,2.0894551
2351,1410,2.0439487
928,527,4.8278275
928,1104,4.794073
928,1288,4.601942
928,293,4.5902185
928,2973,4.5674133
928,1952,4.54344
928,457,4.5181766
928,2997,4.398571
928,2070,4.3876696
928,1245,4.3620105
928,1185,4.3495226
928,2871,4.327881
928,2333,4.282484
928,2750,4.214283
928,2355,4.190383
928,3678,4.1793594
928,2952,4.127512
928,2065,4.0677366
928,1962,3.9609628
928,52,3.9368215
928,3169,3.8803031
928,1480,3.7958632
2922,1198,5.110212
2922,589,4.747766
2922,2115,4.671399
2922,594,4.6103
2922,552,4.2995753
2922,2533,4.2491136
2922,1377,3.9388258
1301,1203,4.3500967
1301,1234,4.3156643
1301,1213,4.254408
1301,1172,4.2466726
1301,1259,4.0812364
1301,2067,4.0581064
1301,1960,4.0455275
1301,1307,3.9980798
1301,1387,3.9911115
1301,1610,3.8680081
1301,3104,3.8321419
1301,3175,3.8262408
1301,592,3.7242343
1301,920,3.7002316
1301,1393,3.6949077
1301,417,3.6593938
1301,477,3.5631018
1301,2443,3.5581908
1301,1290,3.5210524
1301,2657,3.4736428
1301,1127,3.442488
1301,1339,3.38763
1301,2,3.2103999
1301,3704,3.0901635
1301,273,2.9325893
1301,2616,2.8512118
3742,1288,4.1747293
3742,1270,4.0495768
3742,1219,4.017015
3742,1089,3.8270261
3742,1968,3.6993356
3742,2335,3.632718
3742,2447,3.4057736
3742,818,3.2292242
3742,2004,3.1496038
5308,593,4.064907
5308,1210,3.7543194
5308,3404,3.2067032
3020,3435,4.4237466
3020,923,4.3481364
3020,969,4.3277984
3020,905,4.2997627
3020,1196,4.2538576
3020,3730,4.221679
3020,1230,4.201975
3020,945,4.1499834
3020,111,4.149799
3020,1944,4.132796
3020,914,4.116498
3020,1231,4.083583
3020,2612,4.0488
3020,1938,3.9754114
3020,3545,3.9407735
3020,34,3.8401234
3020,523,3.742096
3020,2502,3.695841
2167,329,2.6489804
2167,196,2.6301656
2167,426,2.5619893
2167,3701,2.545279
2167,1373,2.5162396
2167,3833,2.3833764
2167,1591,2.3242295
2167,3300,2.267645
2167,611,2.2613504
2167,2656,2.2602506
2167,2900,2.2332075
2167,2011,2.1839743
2167,1391,2.1713665
2167,435,2.1570165
2167,788,2.1486168
2167,332,2.0698977
2167,2658,2.0287092
2167,2808,1.9021997
2167,1720,1.8679395
2167,3664,1.7323344
2167,2643,1.5722287
2226,457,3.9115858
2226,3006,3.8737545
2226,1,3.8241131
2226,1500,3.6174617
2226,3105,3.5339246
2226,21,3.3781695
2226,1580,3.3589935
2226,1518,3.32374
3105,589,4.291957
3105,1097,4.2252145
3105,2455,3.9704533
3105,316,3.920017
3105,2665,3.905919
3105,3698,3.8289056
3105,1037,3.503978
3105,2053,3.407436
3105,1320,3.352754
3105,2643,3.2536507
1194,260,4.298847
1194,593,4.1766305
1194,923,4.1711807
1194,1199,4.054106
1194,1208,4.053981
1194,1358,4.0331993
1194,1291,4.010197
1194,2357,3.9742546
1194,1036,3.9687424
1194,3147,3.9506094
1194,2686,3.8515255
1194,1625,3.848323
1194,17,3.8380342
1194,1387,3.792606
1194,562,3.7864351
1194,2333,3.7762809
1194,1060,3.7612674
1194,3552,3.7545083
1194,1639,3.6640675
1194,1914,3.6626956
1194,1380,3.6611125
1194,515,3.6434312
1194,300,3.6203768
1194,1885,3.6065357
1194,3100,3.6005938
1194,2436,3.567786
1194,1777,3.5035074
1194,708,3.4904966
1194,3555,3.452077
1194,500,3.4388356
1194,2424,3.4229453
1194,2469,3.4058304
1194,1840,3.3983915
1194,1395,3.396268
1194,2407,3.3944888
1194,353,3.3871698
1194,3255,3.3737884
1194,3261,3.3682935
1194,1399,3.3672938
1194,785,3.361508
1194,1620,3.341319
1194,86,3.3356886
1194,2912,3.3232028
1194,350,3.2832272
1194,450,3.2815604
1194,753,3.2693176
1194,2747,3.258254
1194,707,3.2437978
1194,1733,3.2284327
1194,511,3.2054753
1194,3219,3.1560578
1194,2712,3.1547608
1194,1457,3.1531122
1194,3444,3.1064296
1194,3173,3.1000793
1194,3206,3.0585725
1194,2771,2.9831715
1194,2411,2.9396172
1194,499,2.9287388
1194,1735,2.9237201
1194,3156,2.834081
1194,494,2.725768
1194,1677,2.485471
1194,2717,2.4779592
1194,2369,2.4625044
1194,2004,2.3932364
1194,502,1.4913982
1193,2571,3.8491917
1193,1276,3.4870012
1193,441,3.3255045
1193,2406,3.2608256
1193,474,3.188634
1193,2671,3.1598186
1193,3081,3.1111255
1193,500,3.0268521
1193,3033,3.0249767
1193,2423,2.9803212
1193,2478,2.971252
1193,3361,2.958583
1193,2541,2.9398727
1193,2490,2.9117732
1193,3513,2.8938966
1193,2861,2.8205345
1193,1732,2.7184677
1193,3418,2.7099414
1193,3740,2.6470814
1193,2249,2.5982718
1193,1866,2.5865073
1193,585,2.5268672
1193,88,2.5115325
1193,1667,1.955917
1193,153,1.8755533
1193,1037,1.8647993
1193,1474,1.5404841
4223,1198,4.196552
4223,1259,3.8074365
4223,150,3.7817032
4223,3844,3.5580199
4223,2628,3.4329088
4223,2454,3.4222035
4223,509,3.3651848
4223,3194,3.0925732
4223,2455,3.0786915
4223,1488,3.067639
4223,1363,2.9994397
4223,1371,2.8004034
4223,2431,2.7319427
2902,608,4.1479816
2902,1210,3.9651034
2902,3260,3.6109114
2902,344,3.4311
2088,2019,4.8639693
2088,3030,4.813466
2088,3468,4.649528
2088,919,4.6441164
2088,599,4.610525
2088,909,4.566045
2088,1201,4.5432935
2088,3265,4.4958844
2088,924,4.458058
2088,1209,4.437989
2088,902,4.4298377
2088,3451,4.4092994
2088,2662,4.363634
2088,968,4.3090053
2088,2944,4.3054905
2088,3405,4.293257
2088,897,4.2898817
2088,3366,4.2854137
2088,1374,4.1906257
2088,592,4.187204
2088,3576,4.1504073
2088,2011,4.1491413
2088,3076,4.1318603
2088,2085,4.106486
2088,1909,4.0985866
2088,2640,4.0561543
2088,3658,4.035986
2088,112,3.9914956
2088,3633,3.9815137
2088,2553,3.9765654
2088,2554,3.9676454
2088,3070,3.9604552
2088,1129,3.9452646
2088,2785,3.9365609
2088,2414,3.8840644
2088,3701,3.7829075
2088,2666,3.771444
2088,925,3.7452075
2088,3156,3.7117815
2088,2532,3.5761485
2088,552,3.5380862
2088,748,3.4850578
2088,158,3.4122682
2088,2170,3.4085526
2088,2428,3.3971364
2088,2034,3.288338
2088,196,3.2841241
2088,2531,2.959341
2088,2950,2.673307
2088,15,2.4881766
2088,2748,2.3294191
2088,546,1.7880807
2765,260,4.367382
2765,858,4.3012147
2765,2571,4.235855
2765,110,4.086893
2765,2918,3.916503
2765,1303,3.8990996
2765,1923,3.832314
2765,1641,3.6493998
2765,2916,3.6313148
2765,3624,3.591724
2765,2395,3.5420685
2765,2278,3.374
2765,2065,3.3143165
2765,2476,3.2612658
2765,2376,3.240996
2765,1627,3.2318695
2765,1385,3.2055879
2765,2641,2.8742046
2765,3535,2.688246
5056,1269,4.9591565
5056,1256,4.8890753
5056,1206,4.8202443
5056,1230,4.7796206
5056,1214,4.7519093
5056,2302,4.6891265
5056,356,4.677142
5056,838,4.659622
5056,3471,4.6114883
5056,1079,4.608898
5056,2081,4.606658
5056,2671,4.5509963
5056,3072,4.542787
5056,2700,4.5389843
5056,2243,4.4833417
5056,2528,4.465126
5056,104,4.4601803
5056,2987,4.4373593
5056,1375,4.3313713
5056,2407,4.3109636
5056,1485,4.298877
5056,1777,4.283392
5056,3591,4.2742863
5056,719,3.9656124
1343,2762,5.0007114
1343,1221,4.974935
1343,2858,4.894986
1343,1963,4.8808713
1343,2918,4.7987523
1343,1307,4.749938
1343,3075,4.706656
1343,3897,4.6953483
1343,920,4.6550174
1343,2932,4.649305
1343,3551,4.5810437
1343,1078,4.5670586
1343,1285,4.5381937
1343,2353,4.5361533
1343,34,4.523025
1343,3653,4.511157
1343,1845,4.507765
1343,3371,4.3942966
1343,2355,4.3346353
1343,2474,4.1731825
1343,3145,4.156399
1343,21,4.102127
1343,3704,4.02779
1343,2012,3.7928605
904,1407,3.609935
904,780,3.5516098
904,1302,3.517824
904,1517,3.5001154
904,165,3.4940197
904,2058,3.468742
904,2527,3.4335747
904,1476,3.4181416
904,493,3.404169
904,2348,3.3777537
904,1047,3.345389
904,1732,3.3385231
904,3524,3.3290133
904,3210,3.3036237
904,662,3.298521
904,1049,3.2582984
904,3727,3.1820412
904,3264,3.1736767
904,3249,3.1542683
904,2796,3.108378
904,1343,3.0202546
904,3476,2.97893
904,2391,2.929084
904,2456,2.7337074
816,750,4.2456894
816,1262,4.2158375
816,1256,4.159299
816,903,4.0710464
816,919,4.02453
816,1276,4.0241675
816,955,4.001975
816,1244,3.9170253
816,3471,3.8319693
816,1301,3.7819405
816,2797,3.753939
816,3793,3.6777093
816,3675,3.5857565
816,2968,3.5476806
816,2407,3.4808607
816,2046,3.4282062
816,1375,3.2488637
816,2885,3.2306094
816,2089,3.1767788
816,1882,2.1548946
5822,1387,3.8648472
5822,1210,3.811382
5822,1345,3.529327
5822,2437,3.5140104
5822,3550,3.4479933
5822,2550,3.4201062
5822,2459,3.17378
5822,1327,3.0853717
5822,1475,3.0814095
3778,1193,3.956347
3778,110,3.8414383
3778,608,3.8171806
3778,47,3.6721568
3778,1214,3.6453342
3778,2863,3.6144006
3778,1221,3.5890586
3778,150,3.5750031
3778,1266,3.5477624
3778,1610,3.5417309
3778,1097,3.491799
3778,945,3.432523
3778,627,3.4262466
3778,539,3.371841
3778,104,3.366802
3778,1307,3.363762
3778,1407,3.3563042
3778,3471,3.3552022
3778,1777,3.3056672
3778,596,3.2972484
3778,1639,3.212586
3778,1049,3.1914563
3778,2470,3.189808
3778,1129,3.1827812
3778,3253,3.1564193
3778,280,3.128519
3778,1396,3.1256814
3778,2144,3.1078768
3778,6,3.0985172
3778,1194,3.088533
3778,1711,3.0786762
3778,145,3.0668597
3778,147,3.0256114
3778,1597,3.0199313
3778,3524,2.9970818
3778,477,2.979362
3778,2080,2.9668005
3778,3506,2.9641232
3778,175,2.9635878
3778,1088,2.9224045
3778,3099,2.8828356
3778,2877,2.85508
3778,1689,2.8445892
3778,328,2.8316877
3778,700,2.7621536
3778,235,2.74201
3778,2796,2.7089794
3778,2082,2.6922832
3778,2,2.688741
3778,458,2.6658373
3778,1488,2.6199896
3778,2135,2.584167
3778,2746,2.5837984
3778,2090,2.5781753
3778,1009,2.5713432
3778,2120,2.570655
3778,1544,2.558452
3778,2561,2.543275
3778,2641,2.5418901
3778,3649,2.5382013
3778,1806,2.5350251
3778,1911,2.5125127
3778,2688,2.5097816
3778,442,2.4730015
3778,3146,2.4385185
3778,1526,2.4108682
3778,3500,2.3189263
3778,498,2.2838948
3778,1377,2.2392867
3778,1037,2.2261252
3778,2421,2.2247498
3778,2986,2.2151077
3778,1604,2.1853971
3778,1983,2.148035
3778,3705,2.1087775
3778,1991,2.104401
3778,2404,2.035189
3778,2460,2.0288525
3778,3690,1.8905987
3778,2548,1.7616155
3778,355,1.7449737
3778,888,1.7444475
3778,15,1.7091342
3778,1992,1.6909571
3778,1602,1.6585524
3778,688,1.4671488
5322,1136,4.356073
5322,2268,4.0610323
5322,2000,3.902185
5322,1527,3.7032657
5322,2883,3.663889
5322,1777,3.6008346
5322,1875,3.575666
5322,2657,3.452251
5322,2021,3.4111872
5322,2,3.240213
5322,2712,3.2364683
5322,2978,2.6078346
1697,541,4.6830225
1697,1210,4.636435
1697,898,4.561478
1697,1096,4.49465
1697,904,4.4428425
1697,529,4.3950014
1697,1370,4.3749685
1697,497,4.366022
1697,3037,4.3520646
1697,587,4.3083124
1697,349,4.2965817
1697,2716,4.284093
1697,3873,4.2695017
1697,1608,4.2443314
1697,1356,4.2246327
1697,364,4.202601
1697,300,4.198037
1697,3252,4.192397
1697,3606,4.178663
1697,3501,4.176054
1697,2916,4.149464
1697,2086,4.1480193
1697,1256,4.141384
1697,2096,4.119201
1697,2795,4.1141806
1697,1457,4.0449886
1697,1375,4.0127077
1697,3060,4.00298
1697,2759,3.993356
1697,1810,3.9528813
1697,2391,3.8679514
1697,709,3.7344294
2892,1203,4.2272453
2892,1260,4.061269
2892,1265,3.8006654
2892,3510,3.5600114
2892,349,3.5381458
2892,2664,3.535132
2892,3479,3.5116086
2892,1277,3.4511976
2892,2100,3.4067106
4051,908,3.5865247
4051,2132,3.1670904
4051,2161,3.0868497
4051,592,2.9161596
4051,1729,2.7299404
4051,3476,2.5158718
4051,476,2.5087976
3401,260,4.103046
3401,1233,4.0732408
3401,2324,4.015381
3401,1197,3.9771457
3401,2028,3.9641285
3401,3471,3.8631465
3401,914,3.850223
3401,1266,3.8113642
3401,1231,3.7519226
3401,508,3.748273
3401,3811,3.7253938
3401,921,3.666583
3401,3061,3.663991
3401,1238,3.660735
3401,1206,3.650585
3401,2398,3.6328897
3401,3498,3.6204066
3401,595,3.6078348
3401,3396,3.5534627
3401,3296,3.5450213
3401,2355,3.5383518
3401,3551,3.530171
3401,2076,3.5111089
3401,2108,3.5065777
3401,3868,3.5046268
3401,2763,3.4966376
3401,2096,3.454188
3401,34,3.426957
3401,3256,3.3961322
3401,934,3.3826995
3401,2478,3.28778
3401,2929,3.2712126
3401,3016,3.2662349
3401,1951,3.2600167
3401,3755,3.2558825
3401,2311,3.2180712
3401,1088,3.2084253
3401,3087,3.2013664
3401,837,3.1600697
3401,1010,3.1530294
3401,3340,3.1455123
3401,3525,3.1224318
3401,2003,3.1101508
3401,2247,3.081496
3401,2006,3.053064
3401,371,2.9190874
3401,2177,2.9157543
3401,1614,2.8925986
3401,830,2.7541955
3401,533,2.7239513
3401,558,2.7188902
3401,3688,2.7103314
3401,653,2.6815455
3401,1831,2.6668022
3401,1975,2.6264014
3401,2637,2.5831575
3401,2652,2.5595381
3401,3130,2.467443
3401,512,2.3497155
3401,382,2.3300617
3401,2900,2.1040194
3401,1991,2.0909967
3401,3694,2.0506144
3401,2719,1.9883215
3401,332,1.9185498
3401,3919,1.9063494
3401,2828,1.7929468
3401,420,1.7911135
3401,3664,1.5990195
3401,2315,1.461467
1749,1265,3.4517927
1749,1193,3.3585541
1749,3468,3.35268
1749,1196,3.29277
1749,1350,3.2310963
1749,3481,3.221433
1749,1358,3.188641
1749,2918,3.154797
1749,1276,3.1000617
1749,969,3.0971382
1749,2948,3.0970817
1749,1125,3.067886
1749,1441,3.060372
1749,1959,3.0483437
1749,3114,3.0430305
1749,296,3.0151467
1749,1035,2.9899626
1749,1236,2.9879808
1749,1264,2.9808662
1749,3873,2.9594698
1749,1244,2.9476864
1749,2728,2.9303455
1749,308,2.9248388
1749,1962,2.9151196
1749,231,2.8975484
1749,68,2.8841374
1749,2243,2.881622
1749,3471,2.858238
1749,735,2.8565438
1749,2959,2.8562436
1749,708,2.8527908
1749,1252,2.8455791
1749,213,2.8418818
1749,2580,2.8314214
1749,1,2.8216796
1749,592,2.8169522
1749,1176,2.7928255
1749,3163,2.779952
1749,273,2.7786098
1749,3702,2.773192
1749,1185,2.7455883
1749,562,2.7402499
1749,3075,2.7388372
1749,1224,2.7217941
1749,3645,2.7173443
1749,2075,2.684087
1749,299,2.6804447
1749,2917,2.6786578
1749,3701,2.6741729
1749,3361,2.664111
1749,431,2.6625812
1749,3217,2.650601
1749,1941,2.645415
1749,1947,2.6440103
1749,1953,2.5966246
1749,1029,2.5949068
1749,3160,2.5877004
1749,3377,2.5398266
1749,3679,2.5384374
1749,2395,2.5358202
1749,2367,2.4425569
1749,1230,2.4100864
1749,1783,2.394375
1749,1998,1.6843762
3860,750,4.3480425
3860,2028,4.146158
3860,2067,3.8829408
3860,1270,3.8706994
3860,3471,3.8322735
3860,24,3.7879484
3860,1925,3.7319632
3860,2826,3.5655768
3860,2554,3.5282416
3860,3519,3.4629292
3860,2712,2.9906583
3860,1445,2.9715827
3099,1210,3.689578
3099,2916,3.5445626
3099,589,3.4917996
3099,1270,3.4266348
3099,2795,3.4193754
3099,647,3.4131541
3099,1500,3.3436348
3099,76,3.2725663
3099,3354,3.2621381
3099,379,3.2428045
3099,2722,3.2389026
3099,2174,3.1936116
3099,3269,3.1622899
3099,1590,3.0848467
3099,3257,3.083943
3099,466,3.0753164
3099,2427,2.9425304
3099,2817,2.687337
2450,912,4.1008644
2450,3147,3.694499
2450,1271,3.2991288
2450,3255,3.1722243
2450,1810,2.682212
2450,3156,1.5491998
2495,377,3.7310662
2495,1479,3.628337
2495,1457,3.4491491
2495,1721,3.3964152
2495,3824,2.181789
5779,246,3.9833221
5779,903,3.981126
5779,1276,3.9684353
5779,2762,3.9501257
5779,1036,3.8720913
5779,1244,3.8560863
5779,1,3.8273714
5779,1245,3.816895
5779,1230,3.8035686
5779,924,3.8005486
5779,2973,3.7882273
5779,1954,3.7879267
5779,2599,3.7643905
5779,2947,3.7304208
5779,3104,3.7077868
5779,3210,3.5933022
5779,2791,3.571721
5779,555,3.5399165
5779,1393,3.5362144
5779,1912,3.4842343
5779,1194,3.4776
5779,2750,3.4445372
5779,3499,3.4332204
5779,2989,3.3462234
5779,2407,3.3155763
5779,1836,3.3136148
5779,2759,3.3037965
5779,1552,3.1955924
5779,1711,3.0579243
5779,2005,2.9278853
5779,3484,2.8058293
5779,2699,2.7800066
5779,736,2.6853268
5779,3374,2.490816
5452,1228,4.128542
5452,1208,4.1254883
5452,2858,4.0937805
5452,356,3.9440174
5452,1097,3.8819232
5452,28,3.881004
5452,2599,3.8375392
5452,3498,3.8255258
5452,1095,3.736977
5452,1188,3.7135293
5452,1060,3.5403204
5452,206,3.338905
5452,11,3.2890825
5452,2985,3.2600813
5452,1916,3.1002097
5452,1370,2.8315825
5452,2167,2.7788615
5452,3528,2.7405212
5452,10,2.6374426
5452,648,2.6200137
5452,780,2.4425766
5452,2723,2.187331
5452,1831,1.8708259
5452,3113,1.7434866
5040,1253,4.4101067
5040,1214,4.407812
5040,1240,4.3371525
5040,589,4.2912025
5040,1997,4.2562857
5040,1019,4.0574284
5040,2407,3.8354754
5040,2657,3.7991095
5040,1573,3.7744331
5040,724,3.720858
5040,2054,3.6975417
5040,1991,3.6760979
5040,2328,3.597643
5040,1779,3.5213852
5040,1037,3.4104912
1793,318,4.7277164
1793,527,4.5844674
1793,2762,4.529187
1793,608,4.4458175
1793,919,4.374841
1793,1259,4.1764297
1793,1270,4.118431
1793,590,4.107896
1793,1968,4.0232124
1793,2890,3.9927795
1793,3360,3.9851222
1793,1265,3.9770293
1793,1466,3.973598
1793,866,3.9219499
1793,2529,3.9103725
1793,3105,3.9052744
1793,1641,3.8836775
1793,2321,3.8697448
1793,2000,3.8572645
1793,3267,3.8147385
1793,592,3.770215
1793,2282,3.5772333
1793,2353,3.5575004
1793,3174,3.504937
1793,1393,3.3649201
1793,2023,3.3520784
1793,288,3.0285642
1793,1513,2.7744093
1793,2002,2.640833
1793,1917,2.539609
1793,2694,2.409223
1793,1801,2.283366
1793,2808,1.5796747
1793,1882,1.3838811
3012,457,3.4999743
3012,541,3.465183
3012,1259,3.3249154
3012,590,3.2618737
3012,589,3.23737
3012,1270,3.1867433
3012,3421,3.1817179
3012,1301,3.1690018
3012,595,3.1380572
3012,32,3.0273979
3012,1261,2.8123298
3012,2294,2.7469633
3012,3770,2.7066905
3012,610,2.6229048
3012,2722,2.2910402
3012,333,2.2657719
3012,3274,2.2645192
3012,1377,2.2139406
3012,2616,2.0433242
3012,491,2.020667
3012,2672,1.9320943
3012,1391,1.8816247
3012,382,1.8317311
3012,2052,1.7075788
3012,2053,1.3072404
3012,1862,1.2776136
3532,2858,4.362187
3532,3147,4.290477
3532,2302,4.0478735
3532,357,3.871364
3532,1747,3.6351347
3532,586,3.6337879
3532,151,3.4236302
4746,720,4.262708
4746,1299,4.1448903
4746,590,3.9766715
4746,1,3.8909962
4746,1220,3.7999268
4746,2424,3.4755874
4746,1608,3.4184446
4746,2470,3.3922963
4746,2433,3.1672602
4746,2353,3.061956
4746,3033,2.9418178
4746,3441,2.7359464
5915,1953,4.449977
5915,110,4.4144106
5915,590,4.4005322
5915,1206,4.3508096
5915,2947,4.292593
5915,920,4.283431
5915,940,4.2200904
5915,3019,4.2115088
5915,589,4.165757
5915,3499,4.102287
5915,1215,4.0696707
5915,2671,4.043136
5915,1396,3.9306948
5915,1378,3.8727036
5915,700,3.8387003
5915,1375,3.813272
5915,2770,3.7810187
5915,339,3.7585006
5915,500,3.7133791
5915,1552,3.5770898
5915,3264,3.546349
5915,2409,3.4838738
5915,1917,3.414116
5915,1037,3.0458264
5915,3388,2.961666
5915,1431,2.3605845
5915,173,2.0737326
5915,737,1.82764
2872,1148,4.4497633
2872,318,4.4276977
2872,2028,4.3437057
2872,3429,4.279269
2872,1248,4.1969166
2872,457,4.1362386
2872,2064,4.1044216
2872,1617,4.096302
2872,1719,4.067443
2872,1307,4.036273
2872,1678,3.9893196
2872,535,3.9314504
2872,247,3.8993683
2872,508,3.8954744
2872,3306,3.8823252
2872,2580,3.8768673
2872,2395,3.8266888
2872,3255,3.826109
2872,2890,3.780151
2872,1729,3.7435155
2872,1396,3.7266276
2872,1186,3.7221386
2872,493,3.695482
2872,342,3.632515
2872,514,3.590643
2872,1916,3.523323
2872,3176,3.5140119
2872,2915,3.4733162
2872,1883,3.4665003
2872,785,3.4627995
2872,503,3.4392107
2872,3786,3.4016788
2872,2490,3.3780112
2872,3535,3.3010247
2872,3250,3.1891463
2872,1114,3.131011
2872,3623,3.0380666
2872,2710,2.9633145
2872,2598,2.869554
2872,2269,2.7628706
2872,787,2.5690703
2872,24,2.5300095
2872,1668,2.3678281
262,260,4.30044
262,1073,3.7637172
262,1527,3.713165
262,1376,3.6912372
262,2968,3.6451838
262,1396,3.6126971
262,3175,3.6083796
262,316,3.6080608
262,2116,3.4094744
262,317,3.3340888
262,1690,3.2852721
262,3489,3.2010143
262,2054,3.0053163
262,3572,1.8758563
261,858,4.7153535
261,1207,4.608928
261,1221,4.5783896
261,1283,4.4219418
261,111,4.360035
261,2064,4.3471537
261,457,4.283146
261,1387,4.247401
261,1090,4.224038
261,3551,4.1681695
261,1625,4.1332555
261,2336,4.109682
261,2268,4.0925193
261,3168,4.0535913
261,1057,3.9472077
261,1500,3.9168177
261,249,3.8954175
261,3386,3.859397
261,2952,3.836101
261,1190,3.7430377
261,1268,3.674695
261,2097,3.6673603
261,353,3.5842147
261,3809,3.569336
261,2393,3.498558
261,3704,3.4550915
261,1088,3.3742127
261,2405,3.3620458
261,3614,3.2499344
261,2751,3.1708775
261,1498,3.1067634
261,2581,2.948962
261,3717,2.9108405
261,3937,2.8376431
261,3243,2.3372626
946,1221,4.6816826
946,110,4.4678135
946,1035,4.1716423
946,2455,3.5782475
4501,858,4.712056
4501,260,4.546372
4501,2804,4.399878
4501,1196,4.349145
4501,2918,4.178035
4501,1079,4.1312847
4501,2716,4.0043874
4501,1584,3.8322725
1757,1358,4.8445787
1757,2020,4.7283564
1757,1240,4.6748185
1757,866,4.5405817
1757,1732,4.5216923
1757,1265,4.502348
1757,2687,4.4592514
1757,1748,4.394842
1757,356,4.377307
1757,2502,4.342245
1757,2427,4.3278904
1757,2353,4.2496076
1757,349,4.230547
1757,2141,4.2164497
1757,2273,4.0686398
1757,377,3.918704
1757,2134,3.4935522
1757,2942,3.460124
1757,1917,3.4569945
1757,3701,3.4406977
1757,788,3.3412704
1757,2688,3.120354
1757,1591,2.990056
1757,3394,2.7907367
1757,405,1.9141428
823,1234,4.362715
823,1172,4.2832327
823,2918,4.136159
823,1244,4.1138544
823,1270,4.0255136
823,2248,3.9887352
823,3783,3.9231286
823,3039,3.9196153
823,2580,3.8566833
823,3175,3.842667
823,3255,3.7774813
823,1395,3.5495715
823,2291,3.479503
823,3608,3.4702637
3447,2924,3.9670763
3447,1210,3.9280272
3447,1517,3.8454785
3447,1641,3.8062966
3447,2700,3.7877274
3447,3512,3.5186448
3447,2916,3.51584
4687,593,4.5842233
4687,1278,4.5625997
4687,1036,4.468811
4687,1200,4.467633
4687,1214,4.4172487
4687,1610,4.2862635
4687,628,4.2530704
4687,2716,4.224058
4687,3424,4.209524
4687,34,4.200318
4687,3256,4.0923133
4687,2391,4.08806
4687,3100,4.046534
4687,151,3.8470845
4687,2267,3.4537277
830,3897,3.9904847
830,2300,3.9688594
830,1240,3.9475994
830,924,3.93204
830,1210,3.8577955
830,2202,3.8390036
830,1077,3.8339407
830,1997,3.8334956
830,2662,3.8227549
830,3545,3.770965
830,2968,3.7218783
830,1734,3.720663
830,3932,3.6454346
830,2118,3.5790515
830,3894,3.43227
830,2640,3.4203997
830,1130,3.1427445
830,3457,2.7769382
830,3354,2.3471646
3984,527,4.4700403
3984,457,4.057578
3984,2944,3.9093423
3984,290,3.8340726
3984,1049,3.5426936
3984,112,3.4460282
4469,1198,4.5143948
4469,969,4.323505
4469,1201,4.1462936
4469,1277,3.8921776
5625,858,4.4876595
5625,1276,4.2561684
5625,1147,4.1235905
5625,1394,4.0710154
5625,1307,4.040106
5625,3088,3.9918358
5625,3421,3.9899766
5625,1079,3.9837973
5625,1934,3.9300394
5625,1243,3.869038
5625,1500,3.835278
5625,3361,3.8081234
5625,1073,3.8059158
5625,934,3.7037718
5625,3591,3.6211789
5625,1968,3.6163182
5625,3635,3.593389
5625,21,3.519322
5625,3040,3.5173607
5625,112,3.5007336
3154,969,4.3132763
3154,2176,3.9476552
3154,123,3.8087032
3154,2671,3.808474
3154,1967,3.786829
3154,588,3.7738683
3154,3793,3.7396545
3154,1584,3.7107596
3154,3219,3.676537
3154,2770,3.5757709
3154,1518,3.572812
3154,1892,3.452446
3154,2622,3.431918
3051,2571,3.9340045
3051,2692,3.9013186
3051,3578,3.8818028
3051,2396,3.8372476
3051,1080,3.7770007
3051,2997,3.7557836
3051,2959,3.7523842
3051,1258,3.7396178
3051,1387,3.6692903
3051,1060,3.6456885
3051,2302,3.5834346
3051,1092,3.5668278
3051,1673,3.5510254
3051,3868,3.535367
3051,596,3.5162845
3051,2006,3.5077806
3051,1909,3.477097
3051,2273,3.4566984
3051,368,3.4252024
3051,3698,3.420548
3051,2763,3.4089668
3051,1347,3.3356724
3051,216,3.2902236
3051,786,3.2657633
3051,1645,3.2173681
3051,3247,3.205236
3051,1457,3.191629
3051,3301,3.1899955
3051,1892,3.1794333
3051,2605,3.1709294
3051,327,3.0004704
3051,63,2.9410052
3051,88,2.9312184
3051,3623,2.919208
3051,95,2.7495074
3051,849,2.6813262
3051,436,2.6635225
3051,3324,2.589059
3051,153,2.5800166
3051,2719,2.552491
3051,19,2.452622
3051,3908,2.417692
3051,1679,2.3623621
3051,208,2.336754
3051,2568,2.2254713
3051,2548,2.22362
3051,2386,2.1720536
37,912,4.6782546
37,2671,4.03064
37,708,3.795217
37,1088,3.1486216
2361,2000,3.9878457
2361,2064,3.940371
2361,2110,3.564003
2361,2378,3.4659488
5142,912,4.6175156
5142,1090,4.2433586
5142,1307,4.205165
5142,356,4.122578
5142,2194,4.1204734
5142,1968,4.0428686
5142,1035,4.0374823
5142,3408,3.9227376
5142,2099,3.8896458
5142,2006,3.8698647
5142,3555,3.78601
5142,3703,3.7757947
5142,2143,3.6839225
5142,2105,3.5501437
5142,3617,3.519999
5142,2043,3.509251
5142,1135,3.4560046
5142,3301,3.411875
5142,3534,3.4078648
5142,303,3.3255439
5142,1049,3.2997417
5142,3672,3.2939181
5142,2041,3.2697875
5142,3615,3.1996863
5142,2429,2.9860058
5142,1126,2.553069
5142,3286,2.3750877
5142,3690,2.172806
5142,2643,1.9340606
3056,2571,4.448992
3056,1196,4.4433117
3056,2194,4.2213225
3056,555,4.013997
3056,2355,4.011039
3056,2139,3.965877
3056,2193,3.9109797
3056,2700,3.9091835
3056,1580,3.8594441
3056,3444,3.6641374
3056,2278,3.653836
3056,2688,3.6453638
3056,3698,3.591769
3056,95,3.498163
3056,1382,3.2093768
3056,3354,2.9512858
4484,1198,5.199896
4484,260,5.1136203
4484,296,5.1120734
4484,1225,5.0259395
4484,1307,4.8944483
4484,2565,4.818555
4484,1968,4.6803074
4484,594,4.657571
4484,3072,4.656904
4484,356,4.635461
4484,2716,4.6298723
4484,3100,4.616184
4484,300,4.563951
4484,2096,4.5354567
4484,3175,4.526965
4484,1374,4.5249157
4484,596,4.5066833
4484,2144,4.4604063
4484,1380,4.296666
4484,1031,4.1063366
4484,3745,4.077183
4484,1009,3.4648607
4484,1969,2.0944238
4484,1976,1.071161
3710,2791,4.195951
3710,1270,4.151745
3710,1923,4.1059804
3710,1580,3.971331
3710,1777,3.8302038
3710,3033,3.8152966
3710,216,3.7677913
3710,3615,3.7228656
3710,466,3.4039807
4005,1221,4.3736916
4005,110,4.236926
4005,1266,4.1321774
4005,3147,4.1061397
4005,1610,4.025341
4005,539,3.9788997
4005,11,3.974886
4005,17,3.9332955
4005,1222,3.9167905
4005,1374,3.914777
4005,474,3.871721
4005,16,3.8446612
4005,1393,3.8285096
4005,223,3.8023562
4005,2231,3.7179046
4005,3052,3.7175608
4005,2916,3.7132435
4005,1758,3.6735013
4005,1385,3.6671698
4005,2002,3.6418686
4005,3623,3.6048586
4005,3756,3.5181804
4005,2527,3.510232
4005,2586,3.4744227
4005,3744,3.4557624
4005,2771,3.4287972
4005,3285,3.3131957
4005,3063,3.1846569
4005,2701,3.0263247
3243,50,4.7084002
3243,750,4.6330967
3243,1272,4.431703
3243,593,4.4103107
3243,1387,4.305577
3243,2918,4.287408
3243,1206,4.283079
3243,1257,4.161397
3243,1954,4.12959
3243,3793,4.1134663
3243,1393,3.9647484
3243,2890,3.9450412
3243,349,3.9164703
3243,2140,3.914423
3243,3082,3.8920379
3243,780,3.837428
3243,671,3.7856748
3243,2424,3.7756028
3243,1552,3.773644
3243,3755,3.7117226
3243,3686,3.681956
3243,2427,3.6748166
3243,1438,3.6726336
3243,2331,3.605489
3243,3617,3.5940385
3243,3326,3.4428258
3243,1831,3.3776264
3243,415,3.3184984
3243,2699,3.2543511
3243,173,3.2010736
3243,3879,3.1796122
3243,15,3.1253986
3243,1445,2.654643
5451,858,4.865571
5451,3435,4.7001762
5451,2762,4.622667
5451,2940,4.4633965
5451,1242,4.3872223
5451,3418,4.0284595
5451,1610,4.0249057
5451,2891,3.5375628
5451,329,3.3568118
5451,1429,3.0019455
4117,3897,4.692133
4117,2028,4.6336703
4117,3052,4.272261
4117,1466,4.2184157
4117,1396,4.1918373
4117,1370,4.189021
4117,1339,4.058484
4117,10,4.036072
4117,2490,4.033925
4117,185,3.9396598
4117,1686,3.9110875
4117,70,3.8415303
4117,1783,3.8358462
4117,288,3.7943308
4117,1320,3.7173586
4117,2389,3.4894087
4117,2004,3.4546986
4117,2986,3.3593552
4117,2710,3.2528532
4117,3797,3.2357898
2489,3307,4.016593
2489,1193,4.006093
2489,1358,3.9220026
2489,2501,3.8998137
2489,47,3.851068
2489,3897,3.8469648
2489,1704,3.7817826
2489,1961,3.7541237
2489,3949,3.749475
2489,1222,3.740152
2489,1231,3.699901
2489,1090,3.699791
2489,1285,3.63698
2489,1227,3.6143787
2489,1527,3.589747
2489,2671,3.5858998
2489,3071,3.5790153
2489,1956,3.5676146
2489,357,3.5647027
2489,3408,3.5575256
2489,1732,3.555376
2489,1101,3.5169604
2489,3101,3.4841995
2489,1968,3.4489808
2489,2231,3.4086707
2489,2620,3.3904395
2489,2439,3.3826149
2489,3555,3.3699958
2489,141,3.3432693
2489,3798,3.3294985
2489,2100,3.291239
2489,1586,3.2850819
2489,89,3.2697253
2489,368,3.2456632
2489,2672,3.236284
2489,381,3.2185414
2489,1088,3.1527138
2489,2120,3.1514578
2489,801,3.1500933
2489,3395,3.1356866
2489,3174,3.1158876
2489,3865,3.0963683
2489,2719,3.079418
2489,3146,3.0744784
2489,3316,3.038961
2489,376,2.966428
5683,457,4.3338313
5683,356,4.187148
5683,17,4.0441008
5683,2671,3.887769
5683,1873,3.8387141
5683,1411,3.808765
5683,1777,3.7252448
5683,1909,3.6990094
5683,736,3.641076
5683,95,3.5714316
5683,208,3.3486948
5683,270,3.3111877
5683,360,3.3021398
2957,527,4.928902
2957,1208,4.714109
2957,608,4.705323
2957,2268,4.4419317
5749,858,4.8785343
5749,1252,4.7074714
5749,670,4.5504885
5749,1111,4.534507
5749,1200,4.466342
5749,293,4.459018
5749,1344,4.4243217
5749,1192,4.3840823
5749,759,4.310809
5749,1249,4.309666
5749,308,4.2478204
5749,2467,4.1544642
5749,3163,4.107049
5749,3317,4.099799
5749,1683,4.096281
5749,497,4.052713
5749,3044,3.9741554
5749,471,3.8930333
5749,1057,3.8632646
5749,474,3.8374982
5749,457,3.7995794
5749,2551,3.7109575
5749,45,3.6684844
5749,1845,3.57268
5749,190,3.5006218
5749,3055,3.3286102
5749,1527,3.2650485
5749,1794,3.2576113
5749,2836,3.2536516
5749,3598,3.1918964
5749,1542,3.124175
5749,2475,2.8864198
5749,3770,2.8713598
5749,3712,2.751035
5749,3005,2.5036352
5749,2567,2.4953818
5749,2802,2.4793
5749,104,2.434508
5749,289,2.3321872
5749,3082,2.2660618
5749,2305,2.2230966
5749,788,1.860302
1230,3481,4.573683
1230,1394,4.478046
1230,1175,4.381623
1230,1407,4.3291206
1230,1257,4.313617
1230,2502,4.219342
1230,2406,4.2054777
1230,2161,4.1711874
1230,1356,4.098671
1230,1967,4.0683446
1230,3210,4.049741
1230,3033,4.03599
1230,21,4.019731
1230,3699,3.940141
1230,2572,3.9242404
1230,2407,3.9229949
1230,225,3.9173017
1230,2003,3.8111846
1230,24,3.790352
1230,1373,3.4975274
1230,173,2.626155
1230,2642,2.4605033
5531,1198,4.511027
5531,457,4.30686
5531,380,3.9978046
5531,1127,3.9524934
5531,2115,3.9291277
5531,2001,3.854169
5531,3256,3.7942808
5531,368,3.7824209
5531,653,3.7777154
5531,552,3.7533164
5531,736,3.6162083
5531,517,3.5711617
5531,1801,3.5701547
5531,442,3.4093795
5531,2334,3.4014645
5531,1373,3.2547846
1790,858,4.491106
1790,1208,4.406191
1790,1197,4.350658
1790,296,4.255858
1790,246,4.253317
1790,111,4.2169776
1790,1200,4.1951184
1790,307,4.1942534
1790,1704,4.1759686
1790,110,4.1718507
1790,1201,4.0670886
1790,2662,4.0281353
1790,1079,4.0070386
1790,2109,3.9632027
1790,3552,3.9474645
1790,1298,3.8969502
1790,3680,3.8949003
1790,1290,3.868299
1790,3740,3.8057923
1790,2716,3.779686
1790,104,3.7774801
1790,1179,3.7677789
1790,198,3.756298
1790,1375,3.7341583
1790,1378,3.7327375
1790,45,3.7161655
1790,2867,3.6770935
1790,2672,3.673784
1790,3638,3.6527634
1790,3704,3.5526025
1790,1391,3.4248374
1790,3695,2.477813
4334,1214,4.250241
4334,111,4.1564646
4334,2706,4.006304
4334,2288,3.951486
4334,924,3.8805008
4334,2117,3.8781333
4334,1350,3.8655448
4334,2640,3.739284
4334,2707,3.7212555
4334,1129,3.670042
4334,1375,3.5937972
4334,3550,3.4329066
4334,1717,3.4235718
4334,2694,3.3838158
4334,2710,3.3328252
4334,426,3.296327
543,527,4.935984
543,1201,4.578283
543,597,4.4788737
543,1257,4.4747953
543,3034,4.381115
543,3682,4.378757
543,2140,4.3363104
543,1517,4.335492
543,141,4.331113
543,94,4.3174148
543,222,4.3030405
543,3479,4.2888727
543,1584,4.280439
543,1967,4.279736
543,1769,4.2668533
543,2407,4.239421
543,6,4.2378616
543,454,4.2302675
543,3213,4.2164717
543,1049,4.2022934
543,491,4.184343
543,493,4.181751
543,3264,4.168761
543,2046,4.1584463
543,724,4.1387343
543,3081,4.13815
543,2916,4.1339397
543,2478,4.1320796
543,1475,4.130006
543,514,4.1299996
543,3444,4.1288204
543,185,4.106263
543,504,4.1006517
543,2746,4.0995407
543,31,4.0871134
543,216,4.08365
543,1378,4.0707874
543,2136,4.0696826
543,3769,4.057278
543,2513,4.0391026
543,344,4.0074286
543,95,4.0053363
543,3269,4.0048738
543,3837,4.0036926
543,511,3.9853039
543,2372,3.9640498
543,2793,3.9433894
543,2367,3.9295986
543,544,3.926666
543,177,3.9220588
543,122,3.9024966
543,1064,3.8566227
543,1616,3.8532243
543,1100,3.822243
543,1717,3.7721224
543,3355,3.7645288
543,3387,3.6848564
543,3688,3.6214879
543,19,3.6184845
543,2668,3.529585
543,1004,3.5154977
543,2088,3.491293
543,2322,3.4764376
543,3031,3.3870854
543,519,3.0422242
543,2383,2.788732
543,66,2.750128
1305,1193,4.483386
1305,2859,4.212236
1305,2677,4.05416
2779,858,4.542187
2779,2019,4.5263157
2779,527,4.4769707
2779,1193,4.4175696
2779,3435,4.351407
2779,1136,4.324087
2779,1147,4.220398
2779,1260,4.1797895
2779,1269,4.1577597
2779,1244,4.0158963
2779,2936,4.0024433
2779,2010,3.9930577
2779,1954,3.9244013
2779,1419,3.8595467
2779,3871,3.8584843
2779,2238,3.802024
2779,3598,3.6841307
2779,3727,3.586013
2779,1694,3.415604
2779,2380,1.6969441
5754,908,4.038084
5754,720,4.0255613
5754,1284,4.0155115
5754,1617,3.9429755
5754,2692,3.9370027
5754,2571,3.8675487
5754,2329,3.8666253
5754,1247,3.865114
5754,34,3.7654567
5754,3363,3.7525272
5754,1961,3.7126718
5754,2396,3.7070954
5754,1079,3.7007937
5754,265,3.6942995
5754,2918,3.6910982
5754,2729,3.670179
5754,1673,3.6563623
5754,2020,3.618782
5754,1103,3.590952
5754,17,3.5855274
5754,948,3.467791
5754,357,3.4544337
5754,364,3.4478219
5754,1279,3.388534
5754,223,3.3692589
5754,2144,3.3638728
5754,3176,3.3409421
5754,3256,3.2207918
5754,1883,3.182564
5754,11,3.1157796
5754,2110,3.066231
5754,1611,3.0184994
5754,1482,2.9641886
5754,2763,2.9451103
5754,2090,2.8311741
5754,1589,2.7872891
5754,539,2.7088637
5754,1380,2.705917
5754,1101,2.6900268
5754,377,2.648417
5754,3099,2.6118894
5754,848,2.6090817
5754,500,2.6086578
5754,648,2.5633495
5754,3254,2.3480632
5754,2253,2.0098383
5754,374,1.2493305
2074,296,4.3954873
2074,589,4.01142
2074,3499,3.9704404
2074,1994,3.802102
2074,1732,3.7980442
2074,1580,3.5219579
2074,1205,3.171475
2074,3300,2.8117414
2074,196,2.0419545
1107,1269,4.4813175
1107,2302,4.271506
1107,1641,4.028315
1107,368,3.8787782
1107,1476,3.756512
1107,852,3.7186847
1107,2567,3.6229243
1107,691,3.6145093
1107,4,3.3342335
1107,1888,3.3338332
3519,1172,3.8990383
3519,1537,3.7465558
3519,110,3.701922
3519,1213,3.6754603
3519,1387,3.6099749
3519,3481,3.5632288
3519,265,3.5557733
3519,3044,3.5487747
3519,47,3.5378952
3519,1393,3.5020514
3519,3361,3.453126
3519,2971,3.446332
3519,3552,3.4387186
3519,280,3.4230998
3519,3397,3.4128642
3519,1187,3.4108493
3519,590,3.4022288
3519,1639,3.3973897
3519,2871,3.3921518
3519,587,3.3830972
3519,3246,3.3658047
3519,1580,3.3500996
3519,25,3.3360758
3519,551,3.324284
3519,3499,3.3038878
3519,509,3.2918744
3519,1645,3.2768931
3519,3186,3.2734442
3519,3127,3.271688
3519,1544,3.255101
3519,3185,3.2373233
3519,1290,3.2269459
3519,2161,3.2096481
3519,588,3.209113
3519,1711,3.1966572
3519,1509,3.1837845
3519,3261,3.1823854
3519,2002,3.169662
3519,2193,3.1349084
3519,1347,3.1321974
3519,1883,3.1177192
3519,277,3.0548596
3519,2641,3.0540614
3519,3478,3.0484865
3519,673,3.0094619
3519,3846,3.0087235
3519,3893,3.0057578
3519,1614,3.000713
3519,105,2.9923303
3519,835,2.9871764
3519,3249,2.9840717
3519,2605,2.972164
3519,516,2.9635403
3519,1475,2.9398258
3519,2459,2.9271305
3519,830,2.92012
3519,3423,2.9111187
3519,785,2.880958
3519,1974,2.8556435
3519,1030,2.852755
3519,1541,2.844847
3519,74,2.7973013
3519,2735,2.6951394
3519,2402,2.6861112
3519,2004,2.6822507
3519,2378,2.5778365
3519,276,2.3860013
3519,487,2.3433652
3519,87,2.1221657
3519,2473,2.0933013
3519,1005,1.9297361
3519,470,1.8966064
151,1617,4.3415737
151,293,4.264719
151,1449,4.2584043
151,1358,4.247941
151,3114,4.236852
151,1211,4.168289
151,1259,4.1538973
151,17,4.1242085
151,36,4.043415
151,2352,3.979282
151,1643,3.9788108
151,223,3.976606
151,125,3.9631984
151,190,3.9303293
151,1784,3.9216657
151,290,3.8775642
151,1641,3.8519425
151,1564,3.8437572
151,2671,3.8347993
151,480,3.7599225
151,3703,3.752468
151,52,3.7381487
151,610,3.6795232
151,222,3.667921
151,2161,3.6333447
151,543,3.554561
151,648,3.5540679
151,2482,3.500213
151,417,3.4934416
151,1059,3.474969
151,3699,3.4457936
151,3515,3.4441457
151,2718,3.3957152
151,3712,3.3878422
151,35,3.3433943
151,68,3.3254654
151,2405,3.3187475
151,852,3.3102
151,140,3.1737473
151,550,3.0098052
151,3225,2.7998142
151,427,2.7339814
151,3826,2.4795203
151,1381,1.7766864
619,1136,4.274968
619,1210,3.8165822
2023,858,4.6529837
2023,2762,4.530726
2023,1196,4.467253
2023,1207,4.4565635
2023,923,4.407867
2023,111,4.3962255
2023,1223,4.387567
2023,593,4.374868
2023,2858,4.3412886
2023,1288,4.314018
2023,903,4.2978477
2023,3114,4.2619505
2023,1293,4.233292
2023,1291,4.2298627
2023,1282,4.1450415
2023,1370,4.108422
2023,2248,4.0878143
2023,34,4.0697517
2023,2997,4.0621266
2023,1073,4.055613
2023,3396,4.0327673
2023,3159,3.9978309
2023,2395,3.9598522
2023,986,3.9223957
2023,2706,3.9165368
2023,180,3.9106965
2023,2987,3.8987794
2023,2836,3.6913161
2023,1030,3.496241
2023,3698,3.4826527
2023,2021,3.410091
2023,107,3.3241987
2023,709,3.1034808
2023,2082,2.803709
2023,3439,2.1250827
3459,2916,3.611861
1087,908,4.6286235
1087,750,4.6119423
1087,1949,4.5385385
1087,923,4.5265765
1087,2028,4.4871054
1087,1293,4.413452
1087,2064,4.3817964
1087,1387,4.374271
1087,3114,4.357212
1087,1997,4.327197
1087,1079,4.2391815
1087,3147,4.2228365
1087,1246,4.216258
1087,1301,4.206958
1087,2947,4.1898375
1087,590,4.1854815
1087,2268,4.1560593
1087,1411,4.1456075
1087,2949,4.121737
1087,2137,4.1189384
1087,2109,4.0833282
1087,1678,3.9827473
1087,1275,3.980187
1087,1794,3.8556943
1087,2291,3.8135037
1087,2174,3.7843187
1087,2000,3.7578077
1087,1721,3.729683
1087,2763,3.7197456
1087,2406,3.6199331
1087,1967,3.6192117
1087,3261,3.6169925
1087,1376,3.4728017
1087,3101,3.4533603
1087,2420,3.4392552
1087,1380,3.431182
1087,494,3.3888817
1087,2770,3.3020668
1087,3827,3.291572
1087,2014,2.9794583
1087,1676,2.2981212
3836,912,4.54002
3836,1212,4.5303144
3836,2762,4.490371
3836,593,4.417721
3836,1213,4.412771
3836,923,4.3800864
3836,1617,4.3259745
3836,1214,4.205497
3836,110,4.1742077
3836,590,4.1148705
3836,943,4.0693445
3836,3160,3.9868293
3836,3072,3.9537451
3836,2872,3.929037
3836,1682,3.9288566
3836,1721,3.9157777
3836,16,3.914094
3836,2671,3.9110594
3836,534,3.9076314
3836,2690,3.8900545
3836,1127,3.8825436
3836,2890,3.8755956
3836,3175,3.863767
3836,1683,3.849489
3836,2366,3.8484404
3836,3793,3.8441777
3836,40,3.8130298
3836,25,3.7821915
3836,1959,3.781305
3836,39,3.7735052
3836,1694,3.763032
3836,161,3.7626433
3836,2001,3.7254117
3836,1183,3.7244854
3836,2273,3.6747677
3836,2167,3.6522284
3836,3081,3.629252
3836,1129,3.616822
3836,253,3.6148334
3836,2344,3.5723906
3836,2518,3.570071
3836,648,3.5167315
3836,3827,3.4648075
3836,3588,3.4434023
3836,2996,3.4356685
3836,1385,3.3845956
3836,1049,3.3291328
3836,2262,3.3250468
3836,225,3.2960103
3836,2803,3.286183
3836,3615,3.283864
3836,2942,3.2422068
3836,3798,3.218763
3836,2688,3.1958346
3836,2710,3.1325321
3836,381,3.121418
3836,2334,3.1105673
3836,317,3.1058826
3836,3752,3.0996995
3836,2581,3.0415673
3836,3825,3.020962
3836,1410,2.7950552
3836,1438,2.4881742
3836,2389,2.4819608
3836,332,2.3751614
3836,2162,2.2971494
3836,173,1.772162
3836,2153,1.4785779
3836,1168,1.4261012
3836,1328,1.4028175
5059,1221,4.507898
5059,1358,4.382191
5059,608,4.370508
5059,589,4.216425
5059,3044,4.077064
5059,1092,4.0382767
5059,474,4.0018225
5059,1407,3.960124
5059,3476,3.8271725
5059,736,3.5131462
5059,22,3.495845
5059,1331,3.4696107
5059,288,3.3942065
5059,292,3.3525827
5059,2688,3.3167295
5059,782,3.1955519
5059,172,2.9733403
5059,3113,2.7088225
1184,2858,4.166621
1184,902,3.8245125
1184,1580,3.7828126
1184,440,3.7806108
1184,3948,3.7533736
1184,3552,3.7440352
1184,1967,3.710967
1184,539,3.7004743
1184,3526,3.6709313
1184,1393,3.6696308
1184,349,3.6616313
1184,1608,3.628013
1184,2763,3.6256592
1184,2077,3.5330348
1184,2297,3.4660282
1184,1663,3.46274
1184,2081,3.4608274
1184,3809,3.4341166
1184,236,3.4244711
1184,1958,3.3855748
1184,351,3.312007
1184,3608,3.2522635
1184,3269,3.2402897
1184,105,3.196579
1184,2694,3.0788975
1184,3500,3.000455
1184,2053,2.4212842
2760,2028,4.5316696
2760,910,4.4109473
2760,3462,4.3948026
2760,590,4.231261
2760,3499,4.065135
2760,2529,3.9508796
2760,3101,3.8978968
2760,272,3.8121676
2612,745,3.9857495
2612,593,3.7462418
2612,1265,3.406703
2612,3072,3.1460454
2612,357,3.0543897
2612,2420,2.3985527
2612,2384,2.3204315
2788,1262,4.7834716
2788,541,4.6916847
2788,1304,4.6215115
2788,3910,4.4902496
2788,529,4.2868934
2788,3067,4.2399025
2788,3678,4.097023
2788,3049,3.7275724
5267,2762,4.3054156
5267,1304,4.117506
5267,1259,3.9306421
5267,3079,3.8306131
5267,2908,3.7836237
5267,1374,3.7206583
5267,1028,3.6918802
5267,3925,3.6655557
5267,314,3.627016
5267,3175,3.6249998
5267,2291,3.471859
5267,3115,3.0666032
3147,527,4.2470317
3147,3114,4.105299
3147,1233,4.0988393
3147,3578,4.0083046
3147,2908,3.828088
3147,480,3.8160567
3147,1089,3.8097107
3147,2542,3.765891
3147,34,3.7322369
3147,2580,3.7322354
3147,866,3.59352
3147,1092,3.5788264
3147,2006,3.5208864
3147,3555,3.4802735
3147,2596,3.4719613
3147,1179,3.4662843
3147,1459,3.4545581
3147,2490,3.3581936
3147,2617,3.3531675
3147,2912,3.2468014
3147,2605,3.241139
3147,2805,3.160835
3147,2710,2.9966094
3147,1391,2.7657924
3147,2598,2.6944215
5167,589,4.506599
5167,1036,4.506501
5167,2160,4.3056197
5167,2662,4.2444544
5167,1127,4.090316
5167,2174,4.040943
5167,2287,3.89799
5167,2455,3.871082
5167,2253,3.5502253
988,1307,4.247871
988,1246,4.1490793
988,1968,3.9074414
988,1641,3.878338
988,122,2.9239595
2634,912,4.549891
2634,670,4.3826876
2634,1537,4.231082
2634,2973,4.184758
2634,3363,3.9908524
2634,3361,3.9863374
2634,1968,3.9842625
2634,531,3.9833195
2634,3747,3.980066
2634,1073,3.9704852
2634,1635,3.9367611
2634,1965,3.9329433
2634,1095,3.924435
2634,2442,3.9225557
2634,1466,3.918996
2634,3260,3.916953
2634,2716,3.9142923
2634,2797,3.8818712
2634,1356,3.8652759
2634,1392,3.857332
2634,25,3.7743776
2634,3078,3.7380464
2634,1401,3.7270164
2634,2770,3.6734285
2634,417,3.579276
2634,380,3.5723312
4275,2762,4.334212
4275,2997,4.000278
4275,296,3.9742424
4275,1393,3.8010585
4275,471,3.4900918
520,858,5.015485
520,912,4.9397554
520,593,4.7277317
520,2028,4.7095976
520,1269,4.7070804
520,1952,4.669822
520,1288,4.6600122
520,2396,4.621273
520,1387,4.598142
520,1674,4.5400667
520,1960,4.5179586
520,1834,4.5127306
520,3317,4.39452
520,2288,4.267097
520,1994,4.1952143
520,151,4.0177517
520,1347,3.997397
520,802,3.9328818
520,3608,3.9321198
520,3524,3.9249878
520,3081,3.9220543
520,3676,3.9198744
520,2874,3.8736353
520,1290,3.8399835
520,224,3.8138661
520,2145,3.8052244
520,2706,3.7599518
520,2976,3.7440639
520,2734,3.7260168
520,648,3.7059662
520,2881,3.433343
520,3115,3.3887522
520,1409,3.117501
520,195,3.062929
3521,930,4.3844
3521,1223,4.349451
3521,905,4.273903
3521,955,4.2667713
3521,898,4.2460318
3521,1228,4.1763425
3521,306,4.1738834
3521,911,4.171664
3521,933,4.168052
3521,3334,4.160983
3521,1089,4.154461
3521,909,4.066581
3521,936,4.0502353
3521,2947,4.0360694
3521,2010,4.0221567
3521,3148,3.9443583
3521,1289,3.9250312
3521,2352,3.918823
3521,594,3.9101744
3521,3039,3.895477
3521,1962,3.867044
3521,2071,3.8667097
3521,3868,3.7973685
3521,25,3.6845007
3521,2371,3.67226
3521,1186,3.6711106
3521,2423,3.6210327
3521,2245,3.491778
3521,2134,3.4912696
3521,2990,3.4583201
3521,3525,3.332554
3521,2133,3.3275127
3521,2110,3.3231905
3521,1135,3.3140368
3521,2877,3.161012
3521,3791,3.0656495
3521,3600,2.9257085
4972,750,4.5872335
4972,1253,4.5059013
4972,1258,4.419142
4972,1301,4.129669
4972,480,4.1074576
4972,440,4.098541
4972,1994,4.0898743
4972,1374,4.051533
4972,117,4.011467
4972,610,3.9441926
4972,1517,3.8924136
4972,2009,3.825817
4972,2665,3.8229408
4972,2985,3.7726467
4972,2287,3.7696066
4972,2455,3.7569237
4972,3699,3.643777
4972,2116,3.5651844
4972,2613,3.5399406
4972,2787,3.4357839
4972,1603,3.321622
4972,3732,3.2598722
4972,1690,3.0761673
4972,3459,3.0628023
4972,2513,3.0312815
4972,2091,2.9895506
4972,2615,2.9544134
4972,435,2.7925422
4972,1349,2.7260814
4972,2460,2.5134156
4972,2465,2.4498537
4972,2456,2.4327955
4972,1987,2.3511508
3044,858,4.765441
3044,457,4.483062
3044,914,4.4004498
3044,1077,4.269244
3044,2671,4.2243724
3044,2716,4.18101
3044,34,4.150517
3044,2967,4.1448474
3044,474,4.142067
3044,524,4.111646
3044,3175,4.107233
3044,3450,4.0871077
3044,1333,4.042938
3044,1485,4.041149
3044,2118,4.025255
3044,2099,4.0105867
3044,2490,3.9622085
3044,587,3.9536693
3044,2022,3.938408
3044,653,3.8918939
3044,2881,3.8875105
3044,3370,3.871584
3044,2136,3.8610566
3044,3809,3.8471909
3044,494,3.836319
3044,2622,3.8064973
3044,251,3.801627
3044,2081,3.798905
3044,1367,3.752756
3044,585,3.700014
3044,3491,3.6856937
1427,1208,4.3301225
1427,2329,4.1902122
1427,553,3.9385896
1427,1393,3.8189828
1427,3916,3.8002744
1427,3361,3.773285
1427,3753,3.7072272
1427,2455,3.6038258
1427,3450,3.4901097
1427,2089,3.3644068
1427,3565,3.344509
1427,3615,3.2661662
1427,1405,3.189809
1427,673,2.8442059
1427,3596,2.657302
1427,432,2.4942007
3847,3578,3.5739088
3847,1210,3.4913306
3847,1411,3.409928
3847,1663,3.315473
3847,1080,3.2815254
3847,1079,3.2515056
3847,1608,3.1589074
3847,3527,3.1382556
3847,3087,3.0226007
3847,587,3.014917
3847,253,2.948227
3847,104,2.9382281
3847,2287,2.9379902
3847,342,2.9202237
3847,832,2.8847296
3847,2985,2.8641756
3847,1376,2.86041
3847,500,2.7878995
3847,2003,2.7664661
3847,2657,2.7629192
3847,2968,2.757886
3847,2431,2.753799
3847,2261,2.6652737
3847,3608,2.63328
3847,288,2.6328003
3847,2640,2.6059635
3847,1614,2.582656
3847,552,2.5805104
3847,2011,2.5580823
3847,1205,2.5041668
3847,1917,2.483605
3847,3033,2.4539282
3847,996,2.4485486
3847,2787,2.339397
3847,2378,2.2800024
3847,196,2.2662945
3847,2862,2.2236748
3847,637,2.090308
3847,2269,2.07381
3847,1762,2.03694
3847,798,2.0289514
3847,2995,1.7303286
3847,2882,1.730089
3847,1562,1.4293187
2256,2918,4.308955
2256,1079,4.0703735
2256,1580,3.9243813
2256,986,3.703539
2256,2167,3.659559
5512,912,4.6233735
5512,1294,4.4747133
5512,2396,4.465518
5512,1291,4.4501595
5512,2947,4.4232297
5512,1380,4.277939
5512,1517,4.2605853
5512,1580,4.1525164
5512,1608,4.1363
5512,3635,4.0559945
5512,2617,4.048255
5512,736,4.0421705
5512,3699,4.026317
5512,1485,4.0130854
5512,1597,4.0110955
5512,2683,3.8787665
5512,434,3.8346658
5512,3688,3.5083892
3700,110,4.4436846
3700,608,4.3588533
3700,590,4.275971
3700,2396,4.182412
3700,3178,4.0072637
3700,1639,3.9544883
3700,1721,3.7508287
3700,2433,3.6891072
3700,2628,3.459238
4259,2858,4.527314
4259,2020,4.232445
4259,3623,3.7550159
4259,3617,3.7495182
2447,671,4.2389016
2447,2261,4.1895022
3690,3114,3.7083492
3690,2858,3.6595874
3690,1060,3.506424
3690,2997,3.47043
3690,1,3.4036717
3690,353,3.2347143
3690,3255,3.2193022
3690,3267,3.2004278
3690,1653,3.1959767
3690,2431,3.173824
3690,1620,3.1616468
3690,2890,3.147202
3690,1552,3.1340134
3690,3556,3.125075
3690,2490,3.087491
3690,647,3.0339036
3690,1884,2.9495225
3690,105,2.9264565
3690,231,2.885035
3690,1003,2.8116865
3690,170,2.806935
3690,1463,2.8041952
3690,2860,2.710132
3690,42,2.6720576
3690,3263,2.671324
3690,990,2.6370234
3690,3208,2.6110373
3690,2505,2.5708418
3690,2169,2.5338168
3690,880,2.528765
3690,2389,2.2381935
3690,3238,2.129706
3690,3835,1.9901054
3690,618,1.9261023
1374,527,4.485868
1374,1233,4.2529254
1374,1617,4.2050724
1374,296,4.137035
1374,2132,3.979079
1374,1041,3.9708064
1374,1097,3.9059849
1374,265,3.8473673
1374,531,3.705971
1374,1732,3.6256552
1374,3100,3.6106796
1374,2023,3.2845063
4502,2019,4.596304
4502,923,4.4027033
4502,1299,4.398529
4502,908,4.395418
4502,954,4.3388424
4502,1247,4.3209515
4502,1287,4.2673163
4502,1214,4.181451
4502,1230,4.1645093
4502,111,4.163232
4502,1270,4.1550026
4502,562,3.9860702
4502,1103,3.9619098
4502,1078,3.9199934
4502,1517,3.9112926
4502,3364,3.909801
4502,3019,3.9018831
4502,2018,3.898392
4502,2423,3.8846016
4502,1957,3.8746204
4502,1732,3.8275683
4502,1584,3.816823
4502,2852,3.7052393
4502,2015,3.6646152
4502,2539,3.6504917
4502,2657,3.627656
4502,2407,3.6233096
4502,2297,3.616356
4502,3699,3.5678365
4502,571,3.564081
4502,1334,3.4910502
4502,3649,3.4440856
4502,2259,3.329074
4502,416,3.1625757
4502,737,2.0823083
3720,858,4.162861
3720,3256,3.7251918
3720,1176,3.705637
3720,589,3.6739717
3720,3060,3.6347744
3720,161,3.6223278
3720,515,3.6089365
3720,2069,3.5816467
3720,1968,3.5747507
3720,3159,3.5329864
3720,3129,3.511579
3720,3267,3.485787
3720,2278,3.4460778
3720,3450,3.4388866
3720,2236,3.3886871
3720,491,3.3643754
3720,507,3.347483
3720,2803,3.338314
3720,83,3.3014183
3720,376,3.2586763
3720,3755,3.1657784
3720,208,2.452397
2011,318,4.767673
2011,905,4.501326
2011,951,4.4315147
2011,3114,4.3490357
2011,914,4.2711983
2011,1079,4.2290483
2011,1188,4.148262
2011,2352,4.1097465
2011,3361,4.1095448
2011,3510,4.108243
2011,1035,4.0754986
2011,3793,4.0164137
2011,892,3.9859788
2011,2716,3.9791837
2011,1527,3.974237
2011,2763,3.9357064
2011,1500,3.9256248
2011,2278,3.836165
2011,380,3.8032622
2011,7,3.7398853
2011,648,3.7383242
2011,165,3.7057981
2011,1845,3.6922777
2011,3763,3.6460118
2011,748,3.4527621
2011,3744,3.2956583
1835,2186,5.17589
1835,527,5.157733
1835,922,5.111965
1835,1219,5.106238
1835,1213,5.0811386
1835,1256,5.0495753
1835,1197,5.0321445
1835,899,4.997675
1835,1267,4.990194
1835,2918,4.8969007
1835,1387,4.8902855
1835,1263,4.8839974
1835,2300,4.868617
1835,307,4.8345056
1835,1625,4.7740397
1835,213,4.7583103
1835,2336,4.737823
1835,1357,4.728167
1835,2682,4.7063704
1835,1227,4.704152
1835,3471,4.702173
1835,3210,4.68295
1835,1912,4.625696
1835,3361,4.619875
1835,1050,4.61958
1835,3104,4.6172724
1835,235,4.602645
1835,1270,4.595379
1835,1653,4.5861673
1835,2716,4.584156
1835,2700,4.550085
1835,1179,4.5463924
1835,3163,4.5460563
1835,364,4.5446105
1835,1678,4.539065
1835,2915,4.5308237
1835,3418,4.4900894
1835,1408,4.488598
1835,2750,4.475768
1835,539,4.4502172
1835,1672,4.431364
1835,3252,4.4274178
1835,299,4.414775
1835,1747,4.386899
1835,2355,4.38556
1835,1699,4.3495274
1835,369,4.341415
1835,57,4.3228326
1835,2301,4.3141894
1835,3479,4.3124065
1835,183,4.286031
1835,3425,4.142817
1835,2110,4.0836077
1835,1518,4.082904
1835,2746,4.079542
1835,2166,4.0660105
1835,2414,4.0501637
1835,2005,4.00914
1835,708,3.987722
1835,81,3.9731133
1835,2476,3.9657161
1835,1042,3.9521642
1835,3770,3.9476542
1835,2111,3.8376105
1835,1620,3.7779257
1835,786,3.612783
1835,1917,3.6109664
1835,3704,3.5485744
1835,3218,3.5406127
1835,2787,3.5044036
1835,1644,3.3933167
1835,2377,3.3740778
1835,184,3.3299546
1835,1983,2.9643915
1835,1438,2.9096065
1835,2421,2.8093343
1835,1985,2.7392526
1835,2149,2.4846056
1835,2642,2.2039723
1835,2816,2.1744075
1835,1978,2.116336
1835,1381,2.0002584
1835,2643,1.7939669
1835,3690,1.640269
215,356,4.7194495
215,1527,4.625841
215,3072,4.5918627
3007,597,3.9730487
3007,1374,3.9728708
3007,3868,3.722591
3007,1680,3.7182674
3007,2529,3.516067
3007,3928,3.494625
3007,2099,3.405877
3007,661,3.4005663
3007,2916,3.37976
3007,3450,3.3512344
3007,410,3.0632474
3007,3869,2.8476586
3007,1801,2.6028693
3007,218,2.5740228
3007,1479,2.5221064
3007,3324,2.4753544
3007,366,2.4057012
3007,466,2.3777623
3007,379,2.191649
3007,637,2.177913
3007,2500,2.1257262
3007,3248,1.9480202
3007,1831,1.8987929
3055,1208,4.3008423
3055,1242,4.190819
3055,1217,4.1142716
3055,2248,3.990192
3055,3147,3.9747121
3055,1188,3.9402382
3055,1387,3.9085433
3055,1321,3.8518844
3055,249,3.8310456
3055,2020,3.7611642
3055,1407,3.743022
3055,592,3.742661
3055,367,3.623207
3055,441,3.5980902
3055,2455,3.5494943
3055,3033,3.5468624
3055,1378,3.5405262
3055,253,3.4987993
3055,748,3.3821325
3055,2826,3.291573
3055,512,3.245861
3055,2088,3.0122304
3055,379,2.966301
3055,2719,2.6581454
3055,2338,2.5570846
3055,1562,2.4556305
1246,50,4.2788067
1246,2028,4.185451
1246,1203,4.1787663
1246,2329,4.1514444
1246,1704,4.1285343
1246,1221,4.110935
1246,608,4.108754
1246,1213,4.089016
1246,1617,4.074244
1246,2501,4.0165343
1246,150,3.9920187
1246,924,3.9627762
1246,2609,3.9471118
1246,62,3.945899
1246,1291,3.9457788
1246,3753,3.878868
1246,2664,3.8756201
1246,733,3.779222
1246,741,3.7786345
1246,3868,3.7511296
1246,6,3.7509756
1246,1396,3.7508268
1246,2687,3.7274604
1246,1968,3.7240424
1246,1094,3.7099068
1246,2140,3.702458
1246,1374,3.6994815
1246,3948,3.6808012
1246,1912,3.670834
1246,163,3.6691532
1246,1580,3.6673574
1246,2763,3.664517
1246,1407,3.6616364
1246,1385,3.6010966
1246,2137,3.580563
1246,1748,3.5780313
1246,2841,3.5531192
1246,2527,3.5428572
1246,2353,3.537426
1246,3087,3.527471
1246,3745,3.5259907
1246,2134,3.5133948
1246,252,3.5114563
1246,1754,3.4528859
1246,1883,3.4528172
1246,2617,3.4472556
1246,2124,3.4402454
1246,1339,3.4234488
1246,353,3.39439
1246,2143,3.3540394
1246,748,3.3010628
1246,3717,3.2998543
1246,219,3.2442665
1246,3156,3.2115726
1246,367,3.1926854
1246,1753,3.1620202
1246,2041,3.143796
1246,1064,3.1391034
1246,1391,3.1094875
1246,1405,3.0074348
1246,2531,2.9738224
1246,1920,2.9443347
1246,44,2.751595
1246,1606,2.6660552
1246,160,2.6267948
1246,3438,2.6139395
1246,3355,2.4498737
1246,3785,2.3652337
2639,318,4.60428
2639,2324,4.352519
838,1206,4.5889196
838,29,4.5023894
838,2594,4.4689555
838,1019,4.381793
838,2318,4.351694
838,3192,4.3474913
838,3823,4.3002043
838,1909,4.2999315
838,2987,4.292104
838,2443,4.291396
838,3005,4.1671333
838,3699,3.8192296
838,1391,3.7441416
838,3909,3.6240654
838,3898,3.5430198
838,3509,3.4554513
1010,912,4.1325955
1010,1193,4.064797
1010,750,4.0413837
1010,1213,4.031984
1010,1203,3.975276
1010,1234,3.9545221
1010,246,3.911781
1010,1276,3.8574057
1010,3683,3.8298395
1010,1147,3.7989073
1010,3911,3.785632
1010,1358,3.7824783
1010,2336,3.72024
1010,2289,3.6926064
1010,2951,3.6392152
1010,1960,3.628555
1010,110,3.6279094
1010,2761,3.6201248
1010,356,3.5870492
1010,1732,3.5441897
1010,457,3.5408924
1010,1594,3.4990098
1010,1546,3.4558609
1010,3920,3.450492
1010,47,3.4434395
1010,1179,3.440219
1010,2391,3.4145606
1010,2542,3.3937998
1010,3246,3.3850307
1010,595,3.3718176
1010,2611,3.3598428
1010,3680,3.359171
1010,3175,3.3392012
1010,1653,3.3275023
1010,2139,3.3003418
1010,1517,3.291019
1010,2312,3.2598157
1010,588,3.2450645
1010,1883,3.2133346
1010,1257,3.169314
1010,509,3.1635988
1010,3358,3.1428556
1010,1663,3.0836954
1010,3499,3.0641382
1010,2282,3.062185
1010,161,3.0178468
1010,1407,2.968676
1010,2140,2.9516132
1010,229,2.8865097
1010,69,2.8650737
1010,2097,2.8342483
1010,2232,2.7544546
1010,2371,2.6982775
1010,1824,2.6692433
1010,2926,2.588757
1010,1645,2.5669763
1010,377,2.5356483
1010,1711,2.5096874
1010,1620,2.451127
1010,3698,2.4203231
1010,354,2.4148674
1010,1020,2.3992865
1010,3450,2.3817096
1010,2469,2.3614354
1010,351,2.3248682
1010,1405,2.2696214
1010,3254,2.1341076
1010,1371,2.1018176
1010,1391,2.0805576
1010,520,2.067224
1010,3082,1.9894733
1010,1339,1.97943
1010,2402,1.961059
1010,511,1.866925
1010,2168,1.857683
1010,3285,1.7000718
1010,3208,1.6755582
1010,2900,1.6286701
1010,2794,1.6054224
1010,2369,1.5989602
1010,1468,1.586535
1010,2953,1.530813
1010,3841,1.5287743
1010,1342,1.5185188
1010,2793,1.4467311
1010,464,1.4291196
1010,3243,1.4285932
1010,1601,1.4194442
1010,255,1.4183649
1010,438,1.407567
1010,1373,1.4059516
1010,3024,1.4049134
1010,2986,1.3841048
1010,360,1.3548472
1010,2315,1.335158
1010,2451,1.3333961
1010,3710,1.2944788
1010,564,1.2393532
1010,3438,1.2252564
1010,737,1.2243319
2015,527,4.1688876
2015,1196,3.9938731
2015,1136,3.7899146
2015,3481,3.603512
2015,553,3.6022296
2015,1358,3.5958595
2015,594,3.5732934
2015,3421,3.5692255
2015,587,3.5535538
2015,2302,3.5518847
2015,1215,3.5496511
2015,780,3.5472643
2015,2431,3.5305078
2015,441,3.5251095
2015,1370,3.5091515
2015,2000,3.505023
2015,1129,3.5006635
2015,180,3.4906187
2015,2795,3.4700363
2015,3507,3.46523
2015,2021,3.460213
2015,1608,3.4482536
2015,2690,3.446764
2015,1639,3.43088
2015,2115,3.429604
2015,1663,3.4273314
2015,648,3.4055805
2015,3039,3.3922095
2015,3911,3.3905718
2015,1441,3.3392246
2015,2949,3.3257587
2015,2353,3.3154848
2015,3266,3.3014383
2015,2248,3.2709198
2015,163,3.21086
2015,2249,3.2028413
2015,1693,3.1798356
2015,1687,3.1697762
2015,830,3.1537032
2015,2366,3.1351693
2015,1589,3.1148758
2015,2470,3.108998
2015,3591,3.1055245
2015,1059,3.104095
2015,2405,3.097674
2015,1375,3.096112
2015,2585,3.0865817
2015,3358,3.0839481
2015,524,3.0690274
2015,1347,3.0648232
2015,3399,3.055356
2015,813,3.0359452
2015,3614,3.028317
2015,2106,3.02536
2015,3638,3.0151744
2015,2717,3.011696
2015,434,3.0067754
2015,3752,3.0047562
2015,1373,3.0043726
2015,1163,2.9733646
2015,2148,2.9720285
2015,2641,2.948801
2015,2116,2.9411159
2015,2374,2.9347367
2015,3264,2.9175115
2015,2100,2.890655
2015,413,2.8816082
2015,3930,2.8722897
2015,20,2.853193
2015,2093,2.8017437
2015,2416,2.7869208
2015,1405,2.780549
2015,637,2.7709644
2015,2953,2.753828
2015,3180,2.7293625
2015,65,2.727007
2015,1772,2.713499
2015,174,2.6722322
2015,438,2.6528437
2015,1863,2.6512601
2015,710,2.6453097
2015,1882,2.599708
2015,1445,2.5631592
2015,2549,2.556405
2015,419,2.5563078
2015,1439,2.5416625
2015,1862,2.5238664
2015,1969,2.500555
2015,762,2.4902048
2015,1391,2.4879403
2015,1977,2.4806166
2015,3572,2.2196054
2015,1707,2.1990259
2015,3268,2.0138042
2015,66,1.8862565
5,1213,3.9545488
5,1704,3.8454158
5,3083,3.7893362
5,2908,3.6702323
5,3578,3.656208
5,2890,3.5610862
5,2333,3.5119696
5,3079,3.5055625
5,194,3.4599428
5,3100,3.4115427
5,1610,3.2869987
5,3163,3.2470322
5,506,3.2381463
5,509,3.1774113
5,39,3.0738046
5,1127,2.7941554
5,2384,2.466265
5,3514,2.420141
5,2717,2.1011128
3936,3089,5.0320673
3936,590,4.61962
3936,994,4.579993
3936,2580,4.418948
3936,1682,4.3279986
725,318,4.8004313
725,527,4.729608
725,296,4.5237594
725,615,4.2497015
725,2359,4.1853275
725,1923,4.1540475
725,535,4.0932827
725,356,4.072727
725,2302,4.072503
725,3067,4.0724974
2796,2762,3.649809
2796,2571,3.4674942
2796,904,3.4316688
2796,47,3.3538918
2796,922,3.3371787
2796,593,3.312183
2796,955,3.2435088
2796,1234,3.1518574
2796,1721,3.014699
2796,1200,3.0114093
2796,1356,2.9291282
2796,3751,2.8706574
2796,1639,2.7258153
2796,3408,2.7143009
2796,2212,2.7016664
2796,780,2.5823436
2796,1673,2.565971
2796,832,2.5495682
2796,595,2.4902534
2796,7,2.4202194
2796,34,2.384057
2796,2455,2.3439198
2796,1343,2.3349648
2796,2144,2.3161273
2796,2413,2.2593179
2796,2135,2.1848803
2796,2527,2.1780005
2796,224,2.173753
2796,3033,2.0857944
2796,353,2.0296102
2796,2699,1.9859813
2796,2163,1.7922521
2796,2668,1.7482786
2796,173,1.6133341
2796,3257,1.6018971
5788,260,4.6290865
5788,527,4.5775833
5788,1197,4.4844275
5788,2064,4.378237
5788,1449,4.3197236
5788,1259,4.2867684
5788,2248,4.279332
5788,2959,4.2601614
5788,1079,4.2291584
5788,1222,4.1807423
5788,1954,4.1639643
5788,3147,4.118361
5788,1220,3.9621754
5788,3052,3.941721
5788,2150,3.9331403
5788,3396,3.922214
5788,1517,3.9024189
5788,1210,3.8912196
5788,1028,3.8777783
5788,3543,3.8482482
5788,2160,3.82528
5788,1414,3.8174038
5788,2118,3.784246
5788,3812,3.76784
5788,1994,3.7485118
5788,3129,3.7374845
5788,2706,3.6812487
5788,339,3.5229368
5788,3256,3.5090737
5788,1527,3.4414692
5788,2403,3.4194715
5788,2424,3.4075675
5788,3760,3.3721263
5788,3255,3.360556
5788,2111,3.2623365
5788,1407,3.22161
5788,2406,3.2026043
5788,2710,3.190376
5788,517,3.157207
5788,367,3.1277485
5788,1135,3.095067
5788,1376,3.0645502
5788,2792,3.0399704
5788,3770,3.032543
5788,1441,3.0318532
5788,2006,3.0251255
5788,2617,2.98662
5788,1339,2.957871
5788,2409,2.955801
5788,2478,2.7932184
5788,2012,2.7828915
5788,2978,2.7647347
5788,1924,2.7092235
5788,719,2.6856287
5788,1687,2.6087365
5788,2378,2.5898929
5788,2325,2.5852017
5788,434,2.5524707
5788,2898,2.4560697
5788,1665,2.446134
5788,818,2.4179919
5788,1409,2.3731034
5788,2530,2.3726227
5788,479,2.369706
5788,2468,2.3605044
5788,1717,2.3589585
5788,2322,2.2357183
5788,2122,2.1838663
5788,166,2.1717863
5788,725,2.155275
5788,3243,2.1426644
5788,2374,2.1368947
5788,2835,1.9883896
5788,2296,1.9393859
5788,829,1.9252841
5788,3438,1.7836031
5788,2387,1.7313092
5788,1011,1.7312689
5788,742,1.713557
5788,15,1.6686206
5788,2373,1.6592855
5788,881,1.6448958
5788,1626,1.6422477
5788,1126,1.6334403
5788,173,1.6301583
5788,3048,1.5959027
5788,1985,1.5937511
5788,518,1.5647143
5788,688,1.5239668
5788,1988,1.4503465
5788,1978,1.3059732
5788,2568,1.3009763
5788,1707,1.2734596
5788,1497,1.2615025
5788,546,1.2608756
5788,2152,1.1505388
5788,1599,1.0815282
922,908,4.6434717
922,527,4.6416454
922,296,4.471047
922,954,4.438608
922,608,4.4158764
922,953,4.38509
922,2324,4.3846226
922,1247,4.3754005
922,1291,4.2349396
922,2959,4.209214
922,2997,4.159642
922,1214,4.1421876
922,2268,4.08423
922,2948,4.074317
922,3246,3.981504
922,1302,3.9019003
922,1500,3.8733587
922,3178,3.8701704
922,3793,3.7993808
922,2321,3.7795424
922,1721,3.6768064
922,3176,3.6450434
922,3753,3.6368241
922,454,3.5742714
922,1917,3.4255285
922,3555,3.3974743
922,1573,3.3577585
922,2094,3.066083
922,1479,2.9739242
922,3623,2.9289699
922,3785,2.6207056
4472,1294,3.8958352
4472,1961,3.8782182
4472,150,3.8662186
4472,920,3.7991285
4472,2948,3.7750053
4472,1214,3.7714298
4472,1955,3.7643917
4472,3201,3.7205184
4472,1265,3.6932778
4472,2921,3.6657543
4472,3451,3.6513968
4472,1608,3.6302993
4472,2150,3.6285746
4472,2872,3.606123
4472,2167,3.5831928
4472,2870,3.5540326
4472,1952,3.526111
4472,3074,3.5180964
4472,587,3.5153365
4472,647,3.4982266
4472,1378,3.497814
4472,3505,3.4818957
4472,1479,3.4801755
4472,381,3.461951
4472,1093,3.4609249
4472,2640,3.43214
4472,3269,3.422484
4472,2672,3.4040537
4472,2890,3.3941593
4472,2881,3.388463
4472,1027,3.3676453
4472,204,3.3218834
4472,2340,3.3149602
4472,2942,3.307744
4472,494,3.3038795
4472,3259,3.3002596
4472,2023,3.2985432
4472,442,3.2777555
4472,1059,3.2550266
4472,288,3.228325
4472,2722,3.2132432
4472,924,3.156854
4472,1752,3.1315143
4472,1043,3.128638
4472,2701,2.6571841
4735,3435,4.418497
4735,1252,4.4150033
4735,1260,4.309674
4735,111,4.1985855
4735,931,4.0343585
4735,2366,3.8477988
4735,492,3.775941
4735,1422,3.3419077
2764,318,4.7801676
2764,912,4.7116785
2764,750,4.629027
2764,1252,4.61112
2764,1197,4.5966387
2764,1213,4.5934205
2764,923,4.503594
2764,969,4.439519
2764,1225,4.439303
2764,3196,4.4363017
2764,1269,4.425349
2764,111,4.3917403
2764,1231,4.3252087
2764,3359,4.3160524
2764,246,4.3090677
2764,1097,4.2683706
2764,2761,4.266989
2764,2917,4.2193294
2764,1185,4.206064
2764,2644,4.1478386
2764,1357,4.123296
2764,1282,4.113104
2764,3836,4.085056
2764,535,4.0613976
2764,3071,4.0449
2764,2391,4.001257
2764,1962,3.9996567
2764,3613,3.969618
2764,1094,3.960929
2764,2687,3.9036381
2764,2993,3.8579578
2764,1909,3.850821
2764,511,3.258663
2764,709,3.1009731
3976,1221,4.5339212
3976,1280,4.4680433
3976,910,4.3404884
3976,1246,4.289828
3976,1096,4.191231
3976,2745,4.1653414
3976,2318,4.16189
3976,1179,4.106769
3976,1873,4.071895
3976,32,4.041451
3976,2081,4.0406036
3976,3363,3.9997895
3976,2000,3.9544187
3976,1028,3.8346083
3976,2770,3.3957558
3976,2598,3.3937316
3976,1093,3.1141086
3976,2600,3.0493886
3976,2688,2.8187895
3976,2492,2.7872205
3976,1854,2.7599154
3976,1498,2.4487386
3976,2147,2.3577251
3976,2430,2.2959185
3976,2861,2.1359427
3976,2568,1.394017
1034,912,4.2360296
1034,1204,4.2342997
1034,928,4.0031643
1034,965,3.9516733
1034,3196,3.9291348
1034,1939,3.8920596
1034,1784,3.8707418
1034,3147,3.8464117
1034,1944,3.771366
1034,3545,3.7469454
1034,2948,3.7036042
1034,2204,3.6918898
1034,2078,3.6896288
1034,2312,3.6471524
1034,3086,3.6089964
1034,3871,3.604788
1034,3111,3.602161
1034,587,3.599032
1034,2087,3.5966668
1034,2687,3.595324
1034,3159,3.5354943
1034,3916,3.53275
1034,1013,3.5040803
1034,3591,3.5000198
1034,2013,3.4308758
1034,3447,3.4199278
1034,2110,3.385315
1034,3515,3.3548422
1034,2034,3.0914178
1034,1377,3.0502849
1034,3623,2.9551158
1034,1011,2.9135022
1034,2429,2.8442764
1034,2123,2.731659
1034,761,2.7260232
1034,3326,2.5942764
1034,2950,2.5639915
1034,2411,2.3513513
1034,2701,2.190307
2303,1198,4.7724895
2303,47,4.4999285
2303,1784,4.4204206
2303,1953,4.417452
2303,3062,4.378399
2303,2947,4.3735137
2303,1041,4.373277
2303,1240,4.3684025
2303,1674,4.3638496
2303,3508,4.3518934
2303,1101,4.296899
2303,1387,4.284111
2303,3654,4.280415
2303,2948,4.2716303
2303,1580,4.13782
2303,2401,4.093995
2303,1909,4.0343194
2303,2912,3.9888544
2303,1372,3.974702
2303,2291,3.950234
2303,2439,3.9475803
2303,3699,3.9019241
2303,1620,3.899613
2303,1375,3.8816113
2303,3300,3.8128862
4595,1198,4.880678
4595,3468,4.7977476
4595,1299,4.7564974
4595,1270,4.404358
4595,3703,4.1589136
4595,3576,4.0968876
1547,908,4.3687153
1547,1247,4.2750626
1547,3468,4.239974
1547,911,4.1631737
1547,2067,4.0779824
1547,1206,4.0621433
1547,1387,3.9121525
1547,3654,3.8878212
1547,902,3.8875194
1547,1277,3.8584554
1547,515,3.8485255
1547,2321,3.6910784
1547,1124,3.6828609
1547,480,3.6603303
1547,1633,3.6403456
1547,2424,3.3303173
5174,1344,4.510394
5174,235,4.346307
5174,3146,3.1771579
1367,899,4.481893
1367,1304,4.3491483
1367,2918,4.190082
1367,590,4.1771755
1367,1073,4.076999
1367,1968,4.0629506
1367,2921,4.0287805
1367,2302,3.993583
1367,2716,3.9650223
1367,1500,3.9639292
1367,3527,3.906834
1367,3703,3.887111
1367,1356,3.8453553
1367,2011,3.828628
1367,2371,3.826298
1367,2311,3.8033178
1367,2916,3.7934542
1367,1372,3.7039182
1367,2294,3.6678112
1367,2736,3.5627387
1367,1007,3.4383345
1367,586,3.3686125
1367,158,3.2093558
1367,1513,3.1617541
1367,1021,3.1604803
891,1266,4.2346544
891,2686,4.219129
891,3545,4.2119536
891,589,4.0868883
891,555,4.083421
891,2395,4.0353794
891,1188,3.9861646
891,1028,3.972112
891,594,3.9459655
891,206,3.844384
891,39,3.8346467
891,3793,3.7836697
891,1393,3.783614
891,1566,3.6307797
891,2770,3.6074095
891,648,3.4019828
891,2976,3.3048577
891,3262,3.263459
891,1619,3.2122903
891,2688,3.135062
891,780,2.7834811
891,3354,1.8563128
5434,1213,4.661673
5434,1206,4.6104918
5434,1938,4.38075
5434,529,4.350589
5434,162,4.326367
5434,1682,4.3233933
5434,1957,4.3070602
5434,1285,4.3015385
5434,2268,4.2943406
5434,3105,4.2849903
5434,1500,4.2251015
5434,2398,4.187576
5434,2750,4.1823244
5434,1357,4.1794233
5434,348,4.073597
5434,3543,4.0580225
5434,3476,4.0015593
5434,1663,3.994182
5434,454,3.9059937
5434,45,3.898319
5434,2282,3.8253186
5434,2640,3.8218932
5434,52,3.7643003
5434,3055,3.6268828
5434,3082,3.6074562
5434,2996,3.5784392
5434,1896,3.2434142
5434,1391,3.147718
5434,2034,2.7254906
1153,3793,3.4887161
1153,3185,3.2738757
1153,785,3.0257728
1153,2572,2.9005983
1153,2672,2.7579055
1153,2881,2.5446823
1153,2485,2.388021
1153,3564,1.3740745
1153,3593,1.2248843
3807,1358,4.412443
3807,2648,4.116083
3807,3703,4.0669446
3807,2000,4.0514393
3807,1885,3.994218
3807,2700,3.961113
3807,1343,3.958213
3807,2118,3.942062
3807,1580,3.8941956
3807,2005,3.8772044
3807,2649,3.8765318
3807,2707,3.8591845
3807,2001,3.799726
3807,2159,3.782756
3807,1375,3.7018661
3807,3441,3.6707363
3807,2784,3.6631825
3807,2617,3.662018
3807,2672,3.6492014
3807,2541,3.6074562
3807,2688,3.4820738
3807,70,3.4701927
3807,512,3.417162
3807,1983,3.350946
3807,2054,3.3443294
3807,172,3.1879716
3807,2163,3.1400914
3807,1771,3.002554
3807,2328,2.8803287
3807,1438,2.63216
3807,540,2.6064644
3807,3839,2.5125785
3807,1969,2.494264
3807,2122,2.4078665
3807,1973,2.3931448
3807,2448,2.352855
3807,2525,2.261307
3807,3665,2.238919
3807,1979,2.1416445
3807,3439,2.1086366
3807,3664,2.0734525
3807,519,2.0108244
3807,1978,1.8363024
3807,2655,1.835968
3807,2515,1.7384212
3505,2186,4.389757
3505,2908,4.005389
3505,594,3.9041116
3505,3357,3.8079293
3505,3578,3.7251582
3505,1517,3.6601915
3505,2696,3.498008
3505,2424,2.7087212
3505,1027,2.5750582
3505,2063,1.9349492
3626,923,4.438299
3626,541,4.3081408
3626,318,4.295396
3626,2762,4.2465887
3626,150,4.1993966
3626,1266,4.1876125
3626,1225,4.1185303
3626,1,4.1108255
3626,480,4.10435
3626,2160,4.088517
3626,1721,4.086487
3626,364,4.0549703
3626,1608,4.013339
3626,180,4.0087423
3626,1393,3.9676855
3626,594,3.9599185
3626,1206,3.9535792
3626,2763,3.9470427
3626,1101,3.9450517
3626,3479,3.896005
3626,104,3.895975
3626,1729,3.872794
3626,1012,3.8677187
3626,1321,3.8401062
3626,1032,3.832584
3626,1029,3.8055687
3626,3635,3.805296
3626,3763,3.7966604
3626,2161,3.7961257
3626,2890,3.7875118
3626,2707,3.7741504
3626,1285,3.7677667
3626,3087,3.759861
3626,3494,3.7593982
3626,648,3.75418
3626,2371,3.7421722
3626,3082,3.739909
3626,349,3.7381914
3626,2133,3.6876621
3626,2735,3.66284
3626,1569,3.6529891
3626,852,3.64096
3626,3066,3.6213953
3626,177,3.5854924
3626,2540,3.5760212
3626,1457,3.5632892
3626,329,3.5305023
3626,1352,3.4912171
3626,407,3.4805825
3626,370,3.46658
3626,2374,3.462824
3626,2054,3.447494
3626,2469,3.4449728
3626,2929,3.442782
3626,2095,3.4422672
3626,2363,3.44203
3626,3389,3.4118192
3626,2722,3.405995
3626,1588,3.4026172
3626,2142,3.3828962
3626,1100,3.3818073
3626,2410,3.3734074
3626,485,3.3670917
3626,3017,3.365627
3626,1837,3.3475518
3626,479,3.346212
3626,288,3.3354774
3626,2956,3.3302732
3626,1626,3.3275146
3626,415,3.3152335
3626,2253,3.2915368
3626,2953,3.27893
3626,2995,3.262099
3626,833,3.1865966
3626,2315,3.1485775
3626,2338,3.1415448
3626,3768,3.1038678
3626,2113,3.0755796
3626,1497,3.033534
3626,1969,2.84613
3626,2798,2.7804072
3626,1681,2.7741373
2840,2997,3.8482409
2840,590,3.7252674
2840,2918,3.7117045
2840,924,3.693243
2840,1265,3.6473489
2840,1210,3.641546
2840,1635,3.566616
2840,16,3.5503778
2840,3256,3.5426412
2840,2302,3.5362296
2840,154,3.4980688
2840,39,3.4873247
2840,3267,3.4701385
2840,2599,3.4615521
2840,2700,3.415535
2840,3793,3.3847022
2840,1356,3.3565097
2840,147,3.2594988
2840,1777,3.2527428
2840,1645,3.1526055
2840,1688,2.89027
2840,3444,2.763684
2840,23,2.7583814
2840,640,2.6837285
2840,2694,2.3410745
2840,1438,2.263822
2840,63,2.1569648
2840,1499,1.8813897
2840,1562,1.7860283
2840,1004,1.7686806
4631,608,4.2818136
4631,1242,4.1326427
4631,2997,4.0802774
4631,2797,3.8569703
4631,290,3.8553188
4631,2951,3.8536205
4631,2395,3.7815337
4631,1210,3.7739182
4631,1589,3.3016906
4631,480,3.1958833
4631,2005,2.9491787
4631,2161,2.6822739
4631,2598,2.4395666
2575,858,4.5426183
2575,2571,4.368023
2575,1275,4.004591
2575,1912,3.8006334
2575,2841,3.7963097
2575,1587,3.7401726
2575,2001,3.697366
2575,329,3.6304178
2575,2881,3.595296
2575,2714,3.5137138
2575,2840,3.4407396
2575,2574,3.0818224
2575,1037,3.0172293
2575,2906,2.763791
3648,2571,4.0137444
3648,2692,3.8248868
3648,608,3.7258563
3648,1210,3.5840693
3648,1968,3.5814018
3648,1036,3.576871
3648,1584,3.5247948
3648,1466,3.433248
3648,1393,3.4285216
3648,2243,3.345801
3648,1215,3.3298523
3648,316,3.3249397
3648,2355,3.2840483
3648,1885,3.2613955
3648,3210,3.2116585
3648,165,3.1926944
3648,3418,3.171907
3648,1597,3.1307907
3648,3114,3.1234944
3648,2860,3.1189692
3648,2012,3.1007419
3648,2407,3.0863035
3648,3861,3.0747294
3648,3502,3.055506
3648,3703,3.0473495
3648,800,3.0143325
3648,3174,3.0108528
3648,3250,2.997066
3648,2402,2.963959
3648,852,2.9445324
3648,88,2.9423308
3648,585,2.9353213
3648,1717,2.9289768
3648,1390,2.8717036
3648,784,2.84181
3648,5,2.8128219
3648,410,2.8117638
3648,2123,2.7960637
3648,494,2.7636194
3648,277,2.7556093
3648,3028,2.750054
3648,3156,2.7405212
3648,3790,2.727362
3648,3882,2.724338
3648,2168,2.7194674
3648,2188,2.7101974
3648,504,2.6997757
3648,3810,2.698513
3648,3705,2.595619
3648,271,2.577425
3648,725,2.531004
3648,2712,2.4826207
3648,438,2.2161584
3648,2986,2.1539893
3648,2642,2.1086893
3648,160,1.9677742
3648,2412,1.8685759
3648,3392,1.7399622
3648,2816,1.7152648
3648,1681,1.6232588
4055,50,4.578395
4055,2571,4.374752
4055,293,4.156236
4055,1834,3.967132
4055,2542,3.9496732
4055,3175,3.9091268
4055,515,3.8603287
4055,428,3.7972827
4055,1732,3.740287
4055,1633,3.7251832
4055,441,3.6885302
4055,893,3.6688673
4055,3178,3.632884
4055,539,3.1973839
4055,1589,3.190333
4055,1805,3.165915
4055,2006,3.1343064
4055,1909,3.112093
4055,86,3.0374215
4055,2159,3.026136
4055,2628,2.9269614
4055,350,2.899986
4055,1711,2.8998394
4055,1459,2.8496413
4055,532,2.7990375
4055,376,2.70754
4055,2598,2.6972916
4055,3141,2.6664627
4055,852,2.6522017
4055,1379,2.394356
4055,1646,2.2097924
4055,2953,1.9578383
4055,575,1.8357838
4055,2170,1.8245869
4055,3821,1.7718775
4055,19,1.5658774
4055,1581,1.435394
4055,880,1.3542153
4055,1707,1.2261672
4055,502,1.2186909
4055,405,1.1752443
4055,1005,1.124243
113,3578,4.21166
113,3793,3.8965538
113,3285,3.5191412
113,3238,2.588974
3386,2501,4.316823
3386,2858,4.2609167
3386,1307,4.2356777
3386,1265,3.9988592
3386,2289,3.880986
3386,2599,3.874515
3386,3052,3.8614402
3386,1050,3.7811108
3386,3538,3.729011
3386,2174,3.583344
3386,2770,3.4911375
3386,2106,3.4679909
3386,3515,3.4059248
3386,3623,3.3829474
3386,1801,3.1644316
3386,2805,2.792863
3386,3826,2.7640536
3386,2712,2.6798875
3136,1240,4.123686
3136,3548,3.9511876
3136,3175,3.8254666
3136,2337,3.3677669
3136,2657,3.2461176
2478,858,4.030081
2478,904,4.016926
2478,1204,4.00131
2478,908,3.999688
2478,1304,3.9517794
2478,913,3.9152699
2478,541,3.8515627
2478,2208,3.8423464
2478,2186,3.794853
2478,1213,3.7825313
2478,1939,3.6891763
2478,924,3.6745474
2478,3742,3.625401
2478,3634,3.609661
2478,3359,3.5950854
2478,1251,3.590897
2478,3421,3.5527065
2478,2936,3.5445237
2478,3741,3.5400658
2478,2467,3.5228276
2478,1944,3.47379
2478,3101,3.4629822
2478,920,3.4532154
2478,1340,3.435542
2478,1356,3.3405404
2478,1954,3.3233345
2478,2406,3.3000865
2478,2739,3.2685537
2478,2628,3.1850963
2478,1083,3.1799088
2478,1729,3.1696167
2478,2946,3.168013
2478,2180,3.1440673
2478,2640,3.025994
2478,2968,2.9556794
2478,3633,2.7645922
3473,1617,4.6010222
3473,2396,4.4035387
3473,3424,4.277957
3473,1220,4.2587643
3473,3039,4.174092
3473,3505,4.093642
3473,1730,4.0642233
3473,3526,4.042153
3473,2406,4.0365276
3473,1393,3.9831104
3473,21,3.9763982
3473,3358,3.9367566
3473,81,3.8372397
3473,2736,3.8140097
3473,224,3.80789
3473,2011,3.7980452
3473,1395,3.7735896
3473,3684,3.7065551
3473,2262,3.571261
3473,1353,3.3443208
4238,318,4.6871176
4238,50,4.645499
4238,1198,4.605671
4238,858,4.592422
4238,1267,4.4249773
4238,678,4.3855524
4238,2858,4.3780584
4238,1090,4.3066463
4238,2028,4.300363
4238,1200,4.2506647
4238,2064,4.2119484
4238,1231,4.211006
4238,2202,4.1547966
4238,3363,4.0811105
4238,3499,4.0573463
4238,2010,4.0521035
4238,2871,4.047382
4238,2921,4.029087
4238,1282,4.0027685
4238,300,3.9964724
4238,3578,3.995975
4238,3681,3.9695663
4238,16,3.9679303
4238,1517,3.9386153
4238,2949,3.9242878
4238,2716,3.9168482
4238,2288,3.8841872
4238,2108,3.859626
4238,3793,3.8426452
4238,3153,3.8255439
4238,2150,3.8253813
4238,412,3.8066518
4238,1615,3.789253
4238,2866,3.7891335
4238,1350,3.7336254
4238,3740,3.6826973
4238,785,3.6701736
4238,353,3.6400661
4238,3763,3.6396914
4238,1721,3.606306
4238,648,3.595715
4238,2001,3.5912764
4238,2393,3.5884395
4238,2941,3.5667453
4238,2463,3.5650501
4238,3701,3.5051718
4238,368,3.4601088
4238,1371,3.431718
4238,1645,3.422355
4238,1441,3.3622108
4238,89,3.359437
4238,3,3.3396578
4238,70,3.329854
4238,2533,3.2738805
4238,3107,3.261781
4238,1801,3.259286
4238,2520,3.2199094
4238,2688,3.170837
4238,1667,3.0701084
4238,2822,3.0620053
4238,1591,3.0479138
4238,2040,3.0319235
4238,788,2.9989264
4238,2787,2.95392
4238,2789,2.9530292
4238,2478,2.880219
4238,344,2.8802001
4238,1687,2.878746
4238,784,2.747324
4238,3459,2.743785
4238,2472,2.7368839
4238,1327,2.7305584
4238,445,2.6906335
4238,2628,2.640294
4238,485,2.614931
4238,177,2.6098194
4238,9,2.5012796
4238,3431,2.3807156
4238,2122,2.348749
4238,2473,2.1646583
4238,1359,2.1142082
4238,2149,1.9878447
4238,1969,1.9566385
4238,1497,1.6944662
4238,65,1.5711845
4238,2537,1.4027231
4669,1196,4.1571503
4669,969,4.1101036
4669,2797,3.883345
4669,1097,3.823334
4669,2126,2.447021
1690,2959,3.9730072
1690,2706,3.9097147
1690,440,3.8699806
1690,474,3.7888494
1690,2355,3.785541
1690,2310,3.7325907
1690,2987,3.6929214
1690,377,3.683547
1690,3649,3.2025888
1690,2598,2.760228
1690,2906,2.68452
1690,1623,2.3385406
4974,2066,3.5241294
4974,1284,3.279727
998,150,4.3955965
998,3148,4.2963924
998,290,4.2755694
998,2908,4.192007
998,213,4.182932
998,3253,4.143257
998,515,4.062265
998,3751,4.061509
998,1392,4.058714
998,2108,3.8765783
998,2689,3.7528956
998,2192,3.635774
1951,1961,3.932487
1951,497,3.848354
1951,595,3.8100677
1951,3327,3.596394
1951,661,3.438974
1951,1794,3.3977063
1951,780,3.0814774
1951,1569,2.9552593
1951,852,2.6320055
1951,3287,2.4542143
1951,3646,1.7248173
1951,3743,1.3384656
1951,3299,1.1634445
1951,3695,1.0912199
4390,3175,3.6040404
4390,3793,3.5856218
4390,555,3.579734
4390,1754,3.5116825
4390,1500,3.493152
4390,141,3.4676769
4390,377,3.4605174
4390,2706,3.4441743
4390,2916,3.42981
4390,1615,3.4175978
4390,10,3.41249
4390,2335,3.273346
4390,1370,3.2536569
4390,552,3.216193
4390,1049,3.1937346
4390,453,3.076406
4390,370,2.9762464
4390,2424,2.9565434
4390,2266,2.9276798
4390,1833,2.9030294
4390,518,2.898108
4390,1385,2.8822012
4390,1405,2.8527083
4390,1911,2.8043787
4390,585,2.7890952
4390,1377,2.6280136
4390,544,2.5765896
4390,2322,2.5228171
4390,813,2.4977784
4390,186,2.4036543
4390,315,2.3785856
5942,1212,4.663019
5942,527,4.5829477
5942,953,4.580303
5942,1945,4.5591636
5942,898,4.467474
5942,951,4.40909
5942,1278,4.4038143
5942,1358,4.3853436
5942,1269,4.3752203
5942,457,4.3151546
5942,1079,4.2110624
5942,3507,4.193934
5942,1179,4.044259
5942,16,4.0000467
5942,929,3.946023
5942,3204,3.889069
5942,2290,3.457239
5942,1544,2.1004326
698,1207,4.166738
698,318,4.1613913
698,2028,4.1045246
698,2762,4.1034346
698,1208,4.0305786
698,1193,4.0204697
698,1199,3.9954016
698,1201,3.970643
698,1196,3.9673018
698,2726,3.9578419
698,111,3.9322746
698,1947,3.854107
698,3742,3.8027072
698,16,3.694808
698,3379,3.6871214
698,223,3.6869948
698,1275,3.6753998
698,1921,3.618521
698,1639,3.6074462
698,2529,3.5989022
698,2193,3.5729544
698,1215,3.5686493
698,1580,3.5477388
698,1916,3.4416127
698,2455,3.3943017
698,198,3.3221354
698,3478,3.29218
698,2054,3.0721407
698,1377,3.008255
5156,858,4.72007
5156,1272,4.623851
5156,1203,4.615691
5156,1196,4.6063356
5156,1267,4.565231
5156,1228,4.455777
5156,1036,4.4205337
5156,47,4.3960757
5156,2313,4.35163
5156,1185,4.3118153
5156,1674,4.2766867
5156,2355,4.257778
5156,1259,4.2460546
5156,1387,4.2346845
5156,1060,4.2164364
5156,2352,4.1492596
5156,1889,4.1271925
5156,1912,4.1251473
5156,920,4.0988774
5156,1094,4.0356274
5156,25,4.007722
5156,2916,3.9336724
5156,2291,3.9320836
5156,3040,3.8803256
5156,1721,3.8713682
5156,380,3.8516681
5156,3107,3.8346577
5156,3591,3.788484
5156,2245,3.7177224
5156,2469,3.7097847
5156,3497,3.6654963
5156,3699,3.6361678
5156,377,3.5703373
5156,3697,3.5612364
5156,3708,3.4514937
5156,2530,3.2846012
5767,608,4.324025
5767,3510,4.2141237
5767,733,4.1882596
5767,2947,4.144187
5767,1220,4.1206503
5767,2406,4.075547
5767,1257,4.075118
5767,3536,4.0571804
5767,3175,3.9902744
5767,1127,3.9100962
5767,2391,3.8866785
5767,2273,3.8767867
5767,493,3.8756738
5767,1552,3.8470266
5767,380,3.8324614
5767,2140,3.7987378
5767,2001,3.7747107
5767,1378,3.726352
5767,2867,3.7185328
5767,2478,3.68405
5767,2794,3.659765
5767,3525,3.65082
5767,2145,3.6339934
5767,2722,3.509118
5767,2334,3.5021694
5767,1332,3.489334
5767,2717,3.4891062
5767,1382,3.4813213
5767,886,3.4533799
5767,2050,3.3793373
5767,3113,3.3050704
5767,1752,3.2941108
5767,849,3.1615114
5767,1969,3.032546
2378,110,4.0368857
2378,2571,3.9973454
2378,1266,3.914516
2378,1923,3.7939365
2378,1914,3.7809563
2378,1701,3.4265587
2378,3189,3.3605576
2378,3865,3.3583202
2378,1883,3.3222613
2378,3120,3.2203577
2378,3,3.1672606
2378,1100,3.149787
2378,1405,3.1445067
2378,344,3.1035674
2378,2772,3.0974352
2378,1320,3.0799608
2378,2724,3.0478287
2378,3717,3.042935
2378,2266,2.8624792
2378,434,2.8316593
2378,438,2.81176
2378,1590,2.7113342
2378,818,2.6458251
2378,355,2.4930875
2378,1855,2.3384333
2378,2296,2.2462509
2378,1503,2.2236469
5480,1197,4.098795
5480,608,4.0943813
5480,2858,3.9974966
5480,364,3.739038
5480,223,3.612951
5480,1380,3.6128225
5480,2144,3.6065173
5480,2006,3.407824
5480,1079,3.396387
5480,2424,3.3871784
5480,2889,3.3759367
5480,339,3.3661842
5480,3259,3.3525782
5480,1093,3.3524761
5480,1416,3.2978945
5480,605,3.2336721
5480,1353,2.9000497
5480,1772,2.7099795
5480,2316,2.7046778
5480,2088,2.6117573
4789,318,4.6505613
4789,2762,4.37575
4789,1358,4.2913613
4789,593,4.2456617
4789,1236,4.2435946
4789,2396,4.162155
4789,2289,4.111692
4789,1673,3.9974136
4789,2333,3.978765
4789,428,3.9607942
4789,1885,3.9358554
4789,555,3.9281924
4789,1674,3.9276378
4789,471,3.894657
4789,597,3.881062
4789,1408,3.8375418
4789,440,3.8234205
4789,3078,3.818419
4789,2243,3.800142
4789,647,3.7364082
4789,3108,3.733159
4789,151,3.718504
4789,1047,3.7149453
4789,2025,3.6845975
4789,21,3.624054
4789,339,3.5498905
4789,89,3.4661803
4789,423,3.4244776
4789,1805,3.4243555
4789,1917,3.3974185
4789,1498,3.1998277
4789,3725,3.1778107
4789,3269,3.0184917
4789,653,2.7408082
4789,1603,2.6238985
4789,427,2.5619514
5127,1198,4.1505966
5127,589,3.5375657
5127,2938,3.458622
5127,3701,2.604003
5127,1372,2.515958
5127,2094,2.0370035
1140,899,4.44009
1140,1208,4.344325
1140,1178,4.3090434
1140,3897,4.1910477
1140,3038,4.142375
1140,1219,4.090414
1140,2944,4.0889654
1140,111,4.0849686
1140,942,4.0843573
1140,3629,4.0066514
1140,940,3.9983149
1140,931,3.9739184
1140,1230,3.9444575
1140,2488,3.9294481
1140,1199,3.9103518
1140,1344,3.877279
1140,3622,3.8221369
1140,474,3.819012
1140,982,3.8168044
1140,959,3.803961
1140,199,3.7834373
1140,3163,3.688162
1140,2288,3.6452599
1140,3736,3.6271226
1140,3028,3.61859
1140,3310,3.6094027
1140,2867,3.5512993
1140,3375,3.5283775
1140,592,3.5196292
1140,2553,3.5194085
1140,2657,3.4937096
1140,2746,3.4111364
1140,3659,3.4087443
1140,1465,3.3992972
1140,2613,3.3797472
1140,1320,3.3042936
1140,2656,3.1942372
1140,3016,3.1060524
1140,3208,3.0961747
1140,3732,3.0506577
1140,3694,1.9885354
4786,2329,4.5548773
4786,1247,4.4523067
4786,1200,4.35145
4786,1956,4.34358
4786,2336,4.3374667
4786,293,4.2966657
4786,1923,4.2661476
4786,1079,4.26262
4786,3039,4.1793113
4786,41,4.1750116
4786,2000,4.091918
4786,3386,4.089162
4786,2993,4.0400505
4786,1500,4.023444
4786,2125,3.9922967
4786,380,3.92935
4786,480,3.8717527
4786,2640,3.8306203
4786,165,3.7770164
4786,60,3.773266
4786,2245,3.7576594
4786,3176,3.754538
4786,780,3.7125714
4786,2161,3.6765418
4786,648,3.6755848
4786,1711,3.6509743
4786,2470,3.5066779
4786,1727,3.3880453
4786,1717,3.3461416
4786,3113,3.3407896
4786,2283,3.322453
4786,2429,3.3143306
4786,3528,3.3082047
4786,1391,3.0547473
4786,2410,3.0532708
4786,1021,2.885873
4786,2154,2.850061
4786,1562,2.5580878
4786,2986,2.5483387
4333,2797,4.637212
4333,1097,4.4793725
4333,1200,4.4738674
4333,3471,4.3994436
4333,2664,4.3807626
4333,2000,4.3758774
4333,2997,4.3318453
4333,924,4.3295755
4333,1527,4.316788
4333,1374,4.2679076
4333,2968,4.265749
4333,2529,4.19906
4333,2193,4.1854334
4333,3070,4.169448
4333,2413,4.0584183
4333,1876,4.0555296
4333,2985,4.0047703
4333,3156,3.928921
4333,173,3.8946867
4333,3608,3.8761988
4333,2531,3.8241003
4333,2549,3.5072885
4333,3440,3.4446788
3540,1196,4.8910036
3540,2762,4.800233
3540,1206,4.490281
3540,1265,4.463998
3540,364,4.3959312
3540,2763,4.376728
3540,1092,4.364261
3540,1608,4.3232975
3540,1673,4.30837
3540,2395,4.2830553
3540,1672,4.223883
3540,2140,4.2044697
3540,3623,4.092969
3540,333,4.0920706
3540,86,4.0092664
3540,1840,4.0016184
3540,2794,3.971805
3540,3809,3.9362373
3540,3173,3.8778844
3540,2688,3.877028
3540,434,3.8306198
3540,1586,3.821723
3540,2694,3.8043723
3540,3798,3.790876
3540,466,3.537543
2886,1610,4.460154
2886,1127,4.174574
2886,1722,4.1698284
2886,1479,3.9861069
2886,2617,3.98244
2886,376,3.8164496
2886,1382,3.7006757
2886,1616,3.6610346
2886,71,3.3646765
3091,2762,4.2985315
3091,1299,4.172659
3091,1210,3.8790345
3091,1035,3.815741
3091,3499,3.804301
3091,1343,3.5422153
3091,1754,3.4598918
3091,1619,3.4404569
3091,2076,3.3476372
3091,490,3.3299289
517,909,4.76158
517,2858,4.7159653
517,3897,4.621586
517,2797,4.5246115
517,1022,4.4657803
517,1968,4.4053044
517,3552,4.3094497
517,425,4.259547
517,1345,4.2133102
517,2174,4.1195283
517,2736,4.0202203
517,1883,3.9893978
517,1441,3.965735
517,85,3.8859196
517,2453,3.8508713
517,1835,3.6074724
4810,2028,4.1653466
4810,3578,4.0470138
4810,457,3.989726
4810,3006,3.9594803
4810,1584,3.7319248
4810,1396,3.6466703
4810,2916,3.4050312
4810,1429,3.159433
4810,3082,3.1305065
4810,2094,2.7841365
4810,1373,2.4874856
4810,2253,2.2314134
4810,3705,2.1633549
4810,1590,1.9055505
4810,160,1.7969258
224,527,4.0969167
224,1207,4.070397
224,1193,4.064269
224,953,3.9662464
224,1250,3.9572957
224,919,3.8602483
224,47,3.6381986
224,293,3.6193123
224,1188,3.5561218
224,1265,3.5489244
224,2997,3.5476847
224,2599,3.451195
224,1073,3.4504929
224,2359,3.2515237
224,357,3.1981158
224,1186,3.048074
224,3052,3.03424
224,39,2.9586112
224,3466,2.9559948
224,3717,2.0248816
2514,1212,4.853269
2514,1617,4.6115365
2514,3101,4.099594
2514,1627,3.6609402
613,1213,4.120558
613,593,3.990087
613,3114,3.980679
613,1293,3.9582803
613,994,3.9381046
613,1228,3.9245634
613,1273,3.816094
613,1,3.8147001
613,3424,3.750051
613,1270,3.716495
613,589,3.6717992
613,1635,3.6564686
613,235,3.5598495
613,2065,3.3160725
613,2915,3.2611704
613,1376,3.102453
613,2929,2.887745
613,1135,2.5954247
996,2762,4.719478
996,2858,4.6148047
996,2692,4.4821243
996,541,4.4053493
996,1266,4.325244
996,3508,4.2962675
996,1214,4.2902613
996,110,4.2085037
996,1374,4.1998005
996,1095,4.1627684
996,1639,4.092886
996,1748,4.0563083
996,25,4.0226116
996,2058,3.9841332
996,39,3.9069984
996,3576,3.8814545
996,3298,3.7640784
996,733,3.5812104
996,494,3.556692
996,2457,3.4966445
996,2475,3.4131052
996,3355,2.8550656
996,2986,2.33416
2386,3114,4.207749
2386,1,4.1172547
2386,1097,4.006849
2386,588,3.9394424
2386,594,3.9117296
2386,2080,3.874445
2386,2355,3.8718357
2386,2085,3.7269135
2386,2015,3.5180726
2386,2014,3.3844788
6020,2019,4.9289637
6020,2186,4.7064414
6020,1196,4.590541
6020,110,4.514296
6020,457,4.5013237
6020,2944,4.3584685
6020,2948,4.285863
6020,3104,4.1877794
6020,2130,4.1699324
6020,1374,4.104675
1763,3948,3.6642025
1763,3868,3.6314323
1763,1580,3.4763994
1763,2805,2.5108888
3162,6,3.4531918
3162,2947,3.4284914
3162,589,3.293285
3162,1912,3.2204566
3162,3020,2.859897
3162,733,2.8183913
3162,2916,2.7735662
3162,3298,2.714905
3162,830,1.972914
4217,2501,4.305163
4217,3147,4.2656417
4217,1246,4.203554
4217,62,4.1723056
4217,3448,4.109272
4217,2000,4.0811124
4217,1748,4.0661716
4217,1271,4.0279284
4217,2395,4.0214615
4217,3100,4.003085
4217,1215,4.001722
4217,3260,3.990484
4217,1466,3.9808166
4217,3005,3.9651093
4217,2174,3.939931
4217,1485,3.9113424
4217,1396,3.908361
4217,3252,3.9011407
4217,1343,3.8884554
4217,329,3.8799648
4217,1476,3.8240314
4217,2707,3.7896855
4217,3186,3.7508116
4217,1120,3.739646
4217,2688,3.7365575
4217,2532,3.6634657
4217,2657,3.602979
4217,3316,3.5942671
4217,2616,3.58794
4217,762,3.3792396
2823,32,2.9352448
2823,3267,2.6846113
2823,2817,1.1363311
2371,1674,4.015384
2371,1721,3.8092606
2371,3256,3.8092408
2371,509,3.690059
2371,1835,3.6760864
2371,266,3.5948153
2371,2724,3.427375
2371,1687,3.37753
2192,2908,4.0753465
2192,2872,4.0216656
2192,1580,3.963496
2192,2406,3.8783298
2192,1356,3.848676
2192,2987,3.7956576
2192,2100,3.6712854
2192,2734,3.6282418
2192,3016,3.4501824
2192,1377,3.3686275
3983,2248,3.8544936
3983,1265,3.7603831
3983,11,3.645945
3983,2700,3.5973094
3983,2025,3.3167062
3983,3614,3.1685793
3983,3706,3.147764
3983,3016,2.904459
3983,3791,2.5888743
3983,2259,2.3866339
3983,427,1.8868461
50,1282,3.734155
50,3512,3.572493
50,2135,3.0943363
6000,527,4.4772334
6000,913,4.241645
6000,1284,4.0939407
6000,1278,4.0271354
6000,3360,3.9851909
6000,2918,3.9478354
6000,1240,3.9330063
6000,3510,3.8139744
6000,3366,3.7240574
6000,3039,3.6619413
6000,3552,3.6577358
6000,3406,3.5983973
6000,1082,3.5981054
6000,165,3.5652013
6000,3252,3.5260742
6000,1777,3.5154328
6000,2470,3.4941425
6000,1948,3.48516
6000,2707,3.475119
6000,3100,3.4443254
6000,1282,3.4120417
6000,1615,3.40555
6000,1608,3.404462
6000,2861,3.3990877
6000,2059,3.351256
6000,329,3.340565
6000,2433,3.3212225
6000,586,3.3084714
6000,198,3.2733743
6000,1401,3.2680225
6000,2478,3.2587187
6000,2278,3.2580752
6000,2528,3.252338
6000,1479,3.223838
6000,282,3.2089236
6000,1385,3.154803
6000,504,3.1520085
6000,2,3.1290896
6000,237,3.05416
6000,1438,3.0475416
6000,3194,2.9588482
6000,1792,2.8699417
6000,2901,2.8124871
6000,2052,2.7663503
6000,2354,2.5404885
6000,2498,2.1005447
6000,2748,1.8732876
6000,2386,1.7013729
6000,1556,1.3824064
5594,1207,4.527684
5594,923,4.443528
5594,593,4.319898
5594,306,4.285369
5594,2067,4.2045374
5594,608,4.1777983
5594,1084,4.167827
5594,3849,4.1348157
5594,587,4.054778
5594,3408,3.9993804
5594,3067,3.9744794
5594,3567,3.7670588
5594,3556,3.7318425
5594,2805,3.589421
4367,969,4.1198845
4367,1208,4.0751176
4367,150,3.8340795
4367,1394,3.7903614
4367,3421,3.7536774
4367,588,3.7155805
4367,940,3.7143009
4367,3525,3.2872076
4367,1690,3.2834072
4367,3725,3.2425716
4367,2475,3.208858
4367,1021,3.1488566
4367,820,3.1099496
4367,2072,3.1013777
4367,19,3.0202794
4367,23,2.915741
4367,2520,2.8521364
4367,1499,2.8226528
4367,3710,2.631184
1185,2791,4.100671
1185,1694,4.0232716
1185,2073,3.9018211
1185,2384,3.8180408
1185,1600,3.49111
1185,2539,3.4257898
1185,3206,3.3566914
1185,3525,3.0762687
1185,2142,3.0594025
1185,2123,2.975439
3499,527,4.6667004
3499,1147,4.49714
3499,2692,4.4511156
3499,1394,4.436084
3499,1266,4.403775
3499,800,4.3911943
3499,457,4.380512
3499,3044,4.137985
3499,3521,4.1360645
3499,1220,4.0936403
3499,2000,4.0682383
3499,1297,3.9988885
3499,2117,3.9578962
3499,164,3.9562325
3499,3210,3.9371405
3499,206,3.916367
3499,21,3.9090106
3499,431,3.9068925
3499,346,3.8661747
3499,2174,3.8554296
3499,2193,3.748954
3499,1566,3.7159326
3499,2394,3.6699262
3499,2232,3.6214461
3499,3070,3.5903537
3499,1587,3.5261793
3499,1375,3.5196662
3499,1472,3.470805
3499,1858,3.3538172
3499,2478,3.2809787
3499,3235,3.1644144
3499,1391,2.979406
3499,1918,2.9229822
3499,1920,2.4827778
3499,1590,2.4298315
3499,2411,2.298212
3499,208,2.2367635
3499,464,2.1854157
3499,2379,2.0634167
3499,3877,1.7894866
3499,1381,1.5996921
5623,858,4.763622
5623,593,4.5028553
5623,1674,4.3967834
5623,1617,4.3965836
5623,2336,4.335432
5623,1246,4.286166
5623,32,4.27893
5623,1285,4.068396
5623,2140,4.0063415
5623,1380,3.9859738
5623,2114,3.984841
5623,2134,3.8981476
5623,3703,3.8764012
5623,2278,3.8319
5623,2378,3.7046134
5623,408,3.6900344
5623,2105,3.6222668
5623,1030,3.6183841
5623,3497,3.5843654
5623,2014,3.3312516
5623,1969,2.3319776
4278,2006,4.0143695
4278,2617,3.7644987
4278,423,3.5515912
4278,303,3.515797
4278,519,2.6683338
3420,1221,4.823765
3420,2804,4.811281
3420,1196,4.708918
3420,2858,4.644623
3420,1294,4.6128893
3420,1089,4.549435
3420,1947,4.5237703
3420,2020,4.4989815
3420,2160,4.4767556
3420,3844,4.385987
3420,2081,4.3570924
3420,1393,4.3088264
3420,562,4.2957215
3420,587,4.2624416
3420,3556,4.239418
3420,509,4.237717
3420,1729,4.2338743
3420,647,4.200534
3420,2005,4.1657515
3420,57,4.091257
3420,2771,3.9006808
255,1090,4.471034
255,1961,4.423312
255,1210,4.3488216
255,1246,4.3177137
255,587,4.181681
255,24,4.0155735
255,3831,3.9507856
255,3033,3.940338
255,1378,3.9112134
255,353,3.899339
255,2617,3.8284512
255,1020,3.823963
255,2105,3.7951598
255,2454,3.7752132
255,3697,3.6922827
255,2840,3.677675
255,3263,3.6670606
255,2456,3.4512408
1950,1223,4.4843287
1950,1200,4.3448973
1950,1206,4.3120747
1950,1222,4.1277103
1950,2761,4.1258745
1950,2442,3.935003
1950,1885,3.9086642
1950,2455,3.7308447
1950,1342,3.513228
1950,2012,3.4606137
1950,673,3.231344
1950,1591,2.944344
456,110,3.8655205
456,3114,3.7166014
456,1208,3.508721
456,3032,3.3506448
456,1092,3.3335488
456,3044,3.2004585
456,329,3.16538
456,1183,3.1167874
456,151,3.0314043
456,1371,2.4615865
2641,1208,4.7042513
2641,908,4.5977764
2641,1258,4.5350547
2641,1172,4.491791
2641,2248,4.443261
2641,2918,4.395494
2641,3114,4.374858
2641,3160,4.3745728
2641,2797,4.347271
2641,319,4.252387
2641,3104,4.2417355
2641,2359,4.2226596
2641,2716,4.161254
2641,3526,4.159502
2641,215,4.15122
2641,2944,4.1505156
2641,3255,4.135166
2641,2423,4.0196443
2641,1466,3.998894
2641,2671,3.9680543
2641,1407,3.9584181
2641,62,3.9477458
2641,587,3.9155624
2641,3591,3.832852
2641,3476,3.8291135
2641,2134,3.754002
2641,1573,3.5864205
2641,3428,3.5571263
2641,2374,3.0483136
2641,1388,2.79284
2641,2428,2.7584774
2641,1453,1.9055839
5570,260,4.6153646
5570,1198,4.590108
5570,593,4.547702
5570,2208,4.475612
5570,457,4.33517
5570,1136,4.3284283
5570,3359,4.3190365
5570,1256,4.297919
5570,1303,4.2903757
5570,3671,4.2419434
5570,2947,4.2195435
5570,1210,4.1328015
5570,2176,4.115201
5570,555,4.0777655
5570,3526,4.0166135
5570,1608,4.0085697
5570,1580,3.982108
5570,2763,3.9674263
5570,1732,3.9631557
5570,2355,3.9487207
5570,2137,3.9194858
5570,349,3.9019966
5570,2065,3.7967548
5570,2006,3.7831426
5570,3020,3.778027
5570,2989,3.7682917
5570,1372,3.7591262
5570,661,3.7415428
5570,292,3.5319538
5570,3698,3.5185761
5570,442,3.2389631
5570,1690,3.2370524
5570,466,3.1968236
5570,533,3.1734338
5570,185,3.0311139
1045,1,4.085281
1045,837,3.4606142
1045,1100,2.7887046
4026,1178,4.138056
4026,1208,4.077127
4026,110,3.8868353
4026,457,3.8612716
4026,3062,3.7829409
4026,1073,3.734195
4026,2268,3.7084117
4026,1408,3.6818717
4026,1663,3.6816707
4026,2302,3.6460266
4026,595,3.6342852
4026,2018,3.5876474
4026,2371,3.5011191
4026,2987,3.4174507
4026,3418,3.4118428
4026,1380,3.368695
4026,3275,3.3662057
4026,1092,3.358077
4026,2006,3.2745557
4026,3527,3.2519853
4026,648,3.24781
4026,230,3.2471445
4026,2046,3.2229676
4026,2710,3.0609093
4026,122,2.9548717
4026,1676,2.8686085
4026,3623,2.61784
4026,3165,2.4417443
4026,1640,2.3998497
4026,3767,1.6236894
5794,2186,4.938108
5794,1234,4.845314
5794,930,4.7534165
5794,1617,4.6512165
5794,1307,4.540045
5794,3210,4.5259266
5794,2918,4.504517
5794,440,4.463952
5794,2138,4.3766
5794,1188,4.3320293
5794,2150,4.294959
5794,3552,4.2428684
5794,1019,4.19194
5794,2140,4.1873527
5794,3247,4.0084176
5794,2470,3.9031825
5794,2003,3.8166518
5794,2252,3.7127128
5794,532,3.574682
5794,231,3.553054
5794,1391,3.5466437
5794,1713,3.5385299
5794,1377,3.1724792
5794,1806,3.1091816
5794,256,3.069209
5794,2468,3.0289278
5794,2471,2.8020658
5794,485,2.7692215
5794,186,2.749642
5794,3439,1.968241
5794,3440,1.850194
1537,908,4.4622126
1537,3510,3.9876356
1537,2791,3.9769325
1537,1639,3.8388793
1537,3555,3.6301405
1537,3512,3.6010568
1537,3948,3.592353
1537,3755,3.323896
4452,2762,4.441805
4452,36,4.042733
4452,110,4.0101485
4452,1625,4.0020647
4452,32,3.9332097
4452,1732,3.881969
4452,2395,3.8365035
4452,3386,3.8225434
4452,3159,3.7356553
4452,3793,3.727284
4452,78,3.4397566
4452,1805,3.121215
4452,2712,2.974724
1183,527,4.3850365
1183,908,4.371026
1183,969,4.2469754
1183,905,4.22192
1183,111,4.2092485
1183,3462,4.1997967
1183,3095,4.1029277
1183,1230,4.0776033
1183,1206,4.077384
1183,1214,3.9964838
1183,1077,3.9468126
1183,3552,3.7918687
1183,1265,3.7868786
1183,3871,3.7273955
1183,1374,3.6539488
1183,3932,3.6468232
1183,2301,3.3688703
1183,3524,3.2729023
1183,2111,2.9738574
1183,3033,2.824801
1183,2752,2.3633158
1183,2259,1.8562336
2265,260,4.4946795
2265,2028,4.397749
2265,1291,4.2016
2265,1240,4.1658497
2265,2944,4.1036873
2265,1931,4.0935802
2265,2071,3.9917533
2265,595,3.9773371
2265,480,3.93229
2265,2908,3.9277992
2265,2000,3.9277074
2265,3384,3.8988922
2265,3256,3.8573513
2265,1673,3.7873743
2265,165,3.7564468
2265,2021,3.6705203
2265,2167,3.6662312
2265,1580,3.6630867
2265,1480,3.6259103
2265,3628,3.5224724
2265,145,3.4912157
2265,2409,3.472849
2265,2770,3.3336287
2265,2430,3.2896495
2265,808,3.1736383
2265,2054,2.964061
2265,836,2.930388
2265,462,2.9097326
2265,885,2.7014186
4525,1250,4.4301987
4525,1208,4.353932
4525,2395,3.8009264
4525,3146,2.4463077
4033,50,4.8733053
4033,2571,4.7369885
4033,1213,4.68593
4033,1200,4.5980725
4033,1240,4.518788
4033,1243,4.3995504
4033,480,4.3450646
4033,1845,4.317594
4033,94,4.311928
4033,1188,4.285949
4033,3448,4.2803
4033,2467,4.2776637
4033,1274,4.252064
4033,337,4.2491703
4033,3104,4.2483635
4033,3105,4.237687
4033,1914,4.1973104
4033,1092,4.1621175
4033,1466,4.1478243
4033,2144,4.1078734
4033,2423,4.0885386
4033,300,4.053483
4033,3100,4.0432096
4033,2108,4.0333076
4033,3260,4.031376
4033,733,4.0128374
4033,230,4.000613
4033,222,3.9928486
4033,3033,3.906155
4033,2420,3.8597467
4033,377,3.8529477
4033,1088,3.8039353
4033,3698,3.7162547
4033,3141,3.6875305
4033,1409,3.6765132
4033,383,3.6619253
4033,1552,3.636123
4033,3263,3.6319885
4033,2617,3.62617
4033,3219,3.6232107
4033,3755,3.622619
4033,2334,3.6121454
4033,1573,3.5929542
4033,3491,3.509714
4033,3249,3.472138
4033,2378,3.4162602
4033,2431,3.4066129
4033,288,3.4009717
4033,2581,3.3503537
4033,3620,3.2794168
4033,2699,3.1880474
4033,2375,3.1655004
4033,3388,2.8794067
4033,697,2.8375416
4033,1831,2.703592
4033,3238,2.0861702
267,2762,4.036049
267,1682,3.6070836
267,2336,3.5623927
267,3751,3.5416057
267,715,3.3539422
267,1777,3.3388977
267,1370,3.2817597
267,3831,3.247342
267,780,3.118458
267,1678,3.0410714
267,3107,3.030898
2865,1196,4.3046293
2865,1259,4.080904
2865,1674,4.057935
2865,2000,3.9898717
2865,2302,3.9339325
2865,3448,3.9307253
2865,1962,3.877195
2865,1580,3.8667576
2865,2707,3.7196012
2865,2114,3.70287
2865,3301,3.6583304
2865,2881,3.6038146
2865,2291,3.4090307
3018,527,4.5512056
3018,593,4.3860197
3018,110,4.2842736
3018,745,4.243408
3018,541,4.1933255
3018,1270,4.1436586
3018,3814,4.134879
3018,589,4.109638
3018,3683,4.0338154
3018,1307,4.032034
3018,3334,4.0304413
3018,1246,4.00418
3018,364,3.9971914
3018,1302,3.9893632
3018,2872,3.9775782
3018,11,3.9738386
3018,1663,3.972888
3018,2944,3.9654598
3018,1617,3.9004385
3018,3039,3.89874
3018,3505,3.8975542
3018,2312,3.893561
3018,1022,3.8934047
3018,588,3.8333151
3018,2150,3.81215
3018,3726,3.800256
3018,3060,3.7990851
3018,3072,3.7941732
3018,2355,3.7916703
3018,2078,3.7866933
3018,2058,3.7747588
3018,3386,3.7260544
3018,454,3.7247162
3018,2926,3.7108953
3018,1810,3.682825
3018,2987,3.6821558
3018,2006,3.6684062
3018,2108,3.6344187
3018,2321,3.6156101
3018,1459,3.6063347
3018,194,3.6006126
3018,3769,3.5609505
3018,2145,3.5471203
3018,3869,3.4405177
3018,537,3.3896356
3018,2551,3.3140929
3018,3608,3.2986279
3018,2717,3.2795243
3018,459,3.24252
3018,209,3.1882887
669,2858,4.695404
669,1197,4.62012
669,3683,4.576453
669,2329,4.468812
669,508,4.30961
669,2268,4.201089
669,300,4.1322236
669,1183,4.06262
669,356,4.057207
669,1407,3.993051
669,104,3.9689841
669,2580,3.961971
669,353,3.9258585
669,3948,3.9127555
669,3272,3.9095056
669,552,3.902277
669,2707,3.8855667
669,2104,3.8834054
669,1688,3.8806639
669,2718,3.8571808
669,1777,3.769026
669,1379,3.6620307
669,1597,3.6446893
669,2134,3.620263
669,1792,3.5334911
669,3157,2.6350644
2731,910,4.5715647
2731,1225,4.557997
2731,1961,4.5452995
2731,3730,4.5434775
2731,3035,4.5122595
2731,3814,4.4866867
2731,2797,4.484784
2731,1259,4.4613085
2731,1394,4.3767242
2731,2788,4.3651
2731,1080,4.3413486
2731,3105,4.314271
2731,3019,4.256294
2731,2352,4.250703
2731,1376,4.2371225
2731,3366,4.211047
2731,223,4.2051735
2731,36,4.1632395
2731,596,4.1564255
2731,3682,4.1442785
2731,3505,4.099356
2731,3203,4.094183
2731,3635,4.0603337
2731,2700,4.0593605
2731,2750,4.0517616
2731,3703,4.0293684
2731,2243,4.0271616
2731,3424,4.0055223
2731,3740,4.0028305
2731,3501,4.0026436
2731,1476,3.9787614
2731,2463,3.9697769
2731,2261,3.9675298
2731,3169,3.9618216
2731,3244,3.9548485
2731,3763,3.9511318
2731,1485,3.9476655
2731,45,3.7386155
1260,1193,4.464327
1260,1197,4.353985
1260,2804,4.3272786
1260,1228,4.2194624
1260,800,4.1482873
1260,1997,4.1318207
1260,1079,4.1136694
1260,1246,4.096877
1260,356,4.0766144
1260,3210,4.045411
1260,3735,4.018715
1260,529,4.014904
1260,589,4.0070286
1260,1610,3.9908223
1260,3396,3.9577198
1260,3361,3.8930683
1260,6,3.8860345
1260,1094,3.866396
1260,2890,3.8644536
1260,1912,3.8638084
1260,1921,3.8488264
1260,1653,3.8211675
1260,1127,3.8129556
1260,180,3.794488
1260,3252,3.7770271
1260,3480,3.7622004
1260,2987,3.7457156
1260,25,3.7301924
1260,1794,3.6476586
1260,335,3.6434433
1260,3763,3.6422875
1260,2490,3.597206
1260,3169,3.590322
1260,3706,3.584997
1260,2407,3.5266852
1260,454,3.5058162
1260,1645,3.502685
1260,733,3.4850645
1260,2736,3.4816031
1260,377,3.4774408
1260,2539,3.4736748
1260,1722,3.420374
1260,1459,3.2608929
1260,3704,3.119207
1260,517,3.0146296
1260,168,2.7531302
1260,3785,2.748745
1260,1043,2.7349668
1260,3821,2.6344616
1483,111,4.00781
1483,913,3.9361389
1483,3949,3.9146423
1483,3334,3.844523
1483,3000,3.7607064
1483,1291,3.724338
1483,1274,3.549056
1483,1097,3.5339632
1483,2890,3.5318189
1483,457,3.4802358
1483,1907,3.4631083
1483,3706,3.3058083
1483,3479,3.3003602
1483,1356,3.285833
1483,2879,3.2155972
1483,2470,3.1042254
1483,3635,3.0792706
1483,1994,3.0735283
1483,2100,3.0098062
1483,2174,3.008573
1483,2000,3.0014591
1483,380,2.9028933
1483,3082,2.526698
1483,3785,2.0162997
1483,3693,1.83301
5002,858,4.1370707
5002,1214,3.8166676
5002,1258,3.8013823
5002,1028,3.62299
5002,3039,3.6082852
5002,2139,3.601735
5002,1092,3.560686
5002,2140,3.5487213
5002,595,3.543618
5002,1101,3.5207648
5002,3253,3.4343045
5002,552,3.3658652
5002,2046,3.3161116
5002,367,3.3036957
5002,34,3.1923301
5002,292,3.0528345
5002,3438,3.0007935
5002,1970,2.8966277
5002,2640,2.8461976
5002,3388,2.7014093
5445,745,4.441297
5445,3634,4.2507286
5445,1358,4.169133
5445,1222,4.0350895
5445,589,3.8572845
5445,1073,3.83908
5445,1265,3.8354177
5445,1220,3.8327165
5445,34,3.785138
5445,3361,3.755034
5445,3070,3.1232653
5445,3527,3.0575233
1122,2571,3.9555626
1122,1077,3.6674552
1122,2863,3.651928
1122,1396,3.3270605
1122,32,3.210963
1122,1779,3.0461853
1122,173,2.9222438
1122,2533,2.9044805
1122,2641,2.830766
3838,2858,4.1639857
3838,3079,3.898735
2219,318,4.6565685
2219,1193,4.563829
2219,1225,4.3830748
2219,1617,4.3752613
2219,2959,4.2698765
2219,1387,4.1588564
2219,3418,3.9501438
2219,1732,3.905982
2219,2706,3.885725
2219,1184,3.8690572
2219,2144,3.8284998
2219,1517,3.7470987
2219,785,3.6946576
2219,708,3.523137
2219,1621,3.4461007
2219,3531,3.4060044
2219,7,3.3009331
2219,2976,3.2686148
2219,1614,3.2548637
2219,804,2.7785995
2219,3841,2.333289
2219,64,1.3895614
5103,50,5.088002
5103,1196,5.0476093
5103,1213,4.938341
5103,1089,4.6969776
5103,16,4.617232
5103,3052,4.482173
5103,3082,4.474595
5103,1580,4.3886957
5103,2890,4.384779
5103,1748,4.375406
5103,648,4.3350115
5103,1615,4.309452
5103,1500,4.307288
5103,1799,4.282884
5103,3476,4.280713
5103,1343,4.2688813
5103,482,4.2660174
5103,2376,4.25601
5103,3698,4.210868
5103,886,4.112088
5103,2746,4.1120324
5103,1591,4.1089673
5103,2598,4.0159984
5103,455,3.9631238
5103,1667,3.9222713
5103,3766,3.9000058
5103,1590,3.8789067
5103,2306,3.8067343
3946,318,4.5156837
3946,2571,4.396424
3946,1961,4.2948747
3946,110,4.2636127
3946,1721,4.077283
3946,1680,3.9520986
3946,1393,3.9457538
3946,3552,3.9355903
3946,1500,3.914894
3946,1370,3.8955078
3946,3526,3.8560355
3946,222,3.786323
3946,316,3.78413
3946,3809,3.7549515
3946,3555,3.7436886
3946,1356,3.7152696
3946,552,3.6947196
3946,3534,3.6645732
3946,2133,3.6616564
3946,986,3.6371007
3946,1801,3.5995917
3946,836,3.4380167
3946,1779,3.3612921
3946,708,3.3481455
3946,2385,3.3404284
3946,2622,3.2129745
5275,318,4.684697
5275,1961,4.3837075
5275,1246,4.303301
5275,3255,4.0206375
5275,1653,4.008869
5275,1594,3.9764307
5275,802,3.9364223
5275,3699,3.8568687
5275,1654,3.8464217
5275,1476,3.8205354
5275,2842,3.580422
1141,858,4.7197504
1141,1221,4.6187916
1141,1148,4.5716925
1141,928,4.520364
1141,1196,4.510493
1141,1197,4.5017614
1141,2788,4.335961
1141,1674,4.3067093
1141,914,4.255887
1141,1079,4.2502317
1141,2137,4.244527
1141,1086,4.203
1141,920,4.1456695
1141,2847,4.133909
1141,3916,4.1244993
1141,2967,4.027956
1141,534,4.0189486
1141,3061,4.0059924
1141,3175,3.9806654
1141,1641,3.9804993
1141,728,3.9643953
1141,348,3.964304
1141,1095,3.9440956
1141,3100,3.913388
1141,3516,3.8596303
1141,1680,3.8459544
1141,3793,3.724345
1141,3203,3.710331
1141,3618,3.652733
1141,361,3.4815607
1141,3599,3.4788423
1141,2985,3.4366677
1141,2734,3.428533
1141,708,3.416322
1141,2005,3.3348055
1141,2115,3.3139226
1141,2891,3.059005
1141,2718,3.0280218
1141,351,2.9587846
1141,2996,2.870159
1141,2084,2.768313
1141,1541,2.71917
1141,2059,2.646327
1141,344,2.6364048
1141,1457,2.3992605
1141,2316,2.3508904
1141,2628,2.2940927
1141,46,2.173159
1141,1113,1.9834245
1141,2724,1.8339953
1141,2035,1.5561383
1141,1992,1.0845796
1141,631,0.9711858
1141,1993,0.95218337
4621,2858,4.212473
4621,3671,4.0875535
4621,1270,4.0353823
4621,1333,3.9807162
4621,3471,3.9583907
4621,3328,3.852943
4621,1673,3.8417616
4621,2018,3.7939868
4621,3702,3.7284257
4621,412,3.6723819
4621,1909,3.5527396
4621,2770,3.3677654
4621,2826,3.365878
4621,3024,2.5816965
4621,2808,2.5675802
4621,1499,2.249888
4621,2701,2.0061321
4621,2817,1.4802895
2407,50,4.585631
2407,912,4.4365244
2407,898,4.353098
2407,2300,4.2369995
2407,3035,4.2282352
2407,2206,4.1927514
2407,1276,4.1824217
2407,3334,4.171372
2407,1211,4.13235
2407,1041,4.051831
2407,3044,3.9679694
2407,3039,3.858535
2407,377,3.7542996
5687,1198,4.717128
5687,590,4.284404
5687,1259,4.1908073
5687,1580,4.0044565
5687,3328,3.9997706
5687,1073,3.965181
5687,2193,3.964307
5687,941,3.9357388
5687,10,3.9084282
5687,3479,3.8887239
5687,592,3.842082
5687,610,3.8049352
5687,1031,3.695083
5687,2088,3.122293
5687,673,2.8240545
5687,173,2.7178822
2122,1233,4.2543406
2122,2858,4.22281
2122,1234,4.2196293
2122,919,4.1575317
2122,593,4.156169
2122,1358,4.1524534
2122,1189,4.140042
2122,1228,4.1291933
2122,924,4.036271
2122,1222,3.952261
2122,3421,3.919118
2122,3317,3.8887258
2122,1500,3.860286
2122,1923,3.8583355
2122,3039,3.8321261
2122,150,3.7243245
2122,3680,3.7236736
2122,3175,3.6843853
2122,3952,3.6463466
2122,3499,3.6339002
2122,3793,3.5610957
2122,2427,3.5175123
2122,1909,3.2991757
2122,316,2.9286852
2122,3254,2.8300464
2054,50,4.4350834
2054,1198,4.329406
2054,1148,4.279277
2054,2028,4.183018
2054,1136,4.1496058
2054,110,4.1096954
2054,1449,4.0559645
2054,1291,4.029562
2054,293,3.920059
2054,1210,3.886434
2054,1,3.8522718
2054,741,3.7261133
2054,2716,3.699716
2054,2268,3.690723
2054,1982,3.65945
2054,1374,3.632659
2054,337,3.5655458
2054,2161,3.5536685
2054,588,3.541626
2054,2916,3.5291734
2054,648,3.5117488
2054,2125,3.4674568
2054,2167,3.4302576
2054,3702,3.4128742
2054,1552,3.4046555
2054,1129,3.2977245
2054,3477,3.2942135
2054,2291,3.27532
2054,3,3.130172
2054,1876,3.0570087
2054,3300,3.0384657
2054,3354,2.789917
2054,2322,2.7484844
2054,849,2.4557552
2054,546,1.5967236
3426,50,4.835075
3426,1204,4.763062
3426,1196,4.5513973
3426,1269,4.3500433
3426,3267,4.126425
3426,3871,4.034019
3426,3204,3.9300425
3426,165,3.4306223
3426,1805,3.3496451
3426,1645,3.3482683
3426,587,2.9817367
4478,858,4.0856156
4478,2324,3.9839017
4478,1284,3.9371195
4478,3897,3.8350477
4478,1704,3.78811
4478,3911,3.7856302
4478,2918,3.7739182
4478,1952,3.7523735
4478,2997,3.6762543
4478,741,3.6739354
4478,1,3.6719356
4478,1797,3.6449175
4478,2599,3.6428146
4478,778,3.632997
4478,1188,3.6326196
4478,1274,3.5739694
4478,1210,3.5605373
4478,1641,3.543351
4478,3210,3.526058
4478,555,3.5158358
4478,3071,3.4959605
4478,2150,3.4695091
4478,1584,3.4486556
4478,1639,3.4465785
4478,892,3.4312341
4478,342,3.3812466
4478,2502,3.3603883
4478,3450,3.344054
4478,751,3.320505
4478,1859,3.2834697
4478,1711,3.2707865
4478,3513,3.240858
4478,586,3.203033
4478,1485,3.1834083
4478,364,3.1539311
4478,2734,3.1399646
4478,2105,3.1353443
4478,1509,3.1207137
4478,3478,3.1162162
4478,3712,3.1161132
4478,3477,3.0843701
4478,550,3.0106096
4478,3717,2.8482401
4478,2426,2.8328443
4478,1377,2.6535678
4478,3387,2.4829073
4478,93,1.8694687
4101,593,4.1635323
4101,2762,4.145097
4101,3105,3.729632
4101,780,3.7212083
4101,3527,3.610488
4101,1266,3.518952
4101,25,3.4324498
4101,2858,3.422171
4101,3752,3.405523
4101,592,3.3213909
4101,3617,3.2574623
4101,175,3.253687
4101,1398,3.1911068
461,527,4.412174
461,858,4.311246
461,1221,4.2685556
461,2571,4.2283344
461,1196,4.215186
461,1208,4.1300387
461,1299,4.1147923
461,3360,4.112985
461,1201,4.032259
461,2067,3.9702783
461,1222,3.95279
461,590,3.9507287
461,1266,3.924889
461,3467,3.9106278
461,2918,3.8867145
461,1089,3.8615808
461,2202,3.8470755
461,1302,3.7229543
461,380,3.672536
461,1271,3.6526084
461,897,3.6391091
461,1094,3.6365988
461,1962,3.630227
461,2943,3.604292
461,515,3.5881777
461,3524,3.5375514
461,471,3.5345216
461,2474,3.490559
461,1587,3.473081
461,1129,3.4154987
461,941,3.404316
461,3033,3.3989077
461,2420,3.3302794
461,2105,3.246018
461,3701,3.1653013
461,3441,3.1537938
461,1409,3.1254692
461,2402,3.0726
461,354,3.002738
461,1479,2.9932628
461,1367,2.9721866
461,3141,2.9318292
461,2882,2.9301162
461,466,2.8824372
461,210,2.8433619
461,1591,2.8310573
461,95,2.8157425
461,459,2.807798
461,1687,2.5377014
461,1726,2.518808
461,2088,2.433936
461,818,2.413951
461,208,2.3807673
461,234,2.3078012
461,2748,2.0837262
461,193,2.019467
461,1556,1.774522
461,2817,1.4936466
4620,527,4.8165865
4620,1060,4.2783837
4620,2580,4.089875
4620,3418,4.0453334
4620,3386,4.0167756
4620,2875,3.8588333
4620,2282,3.8558073
4620,1093,3.8077998
4620,361,3.716592
4620,3107,3.7143047
4620,1027,3.4769425
4620,1513,3.4741454
4620,2445,3.3679643
4620,2581,3.34185
4620,1363,3.2401662
1457,527,4.6318583
1457,969,4.5757074
1457,296,4.5475035
1457,111,4.5354075
1457,1203,4.5080433
1457,1147,4.4623556
1457,1304,4.4289255
1457,3468,4.4090977
1457,2064,4.405784
1457,2194,4.382584
1457,3152,4.318453
1457,3148,4.295114
1457,3006,4.2891574
1457,2289,4.283621
1457,1282,4.274247
1457,3424,4.264881
1457,2959,4.2367153
1457,3175,4.144086
1457,555,4.1141243
1457,3360,4.107928
1457,1873,4.0696325
1457,1374,4.058915
1457,3104,4.021773
1457,493,4.0208244
1457,2750,4.0177383
1457,1784,3.920548
1457,1653,3.914104
1457,3178,3.8172483
1457,1563,3.7527442
1457,3108,3.748444
1457,3253,3.7009957
1457,1883,3.6765223
1457,1127,3.6470861
1457,2161,3.3897445
1457,104,3.3826795
1457,592,3.1957192
1457,1552,2.846272
5418,1198,4.378381
5418,260,4.363257
5418,2324,4.1144104
5418,1219,4.1141577
5418,608,4.1037345
5418,1304,4.0934634
5418,246,4.0578074
5418,162,4.0135765
5418,1079,3.9332654
5418,1827,3.8473864
5418,2020,3.8378842
5418,590,3.831356
5418,3361,3.7793064
5418,595,3.775851
5418,3606,3.766418
5418,1073,3.7452755
5418,2750,3.7026799
5418,509,3.666644
5418,1101,3.6244307
5418,1081,3.588624
5418,2150,3.5424893
5418,1275,3.5274575
5418,1517,3.3348248
5418,2115,3.27175
5418,316,2.9996014
5418,2628,2.9016988
5264,858,4.4745474
5264,1260,4.259025
5264,3683,4.192189
5264,3114,4.124057
5264,1997,4.026135
5264,3471,4.0053806
5264,1261,3.973172
5264,2997,3.9551427
5264,1275,3.936105
5264,3019,3.8130102
5264,2000,3.7825768
5264,2355,3.7443886
5264,524,3.5794177
5264,288,3.4356768
5264,3608,3.3530803
5264,1049,3.3244886
5825,3114,4.5346847
5825,593,4.531518
5825,608,4.4842854
5825,1244,4.3486533
5825,3481,4.329027
5825,1094,4.1037865
5825,3418,4.0403256
5825,733,3.9018028
5825,3150,3.8789427
5825,3948,3.8512764
5825,3186,3.7009602
5825,3798,3.5453384
5825,2965,1.4786593
4137,3435,4.590562
4137,541,4.4884105
4137,2064,4.299465
4137,1,4.2971873
4137,1394,4.2838273
4137,2918,4.277171
4137,1079,4.134437
4137,223,4.109378
4137,1663,3.9702492
4137,2948,3.9294682
4137,3039,3.928327
4137,357,3.8890548
4137,2108,3.7727485
4137,45,3.5573025
4522,858,4.171937
4522,2028,4.0573144
4522,3730,3.950766
4522,2692,3.920135
4522,1200,3.9119403
4522,3114,3.9024565
4522,1036,3.8928478
4522,2396,3.8479226
4522,1219,3.8423014
4522,1953,3.7875729
4522,3481,3.7459865
4522,2944,3.722254
4522,1387,3.7184634
4522,1912,3.4688365
4522,3753,3.450295
4522,3747,3.3020515
4522,34,3.2276561
4522,3863,3.1699514
4522,3812,3.1023493
4522,3752,2.6352859
4522,3208,2.0848765
4522,3180,1.5899639
1265,1262,4.4563513
1265,1247,4.398719
1265,750,4.3780084
1265,608,4.323858
1265,1206,4.298251
1265,2329,4.243656
1265,2692,4.2162094
1265,2318,4.1730213
1265,2599,4.151842
1265,29,4.1437464
1265,778,4.106054
1265,32,4.0694323
1265,3006,3.9671607
1265,3471,3.958159
1265,1635,3.835432
1265,1653,3.8046026
1265,3556,3.7348897
1265,2114,3.711904
1265,3052,3.6942863
1265,3476,3.6164937
1265,2125,3.6092532
1265,1517,3.599129
1265,3078,3.5860999
1265,440,3.569092
1265,1747,3.4158244
1265,2145,3.2614064
1265,767,3.2413
1265,3185,3.1971872
1265,2718,3.063012
1265,380,2.99995
1265,3862,2.9235966
1265,2706,2.896944
1265,367,2.8095243
1265,3264,2.7036417
1265,3051,2.6982977
1265,1876,2.5602317
1265,2672,2.435958
1265,2505,2.0886765
1265,2162,1.8662971
1265,126,1.7023082
1265,172,1.5139737
5715,1252,4.3536572
5715,541,4.216969
5715,2948,3.8019078
5715,2275,3.1129718
5715,2628,2.8786876
229,110,4.191779
229,1358,4.1092844
229,3910,4.0350256
229,3360,3.8981059
229,3448,3.826573
229,780,3.6340253
229,3298,3.5264342
229,3863,3.4448962
229,1509,3.4245226
229,1059,3.3839264
229,2657,3.3507223
229,2504,2.9664001
229,2428,2.9045167
229,2718,2.8731122
229,3697,2.8271177
229,3177,2.4059072
4940,1267,4.6403027
4940,905,4.6101837
4940,1617,4.608922
4940,1230,4.541605
4940,942,4.4712067
4940,2208,4.455823
4940,1394,4.4135017
4940,1150,4.2022953
4940,3201,4.166396
4940,1940,4.1206827
4940,2069,4.1128845
4940,2109,4.099202
4940,2664,4.095541
4940,549,4.045933
4940,2633,3.9404106
4940,2371,3.8711681
4940,2926,3.7224004
4940,2413,3.609728
4940,2874,3.5923495
4940,1088,3.4859693
4940,2376,3.3995893
4940,3235,3.372415
4940,3450,3.3388758
4940,3638,3.26443
4940,3157,3.1547015
4940,2340,3.1322098
4940,852,3.11718
4940,3146,3.0213106
4940,2616,2.9099908
4940,2259,2.7888732
4940,12,2.3170214
577,296,5.0201335
577,2028,4.8635383
577,47,4.7918434
577,1307,4.7437396
577,508,4.55655
577,2890,4.494217
577,587,4.48672
577,2150,4.443769
577,3060,4.428626
577,2406,4.3880115
577,3253,4.3159018
577,3685,4.268197
577,3524,4.2035837
577,2600,4.1598268
577,1395,4.1167817
3941,3624,3.3342707
3941,2046,3.2189195
3941,1653,3.2116427
3941,426,3.1004899
3941,2628,3.0444324
3941,2722,3.0396566
3941,2363,3.0154757
3941,2107,2.9320638
3941,742,2.8458881
3941,1762,2.608028
3082,527,4.726372
3082,2762,4.662182
3082,969,4.60658
3082,1258,4.469905
3082,678,4.430742
3082,1288,4.398591
3082,1956,4.354498
3082,1387,4.340887
3082,1304,4.338394
3082,3359,4.336134
3082,1090,4.3070965
3082,3210,4.130855
3082,1265,4.125729
3082,337,4.125532
3082,628,3.9598787
3082,1035,3.9319637
3082,1124,3.892303
3082,3071,3.815565
3082,1081,3.774838
3082,3566,3.6816208
3082,3448,3.6346521
3082,2423,3.591859
3082,2112,3.5696814
3082,1061,3.5511026
3082,3252,3.4699523
3082,454,3.4223802
3082,3649,3.3027468
3082,3040,3.2668009
3082,1370,3.177693
3082,3869,3.1446981
3082,3809,3.0965726
3082,2628,2.995432
3082,1569,2.934879
3082,3714,2.8595297
3082,1409,2.733436
3082,3005,2.5242221
3082,3500,2.477461
3082,830,2.4391377
3082,19,2.0620825
3082,445,1.9865221
3082,765,1.6789963
5603,858,3.3126447
5603,3508,2.9759731
5603,969,2.7325077
5603,1258,2.6667485
5603,1094,2.6222007
5603,1960,2.54823
5603,2922,2.4966657
5603,2750,2.4551861
5603,2973,2.4090004
5603,1954,2.366275
5603,1242,2.2834706
5603,1994,2.2792513
5603,3143,2.278486
5603,1395,2.2545586
5603,1407,2.1869407
5603,68,2.1808195
5603,2000,2.0977097
5603,34,1.9953256
5603,1334,1.4647944
4125,2971,3.334396
4125,3039,3.2300096
4125,235,3.096582
4125,1321,2.8758073
4125,2353,2.6544325
4125,2402,1.8065528
4125,828,1.7284533
4125,2152,1.1363311
3327,1148,4.5253577
3327,903,4.3477597
3327,593,4.329565
3327,1089,4.184327
3327,1394,4.1749125
3327,1291,4.0994062
3327,800,4.0892572
3327,29,3.9964113
3327,2318,3.98031
3327,1625,3.949935
3327,1285,3.9454253
3327,6,3.91122
3327,3418,3.8442848
3327,474,3.8179877
3327,1517,3.7908556
3327,2706,3.7826
3327,322,3.7431273
3327,1732,3.7336223
3327,39,3.7191467
3327,3256,3.7001834
3327,3020,3.6149561
3327,2987,3.599483
3327,2916,3.5894055
3327,1527,3.545271
3327,2021,3.480882
3327,2985,3.4728842
3327,648,3.4425292
3327,2006,3.4359267
3327,2723,3.224242
3327,748,3.1170516
3327,3269,2.9915924
3327,2012,2.8647444
3327,2722,2.840178
3327,724,2.817503
3327,1479,2.613165
3327,2505,2.611085
3327,2328,2.608714
3327,880,1.9915285
2798,912,4.368581
2798,3089,4.295679
2798,2762,4.2862177
2798,1203,4.24957
2798,162,3.9571974
2798,1610,3.8763092
2798,2278,3.4171286
3603,858,3.7391286
3603,1376,3.150219
3603,110,3.1177437
3603,3175,3.087132
3603,29,3.0810454
3603,1380,3.064808
3603,1777,3.007313
3603,3499,3.0037818
3603,2414,2.937155
3603,3510,2.9081912
3603,2065,2.8814683
3603,1615,2.7998142
3603,1042,2.795408
3603,2334,2.781346
3603,1479,2.728922
3603,1552,2.727512
3603,2672,2.6626737
3603,3623,2.6548235
3603,3535,2.475118
3603,2373,2.2318275
3603,1752,2.1561635
3603,2446,2.1250548
3603,1004,1.9405131
3300,1945,4.625352
3300,2360,4.5849314
3300,1131,4.531881
3300,3196,4.504066
3300,1242,4.4680595
3300,3035,4.465187
3300,541,4.4248877
3300,1231,4.3857865
3300,3421,4.3694873
3300,1273,4.3242826
3300,1185,4.28394
3300,1220,4.2564874
3300,1259,4.2261057
3300,2289,4.2115545
3300,590,4.1976337
3300,3072,4.195481
3300,2248,4.183815
3300,3019,4.1796584
3300,555,4.155634
3300,3543,4.135216
3300,1408,4.0437107
3300,3682,4.0061865
3300,2852,4.001051
3300,2076,3.9997756
3300,431,3.962336
3300,3244,3.9381077
3300,3700,3.8578563
3300,3047,3.7948532
3300,3503,3.7702591
3300,1013,3.7287
3300,2764,3.7143087
3300,1480,3.6708865
3300,2527,3.559547
3300,2657,3.5194983
3300,2031,2.7829628
3300,3705,2.1694565
1530,922,4.7067842
1530,1198,4.609905
1530,541,4.376198
1530,955,4.3606224
1530,1251,4.3149705
1530,1361,4.3093452
1530,608,4.3063393
1530,3421,4.1723366
1530,3671,4.165352
1530,1077,4.123346
1530,3160,4.06449
1530,1210,4.0500746
1530,1968,4.0219455
1530,1261,3.9836783
1530,1663,3.976139
1530,357,3.9653096
1530,321,3.9507666
1530,2791,3.9482176
1530,6,3.941124
1530,588,3.9214778
1530,249,3.8814714
1530,3100,3.829649
1530,1580,3.8034408
1530,1584,3.7165785
1530,3108,3.698736
1530,3745,3.612469
1530,2311,3.5479083
1530,2100,3.508737
1530,2414,3.488919
1530,1967,3.449391
1530,3608,3.4077706
1530,1476,3.302791
1530,2496,3.3024836
1530,3259,3.268426
1530,1339,3.1733735
1530,2002,3.1680794
1530,252,3.09711
1530,3752,3.0488362
1530,2478,2.9410064
1530,3826,2.3499477
3430,904,4.118639
3430,858,4.11825
3430,1207,4.1165166
3430,908,4.0037756
3430,3435,3.941209
3430,1200,3.8506255
3430,110,3.8044643
3430,1270,3.7847521
3430,1235,3.7347822
3430,3114,3.7109659
3430,3006,3.7064645
3430,2997,3.6840138
3430,1097,3.6626954
3430,1041,3.610906
3430,2716,3.6075568
3430,1962,3.597115
3430,364,3.5712287
3430,1446,3.5256515
3430,1307,3.523511
3430,16,3.486762
3430,380,3.481627
3430,3101,3.479557
3430,1784,3.4673254
3430,3751,3.4445655
3430,440,3.427025
3430,1357,3.3850887
3430,2239,3.3756082
3430,2708,3.3601174
3430,2943,3.347375
3430,21,3.294743
3430,2294,3.2099013
3430,1836,3.192686
3430,3093,3.1926842
3430,52,3.1744971
3430,3079,3.1706657
3430,1597,3.1582055
3430,3181,3.1565552
3430,2554,3.1463459
3430,1573,3.133781
3430,1162,3.1251626
3430,2539,3.0511017
3430,2420,3.0434258
3430,2540,2.8166933
3511,969,4.498541
3511,1249,4.3740654
3511,590,4.3193874
3511,29,4.2589674
3511,480,4.247259
3511,2944,4.238633
3511,3494,3.99179
3511,2011,3.9591913
3511,2140,3.9538167
3511,2005,3.941187
3511,2006,3.8980713
3511,2161,3.8459272
3511,3633,3.8109841
3511,2,3.733996
3511,2985,3.7225375
3511,1371,3.6690388
3511,10,3.4885213
3511,2054,3.449794
3511,2101,3.3974652
3511,1586,3.2174928
3511,455,2.8442826
3511,3754,2.5957303
3511,1359,2.5283186
3411,111,3.7907703
3411,541,3.7733681
3411,1,3.6071234
3411,3007,3.5982041
3411,2686,3.5878057
3411,3897,3.564104
3411,778,3.5588598
3411,3317,3.548043
3411,1266,3.50067
3411,1394,3.4544845
3411,1923,3.4332619
3411,1036,3.404427
3411,1270,3.3239436
3411,3147,3.319831
3411,34,3.2679734
3411,1408,3.218018
3411,1732,3.157762
3411,3175,3.063868
3411,2291,2.8936198
3411,3729,2.822035
3411,1527,2.7268898
3411,2278,2.6980703
3411,1721,2.6619844
3411,3448,2.6043081
3411,3809,2.5032284
3411,2384,2.472005
3411,2683,2.3759453
3411,3863,2.356066
3411,780,2.275332
3411,2167,2.168208
3411,2161,2.1374245
3411,3033,2.1358736
3411,2496,2.0474215
3411,3489,1.8057352
3411,239,1.6803122
3411,1983,1.6502471
3411,473,1.1424783
2876,858,4.606975
2876,3030,4.473778
2876,2997,4.2296715
2876,457,4.1522465
2876,293,4.14441
2876,1610,4.040436
2876,6,3.911622
2876,2000,3.8879204
2876,1967,3.8813894
2876,1408,3.8664556
2876,592,3.814452
2876,3703,3.7315829
2876,2455,3.6036282
2876,3070,3.579485
2876,112,3.5200236
2876,1129,3.51482
2876,2617,3.5145218
2876,2405,3.3978052
2876,1385,3.267037
2876,3753,3.1430187
2876,3301,3.141234
2876,1552,3.1059875
2876,786,2.9317458
2876,95,2.7535803
2527,110,4.415584
2527,902,4.1479464
3370,1197,4.1475058
3370,1617,4.132732
3370,913,4.095
3370,1358,4.07867
3370,3114,3.9578147
3370,1222,3.8479652
3370,1220,3.71248
3370,32,3.6925397
3370,1625,3.6605575
3370,1408,3.517339
3370,589,3.479301
3370,1584,3.17101
3370,2640,3.0503714
3370,2085,2.9075575
3370,2100,2.832873
3370,368,2.7943518
3370,2015,2.7842228
3370,480,2.7717795
3370,3844,2.7313943
3370,10,2.678003
3370,1600,2.402536
3370,733,2.3757937
3370,3438,1.5719802
3370,2016,1.4320493
846,858,4.7095876
846,111,4.4620223
846,1294,4.3317766
846,590,4.3043547
846,2871,4.235587
846,1214,4.2248225
846,3072,4.1848307
846,3471,4.120736
846,2115,4.1172533
846,1968,4.098527
846,1967,4.075677
846,1982,4.073635
846,3703,4.062857
846,1663,4.0096903
846,112,3.906715
846,3070,3.8803272
846,3628,3.8761642
846,2657,3.8530083
846,1428,3.844905
846,3729,3.8436623
846,2879,3.7931395
846,3930,3.6544065
846,2247,3.6421175
846,1327,3.3173518
846,3918,3.3005843
846,3717,3.0587466
846,3781,3.033263
1233,1203,4.4360504
1233,593,4.320937
1233,924,4.210517
1233,1199,4.1733317
1233,3471,4.063012
1233,2439,3.7370572
1233,1541,3.1253135
4043,1617,4.241375
4043,150,4.160589
4043,345,3.9732714
4043,3175,3.9470472
4043,1343,3.756462
4043,648,3.6829731
4043,454,3.64934
4043,3250,3.6070116
4043,2278,3.5939186
4043,1608,3.5796037
4043,708,3.571372
4043,3809,3.5079122
4043,316,3.4810786
4043,3247,3.3708951
4043,377,3.359808
4043,3528,3.1585584
4043,1616,3.1137257
4043,3269,3.098503
4043,3835,2.8161223
4043,1779,2.712761
2119,527,4.32612
2119,2762,4.192878
2119,2028,4.1588755
2119,1201,4.0263405
2119,2692,4.024456
2119,1961,3.9556603
2119,2947,3.8789537
2119,589,3.8755336
2119,3362,3.846673
2119,296,3.8440762
2119,2268,3.7473679
2119,3246,3.6557596
2119,1073,3.584383
2119,1994,3.5536258
2119,3160,3.5445619
2119,1101,3.5433736
2119,1376,3.520678
2119,2023,3.432869
2119,2640,3.3918786
2119,780,3.3724022
2119,3638,3.1409237
2119,2,3.1356785
2119,3005,3.060715
3963,1193,4.4674315
3963,908,4.4498796
3963,3469,4.3785357
3963,919,4.335005
3963,1617,4.306279
3963,1950,4.299376
3963,1952,4.280746
3963,3897,4.2787857
3963,1084,4.238679
3963,3362,4.219704
3963,3152,4.194048
3963,1201,4.1930842
3963,3360,4.167084
3963,3671,4.1625495
3963,3742,4.125228
3963,36,4.1240582
3963,2313,4.118951
3963,2948,4.1181602
3963,920,4.0823503
3963,3160,4.067965
3963,1214,4.06339
3963,3872,4.0283766
3963,2797,4.0261717
3963,2366,4.019206
3963,3494,3.9946785
3963,3074,3.9706326
3963,2080,3.96514
3963,2872,3.9624925
3963,1357,3.953251
3963,1188,3.9496262
3963,2333,3.9216232
3963,2000,3.9058638
3963,25,3.8850741
3963,3153,3.8606837
3963,952,3.841948
3963,1747,3.759982
3963,3566,3.6923707
3963,2021,3.6499677
3963,2651,3.6262927
3963,2617,3.5984318
3963,107,3.5857992
3963,3948,3.5710223
3963,303,3.2414687
3121,2028,4.3331366
3121,589,4.053151
3121,165,3.8945572
3121,16,3.8749807
3121,3005,3.8070822
3121,2987,3.8043535
3121,353,3.6654139
3121,2278,3.6493742
3121,3107,3.6448598
3121,2541,3.6412156
3121,2880,3.6104505
3121,481,3.6097317
3121,999,3.6022568
3121,2124,3.5744119
3121,861,3.566081
3121,2734,3.5427127
3121,2,3.4655
3121,3489,3.4220777
3121,103,3.4047582
3121,2722,3.3950033
3121,3841,3.3596592
3121,879,3.3292294
3121,1355,3.3281026
3121,328,3.3226776
3121,3053,3.2838092
3121,2699,3.245862
3121,2004,3.1308236
3121,2315,3.1066523
3121,12,2.9888427
3121,19,2.8714669
3121,1973,2.805828
3121,1456,2.805399
3121,606,2.7895136
4826,50,4.508612
4826,1197,4.309696
4826,2858,4.236576
4826,1276,4.2166657
4826,2947,4.0048013
4826,2398,3.9979477
4826,1028,3.892987
4826,3159,3.8777342
4826,3763,3.5975096
3801,1347,4.30237
3801,799,4.0925007
3801,724,4.05779
3801,2327,3.9927144
3801,3587,3.9334123
3801,2107,3.913034
3801,1327,3.8841891
3801,2719,3.8419344
3801,2460,3.7890105
3801,3840,3.7192855
3801,2451,3.7180362
3801,1992,3.7105544
3801,2315,3.696458
3801,1623,3.5984042
3801,2982,3.5735703
3958,318,4.592277
3958,1,4.278599
3958,110,4.1794286
3958,356,4.110277
3958,1682,3.9647806
3958,1271,3.930688
3958,539,3.7851772
3958,2291,3.7387912
3958,3639,3.6658356
3958,253,3.6333933
3958,3615,3.462562
3958,2432,3.461843
3958,536,3.402549
3958,736,3.3271031
3958,2587,3.2867496
3958,1727,3.256524
3958,3,3.2521858
3958,3483,3.239662
3958,2429,3.083651
3958,2385,2.9795125
3958,1556,1.8920711
5659,316,3.7052279
5659,1370,3.6975176
5659,1500,3.6398363
5659,2496,3.4974241
5659,2572,3.4941068
5659,1306,3.4772453
5659,1394,3.296815
5659,2334,3.152342
5659,1831,3.1511116
5659,5,3.1249352
5659,1320,3.0970025
5659,2712,2.675723
2928,912,4.7397127
2928,260,4.7182918
2928,923,4.6808434
2928,1196,4.5958605
2928,1260,4.551522
2928,1217,4.479007
2928,3471,4.3326674
2928,34,4.317102
2928,3396,4.1796317
2928,223,4.165208
2928,1,4.1522017
2928,3104,4.1399446
2928,2791,4.1371565
2928,2395,4.1222854
2928,1282,4.112602
2928,1663,4.0401325
2928,1094,4.0224876
2928,1408,3.9768052
2928,595,3.8965807
2928,2857,3.8863459
2928,493,3.8711743
2928,2291,3.8676686
2928,1215,3.8299685
2928,1396,3.7755218
2928,3608,3.5662704
2928,99,3.5122724
2928,3070,3.4296563
2928,610,3.4091876
2928,2657,3.395008
2928,2707,3.3322759
2928,2710,3.2968721
2928,2459,3.2512827
2928,1378,3.2310107
2928,3698,3.0802248
2928,3917,2.8305316
2928,3489,2.5818822
2928,1690,2.3541386
2928,1676,2.1919553
2928,2460,1.5907139
5038,318,4.6756134
5038,1212,4.485097
5038,2731,4.45872
5038,3683,4.3097353
5038,1218,4.249862
5038,593,4.247095
5038,1269,4.245899
5038,936,4.2180753
5038,1296,4.21643
5038,2997,4.146347
5038,2248,4.109954
5038,1249,4.096212
5038,2289,4.077461
5038,34,4.053219
5038,2020,3.9982889
5038,3783,3.9958024
5038,3578,3.9750962
5038,1179,3.8669262
5038,2243,3.795426
5038,3302,3.5154452
5038,3793,3.3873835
5038,3618,3.29127
5038,2834,2.5371907
5038,3316,1.7538054
5038,3273,1.6605916
5038,3239,1.1667094
223,1198,4.191946
223,380,3.8766398
223,3114,3.8524756
223,832,3.8028023
223,539,3.7683358
223,2791,3.7650652
223,2194,3.7386851
223,1580,3.7223032
223,2413,3.6017861
223,2581,3.590307
223,2424,3.5869207
223,586,3.5061693
223,1101,3.5015304
223,168,3.473248
223,3707,3.4663694
223,2103,3.4608078
223,362,3.4527903
223,2410,3.4016418
223,151,3.346737
223,1882,3.2727036
223,3617,3.2434382
223,2369,3.233769
223,410,3.202178
223,2052,3.1853302
223,3,3.1435893
223,1377,2.9658046
223,1381,2.9179966
108,1449,3.9973693
108,3675,3.5237617
108,3925,3.4432154
108,1544,3.266512
108,3913,3.0907776
4272,3793,3.8527935
4272,1527,3.851347
4272,1127,3.8097584
4272,3576,3.6335456
4272,2009,3.6013684
4272,3698,3.470838
4272,3704,3.4361987
4272,1334,3.2910948
4272,1371,3.2356477
4272,1591,2.9812634
4272,1779,2.88322
4272,379,2.7441342
4272,2530,2.5499244
5208,318,5.320657
5208,110,4.7654796
5208,3148,4.6313934
5208,1653,4.491166
5208,866,4.4644294
5208,474,4.359845
5208,3176,4.288577
5208,2770,4.1982493
5208,1909,4.115516
5208,3081,4.110045
5208,288,4.006036
5208,2840,3.4269862
5208,1591,3.3689413
5208,2702,3.3485641
5208,2428,2.415882
5208,1882,1.8635693
2664,858,4.4202075
2664,110,4.17507
2664,903,4.0816154
2664,1956,3.9972675
2664,1084,3.9615998
2664,1784,3.9071095
2664,3420,3.8891137
2664,3361,3.819816
2664,2352,3.800406
2664,3068,3.767173
2664,524,3.7477283
2664,3505,3.7399464
2664,2518,3.6879158
2664,440,3.6759987
2664,2394,3.6721473
2664,2474,3.642603
2664,2463,3.602673
2664,3107,3.557907
2664,648,3.456338
2664,3033,3.434348
2664,2145,3.331281
2664,2059,3.3042843
2664,1616,3.2593212
2664,2416,3.2172651
2664,95,3.1929011
2664,3525,3.1889734
2664,2694,3.174909
2664,1135,3.1568499
2664,3263,3.1349025
2664,459,3.0396023
2664,2468,2.9652755
2664,1388,2.8542237
2664,2616,2.823841
2664,485,2.6832821
2664,736,2.667816
2664,173,2.6258411
2664,3387,2.5316627
2664,1882,2.2366705
2664,65,1.8084514
4253,1212,4.0370455
4253,2324,3.9449286
4253,953,3.8852897
4253,1269,3.8248167
4253,2396,3.7709947
4253,2202,3.6905284
4253,1201,3.6632233
4253,1231,3.6625447
4253,1077,3.6541607
4253,1387,3.6341023
4253,1266,3.5662796
4253,2648,3.5196025
4253,920,3.513072
4253,1235,3.4838164
4253,1949,3.4815516
4253,1023,3.4641228
4253,3681,3.442843
4253,1090,3.4196987
4253,32,3.4060335
4253,3788,3.3644366
4253,3093,3.2895737
4253,3060,3.256299
4253,1092,3.2562568
4253,1022,3.2441192
4253,941,3.2308197
4253,1095,3.1749253
4253,1103,3.0262938
4253,3379,3.0098484
4253,388,2.9752188
4253,3011,2.9359608
4253,2391,2.927655
4253,1186,2.8711562
4253,235,2.8617692
4253,2553,2.8029747
4253,2968,2.7805986
4253,3215,2.5838516
4253,1331,2.370282
2230,318,4.102999
2230,912,3.9695258
2230,480,3.680651
2230,2858,3.6615508
2230,475,3.6294022
2230,906,3.4170513
2230,262,3.4060278
2230,2236,3.403672
2230,832,3.3716152
2230,337,3.3385851
2230,1120,3.3102555
2230,448,3.292696
2230,1620,3.286045
2230,82,3.264288
2230,1938,3.2300963
2230,229,3.0930715
2230,3103,3.077177
2230,1660,3.0020392
2230,2283,2.8286257
2230,371,2.8262517
2230,1673,2.8070352
2230,1488,2.742877
2230,3257,2.6955338
2230,201,2.6607082
2230,1667,2.6409922
2230,2269,2.3079855
2721,2396,4.337288
2721,2078,4.0721664
2721,2081,4.045293
2721,1680,3.918389
2721,3831,3.793513
2721,543,3.3303397
3815,1198,4.8719287
3815,457,4.61059
3815,1307,4.457078
3815,1968,4.3705735
3815,2791,4.3470497
3815,1270,4.344057
3815,1954,4.3348675
3815,440,4.279063
3815,2109,4.276923
3815,2406,4.2052846
3815,2144,4.190672
3815,223,4.1651907
3815,3635,4.0445075
3815,2134,4.025415
3815,2100,3.9204583
3815,3809,3.8009958
1314,1196,3.5289636
1314,246,3.349553
1314,2716,3.3457978
1314,1947,3.3098717
1314,3114,3.27557
1314,1206,3.2097058
1314,1387,3.1974938
1314,780,3.1760952
1314,2565,3.1432664
1314,736,3.1187353
1314,2628,3.0723736
1314,2078,3.047349
1314,265,3.0164385
1314,3753,2.9842243
1314,2003,2.9188867
1314,2802,2.911135
1314,2394,2.8591058
1314,588,2.8226204
1314,261,2.7780569
1314,185,2.747157
1314,1713,2.6177788
1314,1015,2.6004643
1314,2429,2.5934076
1314,1644,2.495524
1314,1453,2.407352
1314,3299,2.3747458
1314,362,2.370209
1314,1005,2.3233857
1314,2965,2.1240005
1372,593,3.9934464
1372,1210,3.6998107
1372,2706,3.498355
1372,3113,2.8864753
1372,2722,2.8098629
1372,3354,2.7234669
202,1193,4.234844
202,953,4.2202673
202,954,4.0421953
202,1201,4.0084186
202,1036,3.9799366
202,1704,3.9575496
202,2396,3.929174
202,1246,3.9113765
202,1321,3.8711958
202,1387,3.8030188
202,594,3.7910178
202,1682,3.7872043
202,1101,3.786216
202,2020,3.7143903
202,3624,3.5879653
202,3302,3.566495
202,11,3.558598
202,733,3.5341597
202,165,3.5301757
202,1466,3.5283716
202,514,3.5281205
202,3034,3.4749024
202,3213,3.4743445
202,2081,3.460885
202,3729,3.433454
202,339,3.4092917
202,39,3.400808
202,2166,3.3990333
202,1645,3.3662097
202,2459,3.347513
202,2433,3.336931
202,2572,3.2711215
202,1754,3.25073
202,1429,3.2389503
202,1614,3.2042122
202,1729,3.1873322
202,2409,3.170608
202,1895,3.1665008
202,2683,3.1442776
202,1821,3.1433644
202,2003,3.1120267
202,1701,3.1024647
202,2694,3.057461
202,3623,3.0316193
202,1438,2.9967446
202,2637,2.9706352
202,370,2.9540744
202,2702,2.8888874
202,2026,2.864549
202,1395,2.8559537
202,237,2.8513432
202,3500,2.8276894
202,2316,2.7105339
202,2072,2.7103107
202,420,2.6761336
202,637,2.6690938
202,2793,2.6635518
202,3693,2.6104746
202,542,2.5611987
202,2338,2.220638
202,93,2.1622176
202,849,2.0313497
202,870,1.6565902
3949,1208,4.3325877
3949,2028,4.215117
3949,2944,4.008378
3949,2670,3.9980004
3949,3873,3.8511806
3949,2527,3.6579716
3949,1586,3.5117276
3949,210,3.4115987
3949,458,3.402819
2334,858,4.38123
2334,1272,4.2762475
2334,2067,4.213582
2334,2396,4.1838603
2334,62,4.040622
2334,911,4.030219
2334,608,4.011717
2334,3341,3.9915705
2334,3671,3.989678
2334,3152,3.9591305
2334,1370,3.9209738
2334,1953,3.9145002
2334,1287,3.9075363
2334,3448,3.9001327
2334,2115,3.8802927
2334,1678,3.840918
2334,1271,3.8348098
2334,901,3.746818
2334,3260,3.7322063
2334,2001,3.7277937
2334,596,3.7078972
2334,976,3.6748078
2334,2581,3.6667056
2334,289,3.6255412
2334,85,3.6125484
2334,1835,3.601306
2334,3199,3.5537903
2334,3478,3.548473
2334,1658,3.498964
2334,3534,3.497913
2334,182,3.4963677
2334,1693,3.4776783
2334,357,3.4545755
2334,1020,3.447927
2334,368,3.4450579
2334,3,3.4277592
2334,3684,3.4268055
2334,1013,3.4215431
2334,2734,3.351123
948,750,4.3615513
948,914,4.187695
948,110,4.1104307
948,2726,4.1064906
948,1210,4.0816097
948,1253,4.075807
948,363,4.0656796
948,1276,4.061394
948,3741,4.051064
948,1949,4.0140605
948,296,3.931179
948,2303,3.926594
948,1663,3.9188037
948,3451,3.9186363
948,3730,3.9170196
948,3341,3.908039
948,589,3.90182
948,3007,3.8724854
948,1285,3.8518524
948,2080,3.85005
948,2099,3.7273643
948,2644,3.723692
948,2394,3.7061877
948,2687,3.6877327
948,3366,3.6783588
948,2455,3.6780477
948,1619,3.6763985
948,2628,3.6761146
948,2870,3.6742973
948,2015,3.5953283
948,2021,3.526084
948,198,3.5186107
948,2759,3.4946237
948,2553,3.4736032
948,3099,3.4667811
948,2472,3.4122083
948,1371,3.274939
948,2536,3.0754485
948,3802,3.0189025
948,1391,2.9836402
948,2986,2.9623938
948,2701,2.9359632
5082,1213,4.0765905
5082,2858,4.00097
5082,1233,3.9953012
5082,2927,3.9277165
5082,909,3.8398812
5082,2728,3.8160517
5082,2398,3.7775354
5082,2951,3.734935
5082,2064,3.7241578
5082,1946,3.6920085
5082,1095,3.6735733
5082,2355,3.6599073
5082,1078,3.628984
5082,2238,3.6237776
5082,2857,3.621187
5082,1073,3.5780997
5082,39,3.5045524
5082,3418,3.4755826
5082,2968,3.4280143
5082,2321,3.4046779
5082,2173,3.2812614
5082,3422,3.1804283
5082,100,2.9230452
2726,1198,4.825
2726,1207,4.8214808
2726,608,4.68047
2726,1294,4.553462
2726,3504,4.469629
2726,1962,4.2092867
2726,1088,3.6818419
1847,318,4.930207
1847,2360,4.674734
1847,2908,4.2506633
1847,3794,3.8288054
1847,2431,3.333376
5638,953,4.2369647
5638,428,4.0090065
5638,1300,3.901021
5638,590,3.8482976
5638,1678,3.8223102
5638,1784,3.7877235
5638,2640,3.5360508
5638,2433,3.3258324
5638,2316,3.0962787
5638,2792,2.9532905
5638,169,1.7281584
4146,2028,4.4852486
4146,1358,4.3790927
4146,1927,4.3575473
854,1358,3.8493254
854,2997,3.7220607
854,32,3.642623
854,3505,3.5509367
854,2336,3.5028806
854,3044,3.4641638
854,474,3.4624252
854,628,3.4609833
854,345,3.4311275
854,2333,3.4191403
854,1643,3.4016666
854,2707,3.3814323
854,349,3.3807874
854,1959,3.3677258
854,3252,3.3665023
854,1608,3.3599906
854,412,3.345527
854,21,3.336715
854,2108,3.3073745
854,1794,3.3022926
854,551,3.257784
854,3102,3.2478445
854,1370,3.225826
854,500,3.2053578
854,2443,3.0908003
854,1059,3.0644073
854,3798,3.0340824
854,3005,2.963526
854,277,2.88223
854,46,2.850299
854,1457,2.8456018
854,708,2.8414776
854,2263,2.8141377
854,661,2.812484
854,3529,2.7334774
854,2942,2.6912284
854,1541,2.6716945
854,603,2.6681335
854,2881,2.6651537
854,3705,2.4326239
854,2107,2.3424363
854,1882,2.0184224
854,179,2.00216
854,2701,1.9564807
854,1499,1.9537698
335,1262,3.487504
335,3897,3.4356937
335,1197,3.4247844
335,2804,3.2669826
335,1266,3.0380778
335,3836,2.9691625
335,3494,2.916943
335,1617,2.7415776
335,3948,2.676239
335,3479,2.674086
335,3893,2.4105015
335,3906,1.9891026
335,303,1.6854373
335,1887,1.345762
335,15,1.2685503
1727,858,4.9305835
1727,1221,4.729679
1727,969,4.677655
1727,2935,4.640011
1727,1200,4.6142735
1727,3338,4.5977955
1727,2300,4.5584035
1727,3929,4.4854193
1727,2948,4.3968363
1727,3019,4.345562
1727,3552,4.3334255
1727,1968,4.316229
1727,921,4.31301
1727,3072,4.281663
1727,866,4.2181797
1727,2243,4.189456
1727,3526,4.182366
1727,3406,4.1711197
1727,2108,4.0683327
1727,2916,4.0651917
1727,1967,4.0335236
1727,3635,4.030792
1727,21,4.022797
1727,3576,3.9817631
1727,2012,3.9171555
1727,1676,3.8767195
1727,1883,3.8484259
1727,2628,3.814031
1727,2335,3.803827
1727,3869,3.7846165
1727,537,3.744905
1727,3263,3.699694
1727,1769,3.645547
1727,208,3.550023
1727,2410,3.5336423
1727,3590,3.5148563
1727,1816,3.4799047
1727,44,3.4520597
1727,3693,3.4024003
1727,2421,3.325272
1727,9,3.2903497
1727,442,3.2728553
4369,750,4.326777
4369,1254,4.157975
4369,2858,4.152616
4369,1280,4.0401487
4369,1997,3.8612425
4369,266,3.1435943
4277,3435,4.909141
4277,1212,4.8036437
4277,745,4.7977176
4277,3134,4.7646747
4277,3470,4.7313113
4277,1147,4.69153
4277,3468,4.664075
4277,2501,4.654046
4277,3789,4.6323533
4277,1358,4.6222143
4277,2132,4.614944
4277,3508,4.5971966
4277,2300,4.5908175
4277,306,4.581206
4277,3160,4.576948
4277,1348,4.564867
4277,1956,4.560549
4277,1236,4.546384
4277,1240,4.5452538
4277,1264,4.532718
4277,508,4.5276523
4277,3507,4.4747334
4277,380,4.4692802
4277,1060,4.4673915
4277,1089,4.465683
4277,1931,4.4647813
4277,3424,4.4500437
4277,2115,4.4450436
4277,3088,4.4430413
4277,190,4.442037
4277,2303,4.441324
4277,2686,4.440017
4277,2493,4.4350443
4277,3246,4.3899975
4277,2150,4.3867083
4277,1913,4.3854337
4277,1663,4.3751574
4277,322,4.363899
4277,3677,4.357918
4277,1959,4.357532
4277,2068,4.356817
4277,2764,4.3549776
4277,175,4.320443
4277,3200,4.30971
4277,2371,4.3071556
4277,3682,4.3046002
4277,1758,4.3017426
4277,2347,4.29588
4277,866,4.2923694
4277,263,4.284071
4277,117,4.28342
4277,2243,4.283388
4277,663,4.276041
4277,3169,4.2714853
4277,1081,4.2646832
4277,1904,4.260996
4277,802,4.254008
4277,440,4.2504325
4277,1910,4.244794
4277,2178,4.2224956
4277,2985,4.221249
4277,2087,4.2127876
4277,1401,4.2127767
4277,3727,4.2102036
4277,3409,4.2078986
4277,3107,4.2066174
4277,780,4.20622
4277,1508,4.1955175
4277,1061,4.193975
4277,1968,4.1854296
4277,3685,4.1830797
4277,1268,4.1684947
4277,1290,4.1667366
4277,1504,4.1586313
4277,3633,4.15589
4277,481,4.1535053
4277,3873,4.141258
4277,229,4.1363535
4277,147,4.130007
4277,1585,4.1273355
4277,159,4.1239095
4277,521,4.122107
4277,1241,4.120386
4277,1884,4.118232
4277,2272,4.1167226
4277,2554,4.1162243
4277,3718,4.1143665
4277,3427,4.1044188
4277,2376,4.104418
4277,3197,4.1015654
4277,565,4.0947113
4277,2663,4.0838475
4277,3794,4.077339
4277,3684,4.076087
4277,2278,4.076003
4277,3618,4.075062
4277,368,4.0655065
4277,1661,4.060171
4277,458,4.058483
4277,513,4.054384
4277,2106,4.0465336
4277,2457,4.040963
4277,2419,4.036686
4277,3827,4.0290055
4277,1806,4.028042
4277,2444,4.0276184
4277,1824,4.019532
4277,1892,4.0148115
4277,1715,4.0142927
4277,145,4.013382
4277,2666,4.0086784
4277,2752,4.0074186
4277,561,4.0028577
4277,495,4.0017066
4277,2759,3.9890912
4277,2409,3.9890592
4277,570,3.986298
4277,2613,3.9735298
4277,3848,3.9550447
4277,3796,3.9510407
4277,653,3.9496675
4277,2146,3.949253
4277,3863,3.9294956
4277,2802,3.920382
4277,1903,3.9176574
4277,2586,3.9155526
4277,1597,3.9081683
4277,2530,3.8940954
4277,463,3.8923259
4277,3355,3.8879993
4277,1121,3.8851066
4277,2328,3.8759313
4277,2374,3.8700686
4277,1382,3.8634765
4277,1687,3.8475647
4277,1549,3.8458204
4277,338,3.8418486
4277,3403,3.8237064
4277,1377,3.8123295
4277,2531,3.7776952
4277,1391,3.7699142
4277,2737,3.7600994
4277,315,3.7344537
4277,528,3.7245512
4277,611,3.7151382
4277,1055,3.683663
4277,2122,3.674693
4277,196,3.6531289
4277,1744,3.6461377
4277,256,3.6280997
4277,3113,3.5655746
4277,1004,3.492096
4277,2642,3.49077
4277,2450,3.2444797
5739,1172,4.4051437
5739,1210,4.0607624
5739,3418,3.8834686
5739,431,3.7890124
5739,2617,3.5076244
2252,356,4.0182495
2252,2085,3.6882355
2252,2572,3.5329819
2252,2889,3.4133725
2252,2072,2.7901268
910,1950,3.9973881
910,3545,3.816596
910,3668,3.796044
910,1035,3.715504
910,1271,3.7144465
910,1408,3.6833746
910,3448,3.680213
910,1101,3.6529315
910,412,3.6002092
910,3723,3.5687506
910,3686,3.368035
910,616,3.2970195
910,3264,3.2949576
910,1334,3.1843388
910,3497,3.1629047
910,830,3.043044
910,3879,2.9998355
910,2017,2.9914298
5542,1262,4.9210224
5542,912,4.9132485
5542,1267,4.843769
5542,1234,4.839986
5542,1251,4.6649075
5542,2969,4.4893007
5542,3362,4.474636
5542,3093,4.350995
1112,904,4.926113
1112,2324,4.759405
1112,1247,4.669032
1112,1231,4.5819564
1112,2918,4.562492
1112,1446,4.470992
1112,1997,4.4654713
1112,529,4.4601145
1112,1784,4.44211
1112,308,4.416927
1112,497,4.398466
1112,1073,4.375572
1112,1210,4.3744364
1112,2662,4.2492466
1112,1748,4.248777
1112,1962,4.227433
1112,1994,4.1888695
1112,2687,4.09117
1112,141,4.0298166
1112,2288,4.011793
1112,3176,3.9410677
1112,2989,3.789874
1112,1339,3.728175
1112,3535,3.6835399
1112,1777,3.6604383
1112,2105,3.559103
1112,2005,3.4964418
1112,3863,3.4960163
1112,2058,3.4699583
1112,1620,3.4575553
1112,2090,3.455627
1112,2861,3.3184738
1112,543,3.2599502
1112,1401,3.2122626
1112,1769,3.1576986
1112,2405,3.1393971
1112,1888,3.0430918
1112,2617,3.0057697
1112,2628,3.0012379
1112,1513,2.9866
1112,3249,2.9724987
1112,3759,2.9707263
1112,2975,2.750197
1112,709,2.6781275
1112,1676,2.6460109
1112,2504,2.6452856
1112,1690,2.6362944
1112,185,2.622419
1112,1363,2.5806909
1112,2253,2.4535794
1112,2629,2.2656658
1112,44,2.2627513
1112,2525,2.0045543
1112,2992,1.9334754
1112,2411,1.919018
1112,1985,1.8747705
1112,3024,1.7555783
1112,3299,1.691411
1112,1992,1.352999
1112,1335,1.252494
1112,1681,1.1948577
1112,1996,1.1607189
1378,608,4.7568436
1378,916,4.6879616
1378,1244,4.589148
1378,1188,4.1543684
453,1207,4.4975185
453,1252,4.484424
453,912,4.3648553
453,1276,4.2765956
453,1358,4.2078648
453,3334,4.106085
453,150,4.105588
453,1387,4.065292
453,1230,4.002369
453,1466,3.9040585
453,480,3.8887804
453,3702,3.8121061
453,3868,3.7956233
453,3424,3.7117708
453,2423,3.691104
453,2193,3.6346555
453,1017,3.5863872
453,2880,3.5629337
453,1701,3.5485005
453,3301,3.5167196
453,1429,3.496633
453,3882,3.4924831
453,3247,3.3956652
453,216,3.3771815
453,434,3.362076
453,1661,3.3230803
453,344,3.2624915
453,2792,3.0656312
453,1676,2.956225
453,19,2.5839477
453,2953,2.4824803
3287,1225,4.6511536
3287,2927,4.5198326
3287,1961,4.43524
3287,1419,4.336859
3287,1946,4.3205795
3287,356,4.255666
3287,155,3.7105885
3831,296,4.2696037
3831,293,4.1226244
3831,1678,3.8805163
3831,6,3.8656445
3831,1873,3.7445006
3831,1013,3.5184605
3831,1371,3.2364929
3831,1690,2.7281957
3831,3825,2.06729
3831,3391,1.7042699
5761,1304,4.285699
5761,3504,4.1590414
5761,1077,4.149367
5761,1238,4.146183
5761,101,4.0544667
5761,223,3.9922943
5761,1188,3.976974
5761,2502,3.974658
5761,2102,3.6658328
5761,663,3.6035209
5761,2723,3.2617238
5761,3740,3.2544227
5761,372,3.2186713
5761,520,2.858974
5761,135,2.752514
5761,370,2.7001243
5761,153,2.4909773
5761,1468,2.154768
5761,1359,1.771097
5761,1679,1.3366258
5761,870,1.1058459
1232,1197,4.8335342
1232,916,4.832516
1232,1394,4.754503
1232,1704,4.7338443
1232,2997,4.6072893
1232,3006,4.5782146
1232,3481,4.5483084
1232,2599,4.53286
1232,17,4.4990783
1232,915,4.491585
1232,3160,4.455717
1232,300,4.362883
1232,1050,4.357906
1232,1682,4.2803946
1232,3072,4.2769156
1232,551,4.2546425
1232,1271,4.2341805
1232,1183,4.178423
1232,2439,4.102802
1232,3255,3.972874
1232,3261,3.8330517
1232,1473,2.4893172
1232,3564,0.87666154
124,1094,3.9609318
3195,318,4.284521
3195,2571,4.1724687
3195,47,4.0812445
3195,3360,4.0666566
3195,1,4.006571
3195,1222,3.9973695
3195,1089,3.977404
3195,1960,3.9336956
3195,3671,3.8733096
3195,2289,3.8733053
3195,1954,3.87162
3195,1997,3.7762146
3195,3793,3.7258534
3195,1347,3.608623
3195,3524,3.4982352
3195,1587,3.3868961
3195,1753,3.293247
3195,2657,3.2600582
3195,2450,2.2791238
3195,3024,2.2642958
3195,3710,2.2623367
5126,2396,4.230983
5126,1,4.2113423
5126,232,4.132961
5126,356,4.118292
5126,733,4.1053452
5126,2248,4.1024184
5126,2706,4.045074
5126,2302,3.9975245
5126,3044,3.9515555
5126,1285,3.8953996
5126,3751,3.8948135
5126,2406,3.8764713
5126,1639,3.8161094
5126,342,3.7670035
5126,2301,3.7250917
5126,2915,3.7078865
5126,1810,3.6601467
5126,2976,3.5778396
58,908,4.7645016
58,750,4.754402
58,913,4.7230487
58,1213,4.7037807
58,1247,4.6004353
58,2396,4.5671988
58,1089,4.5148554
58,1264,4.49786
58,1242,4.4947767
58,1288,4.476291
58,1222,4.447508
58,2997,4.4384227
58,2728,4.4226966
58,1210,4.412739
58,1080,4.38414
58,3552,4.3428154
58,2919,4.326375
58,1982,4.3244863
58,356,4.3117905
58,1408,4.2345586
58,509,4.212073
58,1321,4.200158
58,1517,4.190156
58,1921,4.18356
58,480,4.172209
58,1994,4.1547923
58,3260,4.131416
58,2916,4.125642
58,1295,4.112877
58,1370,4.04348
58,3639,4.036231
58,2915,4.023638
58,1374,4.0226955
58,1587,3.9061072
58,2985,3.8743737
58,1205,3.8686566
58,3893,3.8493078
58,2021,3.8215663
58,2393,3.787624
58,1010,3.7811036
58,2613,3.7493768
58,329,3.6234064
58,1801,3.5607405
58,70,3.5357232
58,611,2.6413796
58,1882,2.202536
58,3593,1.2936563
58,519,1.202627
5588,1196,4.0638013
5588,1288,3.9530368
5588,800,3.9076977
128,1968,4.5036807
128,1282,4.4672785
128,2657,4.1378703
128,3154,3.99341
3360,17,3.9540138
3360,357,3.6478035
3360,2020,3.5701146
3360,39,3.463955
3360,2100,3.443644
3360,1339,3.3507738
3360,3791,3.1499178
3360,3835,2.8159158
3360,160,2.2838504
676,1198,4.0581493
676,3114,3.8042107
676,1219,3.6962523
676,2918,3.6770904
676,1206,3.6339798
676,1387,3.57229
676,161,3.4880939
676,1271,3.4673657
676,223,3.3610215
676,3255,3.3193264
676,543,3.308107
676,1805,3.2765002
676,491,3.2758784
676,3210,3.2603936
676,2478,3.2524424
676,2431,3.2348824
676,1620,3.232142
676,2770,3.2289152
676,39,3.2265012
676,2628,3.1668375
676,350,3.1617584
676,2081,3.1529975
676,2353,3.0864902
676,22,3.0720887
676,1409,3.039568
676,2124,3.0228477
676,1673,2.9653096
676,3146,2.8153691
676,1876,2.6957357
676,2072,2.6754694
676,5,2.6049395
676,1772,2.4756963
676,2004,2.4158165
676,1894,2.400239
676,818,2.3885005
676,135,2.3384027
676,1021,2.320546
676,432,2.2711525
676,1005,1.9875818
676,2408,1.953964
676,65,1.719964
5862,1036,4.846782
5862,11,4.7679806
5862,62,4.7620068
5862,1408,4.703476
5862,1302,4.696673
5862,1527,4.6820736
5862,1608,4.65115
5862,592,4.5870457
5862,1027,4.4909005
5862,165,4.4416065
5862,368,4.4351177
5862,185,4.415133
5862,173,4.3095584
5862,605,4.275722
5862,2802,4.1868105
5862,1831,4.18204
5862,1616,4.166955
5862,836,4.113745
5862,1588,4.0677114
5862,1599,3.5539951
5024,904,4.281843
5024,3429,4.183017
5024,898,4.1344557
5024,1284,4.100252
5024,1196,4.071399
5024,1304,3.9684153
5024,2997,3.882584
5024,3163,3.5483656
5024,2405,2.4509058
5658,1234,4.750522
5658,1192,4.492691
5658,1266,4.457226
5658,2670,4.3809824
5658,2000,4.3065524
5658,3364,4.237532
5658,3168,4.22364
5658,1183,4.1220098
5658,2001,4.0414596
5658,648,4.039942
5658,1645,3.9689062
5658,952,3.9625554
5658,2013,3.9417
5658,2985,3.8817425
5658,383,3.7872028
5658,259,3.605153
5658,2471,3.251757
5658,2535,3.1810672
4354,527,4.733026
4354,1204,4.6051598
4354,923,4.53853
4354,3849,4.285529
4354,3471,4.2765436
4354,1192,4.275678
4354,162,4.239244
4354,1931,4.2195973
4354,1266,4.207042
4354,1287,4.196635
4354,1270,4.121187
4354,3039,4.1116095
4354,3703,4.1072984
4354,968,4.0788507
4354,3424,4.035987
4354,1035,4.0247087
4354,16,3.9860535
4354,2863,3.9649339
4354,1127,3.963355
4354,553,3.902804
4354,1356,3.8814735
4354,3153,3.8535612
4354,3524,3.8437243
4354,1374,3.8403845
4354,3655,3.8267384
4354,3639,3.8008833
4354,3591,3.7953582
4354,3501,3.6821847
4354,1407,3.6527698
4354,2779,3.6473823
4354,3087,3.5987408
4354,2749,3.5124424
4354,1587,3.4731262
4354,2527,3.459549
4354,2249,3.4118755
4354,3649,3.257393
4354,3441,3.1955307
4354,3773,3.0292573
4354,2374,3.0228548
4354,2072,2.9977896
4354,2040,2.9773695
4354,2530,2.808745
4354,2792,2.7891865
4354,1665,2.7106814
4354,2616,2.7049704
4354,2735,2.5884025
4354,673,2.5380545
4354,2399,2.4391184
4354,3833,2.4003406
4354,2044,2.226484
4354,849,2.1855361
4354,3841,1.9680631
4354,1772,1.9396163
4354,3802,1.7745378
4354,1882,1.5650597
3930,1204,4.790371
3930,260,4.7838163
3930,899,4.7461443
3930,1267,4.7165766
3930,1196,4.6440415
3930,1278,4.6048565
3930,3801,4.5556498
3930,1307,4.475651
3930,1206,4.4518614
3930,1947,4.3857923
3930,1277,4.3282695
3930,1028,4.2629366
3930,1019,4.0895963
3930,1127,4.05203
3930,349,4.047851
3930,2628,3.8573177
3930,1088,3.8155801
3930,3441,3.7123067
3930,2003,3.7084157
3930,3053,3.4887385
3930,3489,3.346571
216,318,3.97575
216,1198,3.834264
216,599,3.7620692
216,750,3.757975
216,2571,3.7494645
216,2804,3.7326827
216,1272,3.7262342
216,1225,3.7141185
216,1199,3.7099323
216,3462,3.6929615
216,953,3.6843266
216,1228,3.677024
216,955,3.6397278
216,2944,3.6312757
216,1269,3.622397
216,911,3.6097524
216,2067,3.6020703
216,162,3.5945573
216,1096,3.5744848
216,1240,3.550877
216,508,3.5329907
216,1103,3.5304508
216,356,3.5229735
216,1387,3.5159965
216,3507,3.504427
216,1265,3.4898167
216,2648,3.4581711
216,1784,3.4542923
216,1527,3.4235399
216,1500,3.421812
216,2366,3.406684
216,1635,3.4019547
216,3549,3.4003406
216,3362,3.394657
216,3074,3.3872697
216,3086,3.3786557
216,1845,3.3731446
216,944,3.3553953
216,2115,3.3410618
216,1028,3.318067
216,3169,3.309765
216,952,3.307901
216,1307,3.3057504
216,2065,3.2900054
216,1542,3.282385
216,2371,3.2797863
216,1393,3.2682543
216,1569,3.2677634
216,3494,3.2591715
216,2736,3.2589812
216,3506,3.248981
216,2097,3.2382467
216,1619,3.2349408
216,105,3.2320933
216,1083,3.2314913
216,2870,3.225377
216,252,3.2212636
216,2081,3.2140698
216,2539,3.201777
216,377,3.199154
216,3552,3.1940098
216,1016,3.1794367
216,3255,3.1770134
216,1735,3.165963
216,1517,3.1254778
216,2416,3.1097107
216,1857,3.0712225
216,2007,3.0552537
216,3869,3.028376
216,2082,2.9775796
216,2259,2.9680724
216,1513,2.9373846
216,1409,2.81927
216,186,2.7145965
216,505,2.7067661
216,489,2.6339357
216,2296,2.532452
216,2558,2.5171854
216,466,2.361487
2110,1197,3.9311023
2110,1291,3.893771
2110,1278,3.6662126
2110,1270,3.5604866
2110,492,3.4896355
2110,3133,3.470535
2110,1127,3.3398004
2110,2174,3.273777
2110,3927,3.1942353
2110,2046,3.1793501
2110,2043,3.1478672
2110,653,3.1210842
2110,3506,3.1102815
2110,60,3.069188
2110,1030,3.0365605
2110,2837,3.0071893
2110,2657,2.9842105
2110,1327,2.9755054
2110,2011,2.9617205
2110,804,2.778205
2110,2054,2.5790114
2110,2643,1.7784166
574,318,4.685756
574,2858,4.4279156
574,1,4.1835527
1242,898,4.244403
1242,3089,4.226733
1242,745,4.1582355
1242,1358,4.098913
1242,2612,4.0445857
1242,1947,4.0094023
1242,58,4.0080667
1242,1188,3.985115
1242,1784,3.93132
1242,3910,3.9297333
1242,2997,3.928012
1242,3002,3.910329
1242,2859,3.89468
1242,3044,3.882106
1242,1788,3.8688912
1242,1089,3.833404
1242,3253,3.8324308
1242,3000,3.825622
1242,3911,3.774235
1242,2677,3.7696075
1242,474,3.7547953
1242,215,3.7134638
1242,2824,3.7022579
1242,2390,3.6961758
1242,2529,3.6782556
1242,2610,3.674253
1242,367,3.6586728
1242,206,3.6408556
1242,2020,3.6265817
1242,2857,3.6032715
1242,1897,3.5963635
1242,1836,3.590173
1242,1354,3.5771978
1242,3361,3.5729897
1242,1875,3.5709
1242,1682,3.5583982
1242,1202,3.5483062
1242,35,3.5426157
1242,991,3.5375905
1242,1912,3.5173912
1242,503,3.509469
1242,3261,3.4942281
1242,1701,3.478908
1242,194,3.4551141
1242,2463,3.4406915
1242,3608,3.413653
1242,2801,3.373193
1242,1658,3.3554583
1242,3885,3.351925
1242,410,3.3430989
1242,342,3.3012934
1242,603,3.209965
1242,2021,3.198104
1242,2705,3.1612382
1242,1417,3.1141849
1242,46,2.8832598
1968,527,3.7334428
1968,3307,3.7182064
1968,2019,3.675609
1968,2804,3.5348535
1968,1278,3.4658744
1968,296,3.3496537
1968,1610,3.3386962
1968,3114,3.323618
1968,1617,3.1202166
1968,1674,3.0750246
1968,588,3.0710828
1968,2997,3.0556889
1968,3479,3.029147
1968,32,3.027597
1968,3175,3.0240088
1968,2058,3.0071452
1968,1678,2.9970627
1968,3763,2.9873934
1968,2333,2.9872286
1968,2599,2.8937588
1968,2779,2.8900871
1968,482,2.8506079
1968,1357,2.8425784
1968,1748,2.822415
1968,3267,2.7827625
1968,1347,2.7686868
1968,2735,2.6702569
1968,329,2.656224
1968,2490,2.6406922
1968,1994,2.6352491
1968,1876,2.5437906
1968,3706,2.4804912
1968,2505,2.3834944
1968,89,2.3551881
1968,3128,2.3248239
1968,1518,2.3026745
1968,458,2.1814973
1968,504,2.0961888
1968,376,2.0869243
1968,2699,2.0675797
1968,2121,1.9859835
1968,95,1.9800313
1968,2004,1.8532777
1968,512,1.83143
1968,1991,1.6763129
1968,2468,1.6358752
1968,3697,1.6074952
1968,540,1.4601667
1968,2643,1.2034137
1837,260,4.36535
1837,1197,4.316948
1837,1617,4.2993135
1837,246,4.282426
1837,2396,4.2186193
1837,741,4.2165823
1837,1041,4.2165217
1837,1196,4.2113743
1837,2997,4.2037425
1837,2966,4.1604595
1837,590,4.149454
1837,1997,4.144315
1837,293,4.12181
1837,2908,4.12078
1837,2973,4.111665
1837,1175,4.0991244
1837,1238,4.0599546
1837,2336,4.044738
1837,3006,4.0440564
1837,1954,4.0413594
1837,214,4.0324135
1837,1261,4.022518
1837,290,4.000176
1837,1964,3.9759784
1837,2795,3.9625235
1837,1357,3.95573
1837,1179,3.9288313
1837,2109,3.915042
1837,6,3.9019403
1837,535,3.8905473
1837,1265,3.8681762
1837,349,3.8668013
1837,3852,3.8571415
1837,538,3.8569717
1837,1124,3.8428042
1837,1897,3.8264232
1837,161,3.8248725
1837,2952,3.8014765
1837,3267,3.7890062
1837,3868,3.7840185
1837,2115,3.7690892
1837,3950,3.7580738
1837,147,3.745963
1837,233,3.7335677
1837,2112,3.6812415
1837,3298,3.6546407
1837,2090,3.6543946
1837,2025,3.6495526
1837,2105,3.6146526
1837,1611,3.6054428
1837,10,3.5901232
1837,2280,3.587103
1837,3430,3.5734415
1837,999,3.5706098
1837,3503,3.568194
1837,2006,3.546554
1837,2657,3.5245938
1837,3745,3.5140707
1837,1375,3.493238
1837,70,3.4858475
1837,2261,3.4702802
1837,358,3.4274662
1837,42,3.3726695
1837,3874,3.24091
1837,3269,3.2265396
1837,3497,3.2098913
1837,1552,3.1717274
1837,2717,3.094482
1837,2340,3.0732064
1837,3717,3.0370555
1837,2617,2.9618807
1837,2616,2.94727
1837,2322,2.9464657
1837,697,2.9341218
1837,1327,2.9230282
1837,504,2.7090797
1837,2722,2.678825
1837,3452,2.6461978
1837,1388,2.538788
1837,3692,2.2962368
1837,160,2.2878382
1837,2153,2.1150258
1837,762,2.0963676
1837,849,2.006225
1837,1499,1.8462577
1837,519,1.8108788
1888,3932,4.057432
1888,1356,4.0060663
1888,1014,3.6182742
1888,1544,3.0591147
1888,3924,2.7289038
4994,260,5.0037017
4994,32,4.7187653
4994,1270,4.6761208
4994,1580,4.582435
4994,2959,4.5792384
4994,1748,4.542302
4994,1215,4.467028
4994,1732,4.4344406
4994,3760,4.269089
4994,2841,4.2399974
4994,2046,4.1581945
4994,1676,3.6570194
4994,2054,3.6233318
4524,1198,4.215602
4524,858,4.1527767
4524,923,4.0475616
4524,1288,3.965691
4524,1240,3.9213252
4524,1258,3.9041252
4524,529,3.79213
4524,2716,3.7162833
4524,2000,3.68565
4524,2841,3.6474152
4524,1124,3.5828543
4524,1747,3.5386531
4524,1347,3.52099
4524,2105,3.460071
4524,339,3.4518447
4524,104,3.4323275
4524,3087,3.3920493
4524,2394,3.3783991
4524,377,3.3145409
4524,2002,3.1825259
4524,1876,3.0315776
4524,3758,3.0099616
4524,1835,2.905613
4524,153,2.8621945
4524,2411,2.83813
4524,782,2.7945347
4524,208,2.7607381
4524,1588,2.7106423
4524,1021,2.6295156
4524,765,2.5856102
4524,3248,2.4711144
4524,656,2.4635322
4524,1920,2.4179292
4524,2799,1.4866662
1179,593,4.156557
1179,1252,4.1374655
1179,3629,4.070736
1179,1,3.9682486
1179,1199,3.95758
1179,2788,3.920608
1179,1281,3.905935
1179,2997,3.8931782
1179,2791,3.864544
1179,1206,3.853332
1179,2947,3.8373408
1179,2010,3.8336582
1179,1097,3.8251219
1179,1292,3.771375
1179,3072,3.6682441
1179,588,3.644088
1179,2406,3.598978
1179,1948,3.5911598
1179,3070,3.4662712
1179,2009,3.4416163
1179,1544,3.2678084
1179,2054,2.9842286
1179,2722,2.7453344
1179,1831,2.6862016
1179,1676,2.6468866
310,260,4.273385
310,608,4.133263
310,2692,3.9979541
310,497,3.8850303
310,3753,3.8675041
310,595,3.866067
310,62,3.8005347
310,2150,3.7152247
310,364,3.6590834
310,337,3.6397028
310,2011,3.6349635
310,708,3.575721
310,3565,3.424649
310,421,3.4192586
310,1399,3.4006238
310,3791,3.3324223
310,1593,3.2147548
310,3743,3.1898482
310,484,3.1577773
310,1405,3.0816603
310,2053,2.8888254
310,126,2.6213262
1617,1240,3.614018
1617,3114,3.6137521
1617,924,3.587977
1617,2791,3.5763412
1617,1259,3.4396496
1617,110,3.332779
1617,2985,3.267653
1617,3175,3.1921585
1617,3793,3.085571
1617,3510,3.079286
1617,2702,2.9023173
1617,1580,2.6646261
1617,3889,2.6277273
1617,2683,2.5392826
1617,172,2.3629472
1617,3273,2.32678
1617,3287,2.286308
1617,2701,1.891753
1617,3190,1.6657867
2094,1200,4.2687273
2094,1291,4.2092915
2094,590,4.1721497
2094,1097,4.06545
2094,3168,4.0286384
2003,34,4.3669796
2003,2096,4.2800064
2003,1688,4.1853056
2003,2057,4.0626764
2003,1713,3.8793786
2003,2082,3.8373501
2740,2571,4.428488
2740,1233,4.3300915
2740,1610,4.164631
2740,1921,3.8441896
2740,2916,3.771806
2740,24,3.743149
2740,2278,3.6544342
2740,338,3.4255695
2740,1377,3.3678322
2740,208,3.227078
2740,44,3.203418
3614,2571,4.0747557
3614,3147,3.8208828
3614,3361,3.6264887
3614,1722,3.533176
3614,2167,3.4789255
3614,198,3.3106863
3614,592,3.3076158
3614,253,3.1335998
3614,2245,3.0602906
3614,2702,2.9564624
3614,370,2.9133027
3614,3355,2.6105728
3614,3276,2.6078846
4998,1060,4.3577385
4998,1222,4.342517
4998,2959,4.333349
4998,3543,4.245164
4998,590,4.1833096
4998,2889,3.944691
4998,663,3.9208508
4998,2106,3.7460606
5982,50,4.4930844
5982,1961,4.1105103
5982,1291,4.1095786
5982,1797,4.1004863
5982,1201,4.0627413
5982,356,4.024311
5982,1270,4.0201926
5982,2947,3.9908283
5982,1917,3.8484068
5982,592,3.7353525
5982,2490,3.7141266
5982,2628,3.7135775
190,1193,4.1663227
190,2762,4.1537104
190,1080,3.8769689
190,428,3.8601294
190,2194,3.791542
190,1344,3.6944776
190,1923,3.6899264
190,2139,3.674953
190,2000,3.6293056
190,592,3.5691829
190,1124,3.5687294
190,3598,3.5580313
190,2968,3.5149202
190,2174,3.4814959
190,1544,3.4277358
190,2912,3.3874772
190,2550,3.382369
190,3917,3.3502722
771,1193,4.3711605
771,924,4.070623
771,1019,3.6431713
771,2291,3.5385237
771,480,3.459877
1066,899,4.2375503
1066,916,4.203887
1066,2858,4.175767
1066,1307,4.02503
1066,11,3.822966
1066,587,3.7608461
1066,3751,3.757455
1066,2243,3.737473
1066,1580,3.713121
1066,1094,3.6991239
1066,1290,3.5379899
1066,517,3.2999144
1066,2724,3.0777974
1066,3262,3.0730891
1066,3564,2.168001
3921,1704,4.2727213
3921,1,4.1944113
3921,3317,4.067994
3921,3408,3.9466038
3921,39,3.732565
3921,231,3.418738
3921,3269,3.003547
3921,1167,2.732291
1348,914,4.3472404
1348,594,4.0581837
1348,364,4.0482774
1348,1282,3.9390907
1348,2018,3.9221923
1348,3098,3.9079728
1348,531,3.8408437
1348,3948,3.8246026
1348,2090,3.7335575
1348,1582,3.5736892
1348,1033,3.5317218
1348,60,3.5017648
1348,313,3.3445144
1348,2806,2.8978877
1685,908,3.9739156
1685,1131,3.9007368
1685,3462,3.8931096
1685,3334,3.8754086
1685,978,3.7929878
1685,1952,3.7900858
1685,1230,3.775137
1685,1189,3.7672787
1685,1270,3.7523346
1685,3088,3.7124095
1685,1960,3.6982105
1685,1220,3.6747515
1685,3481,3.6245046
1685,3098,3.604897
1685,2406,3.5795984
1685,3702,3.5789368
1685,2115,3.5660033
1685,1466,3.5449202
1685,2989,3.5153112
1685,3260,3.5101724
1685,3108,3.4975495
1685,223,3.4568646
1685,2321,3.4415627
1685,1810,3.437502
1685,592,3.433717
1685,2734,3.3563056
1685,2478,3.3430974
1685,785,3.3303947
1685,3015,3.3086274
1685,2469,3.2711697
3792,953,4.554038
3792,2762,4.4910703
3792,914,4.347458
3792,911,4.3300962
3792,2918,4.328327
3792,3578,4.3274407
3792,978,4.2997713
3792,1394,4.245861
3792,150,4.2049413
3792,1214,4.1803946
3792,3471,4.1796002
3792,1941,4.1603365
3792,920,4.153866
3792,34,4.122118
3792,1293,4.104235
3792,1721,4.0617104
3792,1968,4.034321
3792,3753,4.0308743
3792,3532,4.0234575
3792,3536,3.992404
3792,534,3.9849203
3792,3822,3.9823966
3792,2139,3.961935
3792,316,3.9607034
3792,589,3.9592283
3792,2716,3.9555035
3792,2109,3.9416506
3792,3415,3.937926
3792,2011,3.8966856
3792,104,3.8766103
3792,2989,3.8584428
3792,3526,3.8410547
3792,2763,3.827305
3792,3787,3.817295
3792,934,3.816
3792,2321,3.8110929
3792,3624,3.7849355
3792,2407,3.7691503
3792,3608,3.757985
3792,3703,3.756363
3792,2987,3.7540112
3792,2985,3.7263262
3792,708,3.7250586
3792,861,3.7226238
3792,2275,3.714303
3792,3398,3.7089868
3792,2709,3.6992798
3792,1459,3.68683
3792,1064,3.6407113
3792,1686,3.5964134
3792,168,3.5846322
3792,1892,3.584009
3792,1014,3.5773666
3792,2378,3.5561512
3792,3869,3.5466795
3792,2410,3.5088973
3792,1603,3.4606395
3792,2617,3.4559596
3792,2367,3.3857903
3792,3614,3.359798
3792,3394,3.2835371
3792,429,3.2703712
3792,1367,3.2579992
3792,1644,3.17629
3792,3500,3.1285217
3792,2530,3.1171105
3792,2471,3.1107793
3792,1461,2.8745778
3792,2122,2.862554
3792,1388,2.7811863
3792,3225,2.7068374
3792,1992,2.3259535
3792,2036,2.2692995
3792,2886,2.2617464
746,260,3.839927
746,912,3.7945366
746,2028,3.6951587
746,1240,3.590363
746,1610,3.5492234
746,3178,3.388778
746,1704,3.3885424
746,1,3.386518
746,1220,3.325366
746,1210,3.3181872
746,1228,3.3013682
746,356,3.2912788
746,1270,3.2232475
746,1584,3.22268
746,3916,3.21072
746,589,3.2045593
746,16,3.1994655
746,1693,3.1747043
746,2125,3.1175923
746,2987,3.0953789
746,1909,3.0069807
746,1263,2.9948006
746,2336,2.9740694
746,2058,2.9688842
746,1645,2.9260015
746,349,2.9011385
746,610,2.8617525
746,3105,2.8525379
746,1608,2.8451552
746,3175,2.7121542
746,2278,2.7078235
746,595,2.7031035
746,1840,2.6828077
746,1049,2.643502
746,225,2.61642
746,2707,2.596581
746,2688,2.579205
746,1544,2.5278463
746,998,2.4902058
746,2447,2.334316
746,3388,2.3258343
746,1459,2.2737355
746,3717,2.2640448
746,2676,2.201127
746,2699,2.1969938
746,2806,1.980145
746,1382,1.9483832
746,1752,1.8395166
746,782,1.7529944
746,2986,1.7260014
1178,913,4.277937
1178,1304,4.0406275
1178,1909,3.2521582
1178,1711,3.2134204
1178,1018,2.619953
5897,2959,4.571697
5897,2997,4.567557
5897,3549,4.4859333
5897,2076,4.2276635
5897,2893,3.4230018
5897,2082,2.9166725
587,318,3.9020452
587,1242,3.675085
587,1258,3.5449233
587,3671,3.4910665
587,1300,3.4536572
587,1265,3.4313216
587,3421,3.4228709
587,337,3.4203007
587,3147,3.4110067
587,2080,3.369402
587,1673,3.3488736
587,1249,3.3456397
587,2716,3.3181846
587,3200,3.306894
587,492,3.28758
587,1704,3.275531
587,1244,3.2141266
587,1078,3.1917071
587,1956,3.1696956
587,348,3.1619365
587,1298,3.14088
587,1394,3.1221755
587,1230,3.1044452
587,1982,3.0978522
587,1922,3.0883408
587,180,3.081956
587,1093,3.051242
587,1393,3.0383973
587,2750,2.990719
587,1955,2.9722347
587,1777,2.9677725
587,2926,2.924712
587,592,2.9095101
587,539,2.8927805
587,2734,2.837376
587,2403,2.8197505
587,2145,2.80763
587,104,2.803006
587,3450,2.789272
587,3179,2.7628071
587,187,2.720864
587,3014,2.6934009
587,1701,2.6631134
587,1441,2.65272
587,586,2.6426656
587,3886,2.565423
587,2751,2.507774
587,297,2.4472818
587,2752,2.4437125
587,550,2.4017317
587,3821,2.2243702
587,305,2.2235737
587,2864,2.194232
587,370,2.1496575
587,255,2.0233934
2466,2726,4.0941935
2466,3408,3.617394
2466,671,3.5772018
2466,3181,3.5735629
2466,2948,3.5730574
2466,3868,3.4095387
2466,1210,3.2372322
2466,1356,3.1928892
2466,2407,3.0791242
2466,465,2.9079747
2466,2009,2.8552957
2466,1527,2.8282647
2466,2916,2.8112037
2466,1129,2.6467137
2466,1909,2.4681194
2466,480,2.4498503
2466,1371,2.4328883
2466,2641,2.3747253
2466,3917,2.1216326
2466,1876,2.0020187
2466,3354,1.1970081
2222,1221,4.1577854
2222,1231,3.9994595
2222,1580,3.7958195
2222,1124,3.694859
2222,1343,3.649157
2222,524,3.6131377
2222,802,3.6061354
2222,3699,3.557154
2222,317,3.5009756
2222,2418,3.5003603
2222,3194,3.488697
2222,3428,3.4680648
2222,2431,3.4600558
2222,2335,3.4202104
2222,3684,3.4058144
2222,185,3.3974664
2222,4,3.379508
2222,237,3.3435864
2222,3257,3.2694778
2222,239,3.2195046
2222,256,3.2088356
2996,3421,3.8079135
2996,1784,3.7442322
2996,1580,3.594791
2996,2160,3.5836172
2996,2018,3.5819252
2996,1307,3.573554
2996,1370,3.5297647
2996,364,3.52735
2996,163,3.450542
2996,594,3.4455853
2996,592,3.3782878
2996,1378,3.3055835
2996,2012,3.3009481
2996,2861,3.2972972
2996,39,3.2513618
2996,1047,3.2402334
2996,339,3.232831
2996,586,3.222766
2996,2141,3.2090642
2996,1205,3.205027
2996,2100,3.2036238
2996,2249,3.1107664
2996,3213,3.0924673
2996,434,3.0297103
2996,585,3.0252213
2996,673,3.0095139
2996,376,3.007254
2996,1911,2.977706
2996,520,2.971087
2996,3697,2.9411721
2996,547,2.8824894
2996,1513,2.8543983
2996,1752,2.7877781
2996,548,2.7553759
2996,813,2.710413
2996,3438,2.6414583
2996,315,2.5916557
2996,1440,2.579904
2996,2004,2.4948912
2996,414,2.4319258
2996,704,2.3769507
2996,173,2.3159869
2996,2568,2.1862614
2996,2153,2.139821
2996,473,2.1258068
2996,1882,2.108181
4882,1294,4.347725
4882,2791,4.2848806
4882,1077,4.246093
4882,3735,4.2340665
4882,3741,4.2305965
4882,1210,4.191787
4882,1663,4.1412826
4882,1955,4.13103
4882,3366,4.078444
4882,1994,4.033144
4882,2009,3.9959426
4882,3526,3.9738927
4882,1124,3.9102736
4882,3763,3.9039242
4882,2988,3.8933697
4882,2420,3.8064666
4882,3040,3.74444
4882,3699,3.7165966
4882,3099,3.664432
4882,1371,3.628685
4882,2985,3.6205332
4882,1395,3.6057792
5125,2019,4.730767
5125,3307,4.4870386
5125,2937,4.3905716
5125,2612,4.1961827
5125,3742,4.124412
5125,3684,3.3439872
3145,1172,4.119855
3145,2571,4.117299
3145,1189,4.0392427
3145,1283,4.0195084
3145,457,3.9445977
3145,1206,3.792537
3145,2064,3.7080986
3145,2081,3.4500952
1707,318,4.9349613
1707,110,4.5598326
1707,1704,4.5593214
1707,800,4.440788
1707,589,4.3415494
1707,290,4.1757317
1707,1094,4.0339365
1707,1580,3.655311
1158,34,3.8463337
1158,364,3.678292
1158,2291,3.5713522
1158,7,3.5554419
1158,1416,3.4762802
1158,588,3.4511008
1158,708,3.2334087
3272,2571,4.3444357
3272,1250,4.343216
3272,923,4.3012943
3272,1242,4.2801795
3272,1267,4.273032
3272,1299,4.2657433
3272,110,4.234869
3272,1927,4.2028356
3272,2918,4.1901207
3272,3681,4.171221
3272,1276,4.1673856
3272,356,4.1484475
3272,2313,4.074533
3272,3365,4.0639343
3272,2501,4.048363
3272,1035,4.045983
3272,2336,4.0351267
3272,2871,4.034072
3272,3114,4.0287833
3272,3527,4.027277
3272,2852,4.0267544
3272,380,4.00887
3272,1307,3.9966671
3272,628,3.9892101
3272,1265,3.9886544
3272,3702,3.9876246
3272,1220,3.9857547
3272,3682,3.9786763
3272,1073,3.977067
3272,1012,3.9506574
3272,1527,3.9500442
3272,2527,3.9400706
3272,2301,3.9167101
3272,940,3.915779
3272,2150,3.9098134
3272,1080,3.906169
3272,2273,3.896198
3272,351,3.8902202
3272,2144,3.8873746
3272,596,3.835129
3272,2085,3.8033502
3272,2005,3.782288
3272,3087,3.7813108
3272,86,3.7729168
3272,1918,3.763684
3272,1347,3.7624822
3272,2520,3.7608783
3272,1339,3.7538538
3272,1019,3.7488043
3272,531,3.7303915
3272,1008,3.7303472
3272,151,3.7187023
3272,2454,3.712844
3272,300,3.7110755
3272,1120,3.7094073
3272,2533,3.7070432
3272,280,3.7017784
3272,2463,3.6792054
3272,2059,3.6622639
3272,1507,3.6553373
3272,2942,3.6432323
3272,344,3.636131
3272,1003,3.633246
3272,786,3.6297202
3272,2148,3.6277115
3272,3489,3.6210964
3272,1792,3.6192694
3272,2367,3.6183374
3272,586,3.612862
3272,2370,3.6050727
3272,1690,3.598324
3272,548,3.5865574
3272,468,3.5782166
3272,1382,3.5622926
3272,2802,3.5383737
3272,2641,3.5267608
3272,1606,3.5264158
3272,303,3.5201743
3272,2126,3.4728413
3272,2953,3.4621017
3272,1713,3.3889427
3272,3299,3.3553565
3272,2369,3.3338223
3454,2571,4.4300027
3454,3147,4.248454
3454,2858,4.2385454
3454,3578,4.1849213
3454,1200,4.1446686
3454,246,4.089613
3454,3006,4.032849
3454,480,3.9896703
3454,1682,3.9887962
3454,555,3.9578784
3454,1257,3.9332745
3454,1641,3.8921824
3454,1580,3.844626
3454,3328,3.8293796
3454,175,3.7993493
3454,249,3.796749
3454,2081,3.7634559
3454,349,3.7627845
3454,1120,3.6670465
3454,2880,3.6220193
3454,1485,3.599384
3454,1721,3.542759
3454,10,3.5143573
3454,252,3.4866872
3454,450,3.4556413
3454,1589,3.449677
3454,2111,3.418802
3454,2617,3.322657
3454,852,3.321241
3454,2418,3.3184981
3454,3269,3.1895561
3454,603,3.1566226
3454,1624,3.049442
3454,273,3.0453415
3454,48,3.0038571
3454,292,2.9787796
3454,23,2.894871
3454,3946,2.4689558
3454,466,2.3072717
3454,2422,1.9602094
3309,1204,4.450369
3309,296,4.425479
3309,50,4.4067054
3309,2396,4.204593
3309,590,4.0940256
3309,1275,4.027381
3309,1259,3.9939134
3309,589,3.984797
3309,2599,3.8880754
3309,3396,3.8828273
3309,1641,3.8531508
3309,3361,3.836205
3309,3793,3.7089548
3309,3081,3.7072434
3309,21,3.6955414
3309,2301,3.6906786
3309,1909,3.6825578
3309,1393,3.681766
3309,785,3.605185
3309,1485,3.5849884
3309,1580,3.5664759
3309,1967,3.5320926
3309,2057,3.4596634
3309,372,3.3958447
3309,1689,3.3415158
3309,2262,3.322759
3309,317,3.2876236
3309,2532,3.2681155
4700,260,4.427694
4700,1949,4.2936525
4700,919,4.212589
4700,914,4.0515547
4700,1301,3.9649024
4700,1960,3.9443452
4700,1220,3.882992
4700,1188,3.7416267
4700,2291,3.5313005
4700,3703,3.398126
4700,2100,3.0311055
4700,2005,3.010439
4700,1024,2.750794
4700,2046,2.5510106
4700,1371,2.244664
4700,2012,2.1935039
4700,2093,2.0179052
4700,2399,1.6596096
858,1234,4.722313
858,1258,4.581711
858,1240,4.511931
858,2918,4.493998
858,2064,4.484671
858,1674,4.475663
858,3508,4.427334
858,2997,4.394375
858,2662,4.30309
858,2529,4.103717
858,2915,4.0446434
858,2640,3.9889526
858,1129,3.927519
858,3608,3.86849
858,2100,3.8655303
858,24,3.8371468
858,2901,3.7913861
858,2453,3.7909765
858,3701,3.7594995
858,1331,3.743741
858,2346,3.7373867
858,2459,3.7082558
858,426,3.668866
858,2710,3.5258677
3730,1197,4.17904
3730,788,2.7365828
4171,2858,4.239024
4171,1394,4.084526
4171,593,4.080247
4171,3341,4.055543
4171,597,4.0079246
4171,1948,3.8527164
4171,1682,3.8007298
4171,1923,3.8001404
4171,2915,3.7603726
4171,25,3.727597
4171,480,3.718223
4171,1569,3.6778052
4171,1810,3.5560122
4171,440,3.5214682
4171,1883,3.5020347
4171,3255,3.4884758
4171,370,3.3131204
4171,1895,3.0942025
4171,429,3.0543337
4171,19,2.447571
1882,2571,4.252263
1882,1198,4.2178946
1882,923,4.16449
1882,3307,4.0557113
1882,260,4.0425687
1882,1210,4.0408
1882,3083,3.9790916
1882,608,3.9625072
1882,1287,3.9472427
1882,1784,3.8979127
1882,3175,3.8843882
1882,1032,3.8274398
1882,1208,3.8159285
1882,1527,3.8120756
1882,2640,3.7542522
1882,1356,3.7034056
1882,377,3.6779344
1882,1580,3.6705694
1882,2528,3.6638463
1882,1206,3.6554427
1882,253,3.619358
1882,1199,3.595283
1882,2683,3.577609
1882,3174,3.5365148
1882,1573,3.5349712
1882,1566,3.2889426
4928,246,3.7517302
4928,2762,3.708994
4928,924,3.6741989
4928,1264,3.4670186
4928,440,3.4188669
4928,3548,3.3962574
4928,1199,3.3869882
4928,2301,3.3596072
4928,2858,3.350225
4928,3255,3.3456926
4928,500,3.3339763
4928,2160,3.312868
4928,25,3.2765713
4928,2502,3.262262
4928,224,3.2211714
4928,1836,3.2053518
4928,1542,3.1827807
4928,1230,3.1812544
4928,3259,3.1441445
4928,1902,3.0961351
4928,1678,3.088688
4928,3194,2.993262
4928,372,2.9881103
4928,2567,2.953412
4928,2792,2.9447904
4928,359,2.8885875
4928,2778,2.797057
4928,312,2.7930553
4928,472,2.7553825
4928,2598,2.7459264
4928,100,2.6728678
3320,745,4.3367596
3320,1307,4.0634203
3320,1704,4.0327597
3320,1287,3.9865346
3320,3578,3.957693
3320,914,3.8868284
3320,3006,3.886534
3320,3671,3.8722563
3320,2268,3.8571773
3320,539,3.8515444
3320,3037,3.8077598
3320,6,3.7879798
3320,3360,3.7877336
3320,364,3.748676
3320,1873,3.6907542
3320,2312,3.6658664
3320,249,3.630258
3320,2866,3.6119251
3320,594,3.5870183
3320,2795,3.57331
3320,3480,3.560441
3320,333,3.544911
3320,1042,3.5377913
3320,648,3.5145812
3320,2141,3.4837883
3320,2470,3.4111946
3320,1370,3.4106748
3320,592,3.4060502
3320,802,3.3995514
3320,500,3.3924189
3320,266,3.3912244
3320,1372,3.3853679
3320,235,3.3757505
3320,2006,3.3535564
3320,2057,3.3379703
3320,368,3.2732134
3320,241,3.260147
3320,1566,3.1107006
3320,2151,3.0679066
3320,2513,3.0493104
3320,2297,3.0474374
3320,2735,2.9717765
3320,2095,2.9005227
3320,3308,2.865159
3320,2374,2.8575213
3320,3705,2.813698
3320,3672,2.799252
3320,2253,2.7765775
3320,1475,2.77621
3320,207,2.7109885
3320,1541,2.7030132
3320,1091,2.5713036
3320,2119,2.3481295
3320,2016,2.3056436
3320,1100,2.0922813
3320,2907,2.0073261
3320,1760,1.6143432
3320,1556,1.5586146
3320,169,1.4805413
1030,3114,4.487845
1030,1201,4.465311
1030,457,4.3950305
1030,1387,4.323759
1030,480,4.2414203
1030,1220,4.1370077
1030,1376,4.0917864
1030,2916,3.9891276
1030,733,3.9137037
1030,2991,3.8979535
1030,2528,3.895417
1030,2628,3.7602122
1030,1597,3.7431052
1030,3744,3.732687
1030,1627,3.392391
1030,2532,3.378916
1030,2094,3.3748183
1030,2616,3.114482
1030,1373,3.035562
1030,1833,3.015973
1030,1562,2.6610744
539,457,4.355543
539,1287,4.265589
539,2000,4.039756
539,3654,4.0389085
539,3948,4.0289397
539,1370,3.9481752
539,596,3.8901563
539,2916,3.820434
539,1372,3.753634
539,1129,3.7370872
539,3300,3.6743543
539,3519,3.5887463
4992,593,4.35359
337,595,4.164735
337,2355,4.123238
337,1527,4.0617948
337,1909,4.014805
337,112,3.8637342
337,3300,3.7627254
337,2105,3.7400258
337,835,3.6282353
337,328,3.6024969
337,70,3.4877555
337,1806,3.4859586
337,273,3.4143026
337,442,3.272923
337,1320,3.2699823
337,2719,3.0463204
337,2004,2.9843853
337,606,2.980894
337,1603,2.9431818
337,688,2.9176621
337,93,2.6154141
337,692,2.583168
5956,50,4.2258554
5956,858,4.122602
5956,2396,3.8701818
5956,47,3.735648
5956,2609,3.7232108
5956,1954,3.634491
5956,3067,3.6126912
5956,1356,3.4744394
5956,924,3.4486578
5956,471,3.4070659
5956,3081,3.390365
5956,2273,3.3878074
5956,230,3.357233
5956,2700,3.353709
5956,3270,3.3409693
5956,337,3.3408942
5956,1777,3.3150864
5956,1357,3.2824578
5956,1994,3.263713
5956,3160,3.2526171
5956,520,3.2330031
5956,2046,3.229992
5956,2174,3.200946
5956,2803,3.149549
5956,461,3.1260486
5956,231,3.1091475
5956,2155,3.087434
5956,329,3.0419474
5956,736,3.0225263
5956,509,2.954171
1639,260,4.4431467
1639,2762,4.3145103
1639,3147,4.1214833
1639,1594,4.091132
1639,11,4.0492306
1639,319,4.0000486
1639,1997,3.9811502
1639,2917,3.963325
1639,2686,3.957265
1639,1127,3.9518175
1639,1261,3.9500716
1639,161,3.9292378
1639,1955,3.9202619
1639,2890,3.889295
1639,2321,3.8785157
1639,3624,3.8508954
1639,1909,3.8432446
1639,3635,3.8351338
1639,3169,3.8242488
1639,3203,3.805675
1639,2011,3.805479
1639,2348,3.7878907
1639,2108,3.7792742
1639,1183,3.7720098
1639,1034,3.7389185
1639,3556,3.7271795
1639,1476,3.716941
1639,3755,3.6924477
1639,1517,3.681397
1639,3194,3.6742468
1639,1672,3.657217
1639,1051,3.6320944
1639,1917,3.6165202
1639,2657,3.5903828
1639,2770,3.522197
1639,1614,3.5108128
1639,1129,3.487855
1639,1856,3.4696984
1639,372,3.3820496
1639,3798,3.351019
1639,2054,3.3386433
1639,2590,3.3323903
1639,9,3.2664974
1639,3708,3.2270908
1639,3626,3.1619568
1639,240,3.0892346
1639,2535,3.088262
1639,485,2.965971
1639,427,2.9104495
1639,1984,2.784361
1639,2298,2.5396297
2493,260,4.383855
2493,593,4.204305
2493,293,3.7256348
2493,3527,3.6899529
2493,2288,3.6782143
2493,3793,3.6571908
2493,1376,3.534917
2493,3744,3.4331741
2493,1589,3.2312639
2493,2054,2.9084134
2493,3826,2.819851
2493,3898,2.612282
1040,3022,4.93996
1040,3468,4.7725925
1040,1221,4.7667294
1040,1617,4.700897
1040,608,4.683287
1040,110,4.645311
1040,457,4.6266236
1040,2918,4.5975375
1040,3897,4.5969243
1040,2997,4.518481
1040,2959,4.510295
1040,1220,4.489774
1040,3471,4.4325285
1040,1265,4.4063168
1040,1302,4.347923
1040,3104,4.3264375
1040,1994,4.2748804
1040,1663,4.2693214
1040,2502,4.2389274
1040,1186,4.2199135
1040,3267,4.2143593
1040,592,4.0991864
1040,45,4.080627
1040,353,4.0278654
1040,2145,4.024858
1040,253,4.014556
1040,2291,3.9960046
1040,2463,3.9687653
1040,3219,3.9180086
1040,105,3.8349833
1040,3274,3.8228955
1040,3441,3.7943401
1040,3791,3.792752
3701,953,4.3731413
3701,2501,4.1960793
3701,1210,4.010754
3701,2150,3.7790062
3701,1584,3.7571855
3701,2118,3.7017424
3701,2987,3.671427
3701,3185,3.5746777
3701,2403,3.5123634
3701,3755,3.4582295
3701,552,3.36648
314,1207,4.2620625
314,527,4.2543917
314,1198,4.232217
314,908,4.0510983
314,1945,4.049234
314,923,3.9897575
314,1225,3.9674513
314,2324,3.9671478
314,914,3.8779943
314,2206,3.8630352
314,928,3.8351285
314,3035,3.812911
314,3363,3.8079715
314,1096,3.798378
314,2501,3.7564523
314,902,3.7250357
314,1206,3.7165484
314,337,3.677173
314,1292,3.6411152
314,1682,3.6403155
314,247,3.6374474
314,1094,3.6317987
314,1937,3.603006
314,2565,3.5989418
314,1873,3.595526
314,39,3.516736
314,141,3.512701
314,3011,3.4641895
314,963,3.4256496
314,3121,3.3218086
314,3398,3.184989
314,1621,2.8404567
1861,2501,4.014949
1861,1221,3.948835
1861,110,3.900883
1861,3911,3.8008566
1861,3671,3.7746534
1861,3469,3.7717664
1861,2918,3.7481952
1861,1213,3.707622
1861,1997,3.70654
1861,2948,3.6918683
1861,1784,3.6710799
1861,440,3.6648264
1861,1302,3.6561346
1861,3246,3.6518135
1861,2745,3.6417022
1861,3916,3.5997972
1861,2333,3.5891168
1861,2916,3.56606
1861,1124,3.5533442
1861,2289,3.5348334
1861,1580,3.5268679
1861,2993,3.5171545
1861,2161,3.5099342
1861,3418,3.4768653
1861,780,3.4157853
1861,832,3.3626685
1861,1079,3.3482647
1861,2009,3.3043165
1861,3623,3.277823
1861,2890,3.264627
1861,2002,3.2578652
1861,1673,3.253531
1861,2414,3.2162004
1861,231,3.1960678
1861,1810,3.1814537
1861,3926,3.1623147
1861,2929,3.136493
1861,2124,3.1244266
1861,3513,3.1126924
1861,2335,3.0922155
1861,1883,3.0586138
1861,2065,3.0450735
1861,2724,3.0198116
1861,2340,3.0135
1861,2942,3.0121624
1861,3157,2.901769
1861,2316,2.7353168
1861,459,2.6533723
1861,1831,2.4004025
3199,47,3.8504107
3199,2273,3.4233992
3199,1645,3.4101472
3199,1485,3.3886786
3199,1597,3.354152
3199,3798,3.2302244
1741,899,4.798719
1741,1956,4.701768
1741,3470,4.6935263
1741,1206,4.629365
1741,2132,4.628668
1741,931,4.584524
1741,2927,4.5729065
1741,1096,4.5112586
1741,265,4.4746237
1741,1954,4.4615955
1741,914,4.441151
1741,3678,4.4234896
1741,2662,4.4234133
1741,971,4.368954
1741,3726,4.304596
1741,1408,4.282365
1741,211,4.271536
1741,1929,4.239008
1741,2872,4.237643
1741,2640,4.211176
1741,425,4.1879144
1741,1415,4.1816216
1741,349,4.156572
1741,2193,4.1434174
1741,2427,4.1282105
1741,2528,4.107259
1741,3244,4.1054177
1741,1101,4.103441
1741,3659,4.0937033
1741,968,4.0839553
1741,2009,4.002309
1741,3770,3.9915614
1741,1699,3.941795
1741,861,3.9323063
1741,2989,3.8248997
1741,3340,3.749622
1741,3070,3.726726
1741,2370,3.6728535
1741,288,3.6647577
1741,2407,3.6550775
1741,1320,3.4149232
1741,3780,3.3673997
1741,1549,3.1321547
1741,434,2.9100332
1741,2402,2.8948824
1741,3208,2.8673956
1741,504,2.6259797
1741,485,2.577895
1741,2525,2.207828
1741,2667,2.192054
759,898,4.439339
759,1226,4.217459
759,2243,3.8889916
759,480,3.7027984
759,3099,3.5085902
1788,1719,4.0793447
1788,2112,3.6383438
660,2019,4.2710404
660,858,4.052738
660,1287,3.8840518
660,1704,3.8097754
660,1944,3.7867126
660,3359,3.7766037
660,1834,3.7363663
660,2194,3.732181
660,1036,3.729117
660,2355,3.654657
660,551,3.646385
660,3507,3.62984
660,2000,3.6124806
660,1649,3.6097941
660,3296,3.5926619
660,314,3.568899
660,1299,3.5436046
660,1095,3.5192995
660,62,3.5145965
660,272,3.513074
660,357,3.4923253
660,2291,3.4723866
660,2890,3.4088144
660,3252,3.3461902
660,1909,3.3389757
660,3032,3.307771
660,2058,3.299137
660,3769,3.2978346
660,521,3.2796054
660,2951,3.2621412
660,2371,3.24583
660,2528,3.2315457
660,3506,3.2133813
660,367,3.2065248
660,1799,3.186847
660,3186,3.1830401
660,2539,3.1738656
660,736,3.1599178
660,235,3.1472657
660,3649,3.1374984
660,3701,3.1354098
660,2420,3.1000106
660,1459,3.0910444
660,3173,3.0815544
660,231,3.071908
660,344,3.0691502
660,2424,3.0521443
660,1027,3.035223
660,2372,3.0303547
660,3036,3.0214176
660,451,3.0133364
660,350,2.9981835
660,780,2.975441
660,3614,2.9704092
660,993,2.9580731
660,2598,2.9534626
660,24,2.9497898
660,2416,2.93729
660,3477,2.9059386
660,1352,2.880108
660,3452,2.8611376
660,1686,2.7547905
660,532,2.7519784
660,2410,2.6696713
660,3557,2.664748
660,725,2.6367633
660,463,2.5666907
660,95,2.5555336
660,996,2.385697
660,276,2.3425014
660,3243,2.3207417
660,420,2.2567215
660,429,2.1876035
660,1703,1.9795557
660,3130,1.9553046
660,2153,1.8396502
984,50,4.42078
984,1237,4.2037168
984,1213,4.189117
984,1208,4.140703
984,2067,4.10081
984,1276,4.096473
984,3090,4.0223355
984,1956,3.970673
984,3424,3.908277
984,590,3.899749
984,296,3.8806136
984,1259,3.8787303
984,2303,3.8459375
984,3546,3.824377
984,2922,3.8209977
984,1408,3.810631
984,3408,3.7873755
984,3552,3.7835128
984,300,3.783232
984,1912,3.7621417
984,1643,3.7581017
984,2763,3.7566433
984,1162,3.7143452
984,368,3.704719
984,2423,3.6995955
984,647,3.6834104
984,1584,3.6758332
984,3624,3.6667206
984,805,3.6512804
984,1350,3.6440065
984,3244,3.6437192
984,3566,3.6370492
984,454,3.632402
984,3555,3.5890236
984,2700,3.5671706
984,350,3.52923
984,2912,3.5156355
984,3853,3.479463
984,2,3.4614027
984,3263,3.408839
984,1513,3.372149
984,3173,3.3322868
984,344,3.3289094
984,2826,3.3111477
984,2363,3.3077831
984,736,3.2630663
984,3861,3.2211661
984,1016,3.2092586
984,784,3.1841917
984,2431,3.1698709
984,2100,3.14619
984,288,3.117779
984,1391,3.0741115
984,3157,3.0686378
984,434,3.0666747
984,552,3.0650256
984,2694,3.0567904
984,3355,2.9222934
984,3388,2.8862958
984,2722,2.7910945
984,435,2.4764493
2937,2324,3.9194667
2937,3448,3.6567066
2937,647,3.4271708
2937,296,3.410979
2937,832,3.3785553
2937,364,3.2998624
2937,2145,3.270176
2937,266,3.2564175
2937,830,3.083477
2937,2094,2.9548035
2937,2091,2.8138795
696,50,4.607138
696,260,4.6034403
696,1066,4.399701
696,2357,4.313586
696,457,4.2249575
696,1240,4.1880803
696,2966,4.1248426
696,32,4.1207833
696,364,4.109171
696,1954,4.060263
696,1246,4.046884
696,3424,4.0256505
696,3175,4.006454
696,3681,4.004613
696,1270,3.977897
696,2395,3.9428492
696,3044,3.9237492
696,1845,3.9029493
696,588,3.8966002
696,2700,3.8562891
696,3163,3.8461995
696,2952,3.783186
696,3418,3.7730067
696,2291,3.6983457
696,1721,3.5270958
696,3510,3.512149
696,3524,3.4248562
696,610,3.414622
696,2024,3.4019957
696,1376,3.386371
696,2001,3.3813155
696,3550,3.26332
696,1092,3.2617106
696,3515,3.2047207
696,3770,3.1218138
696,3638,2.9211845
696,1573,2.8744545
696,648,2.721866
696,1373,2.091068
3450,1625,3.8973053
3450,94,3.812907
3450,2580,3.7597547
3450,474,3.7578127
3450,2959,3.7058442
3450,1917,3.6657953
3450,1343,3.5684218
3450,1729,3.54511
3450,1805,3.53679
3450,3301,3.5301962
3450,3219,3.5093453
3450,3298,3.4613209
3450,2023,3.4550543
3450,292,3.409235
3450,2890,3.2844245
2319,1231,4.3115563
2319,1096,4.2211046
2319,2919,4.106073
2319,3873,4.022091
2319,2243,4.014538
2319,1917,3.7819788
2319,208,3.2802825
2319,455,3.0465128
5076,908,4.0805883
5076,1288,3.8731766
5076,1361,3.7994685
5076,363,3.7884285
5076,1188,3.6419446
5076,1307,3.6209385
5076,1285,3.597578
5076,3255,3.429376
5076,480,3.165167
5076,163,3.0020795
5076,2023,2.852028
5076,3693,2.223556
2559,1196,4.3720517
2559,1242,4.200445
2559,1097,4.1479964
2559,924,4.070327
2559,1270,4.044983
2559,2686,3.976646
2559,1674,3.9757223
2559,380,3.9519649
2559,1552,3.8403141
2559,3005,3.660893
2559,837,3.6569765
2559,2012,3.6501446
2559,316,3.637762
2559,2707,3.58378
2559,695,3.5755503
2559,3477,3.4403524
2559,2722,3.2317643
2559,2840,3.1730866
862,1198,4.3794017
862,1193,4.356504
862,296,4.147518
862,1214,4.1014957
862,3910,4.0650663
862,3083,3.9901357
862,3362,3.9438653
862,3317,3.9368203
862,3481,3.9192073
862,2599,3.905457
862,2064,3.8308945
862,3408,3.8260436
862,3851,3.7776542
862,34,3.697009
862,39,3.687882
862,3538,3.5779915
862,2262,3.4337742
862,3531,3.39256
862,3862,3.1695473
862,2044,3.0072658
1841,527,4.2488394
1841,2028,3.8298619
1841,32,3.645557
1841,2542,3.544133
1841,628,3.4833622
1841,1517,3.4220908
1841,1396,3.3881521
1841,1584,3.2410629
1841,45,3.145239
1841,3617,2.9107113
1841,1597,2.7160254
1841,586,2.487998
1841,2094,2.4693336
1841,344,2.4219456
1841,3752,2.3792572
1841,3264,2.2606153
1841,2606,1.4445028
1841,473,1.4338973
1841,65,1.3239859
1387,608,4.289442
1387,1213,4.2726436
1387,1198,4.2346096
1387,1104,4.226007
1387,1234,4.223956
1387,2858,4.162639
1387,2937,4.1455364
1387,2206,4.110043
1387,1247,4.084401
1387,2208,4.083833
1387,1066,4.079467
1387,942,4.050915
1387,1288,4.0171943
1387,2940,4.013245
1387,2599,3.873203
1387,900,3.8235426
1387,1196,3.822745
1387,1,3.796205
1387,921,3.7772117
1387,1265,3.6978183
1387,3104,3.6974773
1387,2067,3.6835563
1387,2693,3.6657622
1387,2355,3.6028733
1387,2184,3.4458168
1387,1610,3.3288686
1387,1022,3.0795207
1387,480,2.6320238
3859,1265,3.817512
3859,11,3.7480419
3859,1500,3.73269
3859,3255,3.649849
3859,368,3.603346
3859,165,3.6001446
3859,500,3.5510397
3859,524,3.5461316
3859,2890,3.5368023
3859,648,3.521767
3859,3252,3.5167706
3859,1918,3.516386
3859,252,3.4952025
3859,2707,3.4827852
3859,198,3.451324
3859,3174,3.4499502
3859,3358,3.4293716
3859,253,3.4090328
3859,76,3.344561
3859,2278,3.3435411
3859,434,3.3428607
3859,2168,3.333777
3859,1779,3.29244
3859,42,3.1585798
3859,1513,3.1394289
3859,1497,3.0581691
2837,1136,4.396109
2837,1200,4.228493
2837,110,4.1853657
2837,2268,3.9123912
2837,2395,3.8787544
2837,1885,3.8698854
2837,1914,3.8475962
2837,1094,3.8122175
2837,2797,3.7945392
2837,322,3.754418
2837,348,3.7332394
2837,1210,3.71357
2837,1729,3.693747
2837,592,3.321569
2837,380,3.2522473
2837,81,3.2289028
2837,3489,2.4855895
2837,3247,2.401865
2837,48,2.1459882
2837,2642,1.4061542
6011,1394,4.2745266
6011,1231,4.2056594
6011,3471,4.1166744
6011,337,3.9895031
6011,1584,3.9880836
6011,2366,3.9154272
6011,10,3.9053283
6011,592,3.8911188
6011,1917,3.8509529
6011,151,3.835671
6011,2455,3.818468
6011,1372,3.8045938
6011,2774,3.777317
4388,1262,4.543747
4388,1247,4.3064365
4388,539,4.1384153
4388,508,4.1329374
4388,2944,4.1279325
4388,1704,4.1277514
4388,1307,4.1243505
4388,440,4.1194563
4388,161,4.094245
4388,589,4.0713077
4388,2312,4.050993
4388,3168,4.040127
4388,3753,4.0245876
4388,3159,4.0174623
4388,1923,4.0141654
4388,1127,3.9901373
4388,592,3.988937
4388,1356,3.9103618
4388,3763,3.8802433
4388,3740,3.8685904
4388,1396,3.8670654
4388,1186,3.849647
4388,3624,3.8180766
4388,2108,3.8071556
4388,266,3.8046966
4388,2002,3.7966034
4388,1639,3.7197022
4388,2539,3.7163527
4388,2376,3.7096934
4388,3513,3.7002296
4388,2431,3.695853
4388,1627,3.6360111
4388,1833,3.5809803
4388,2734,3.5695899
4388,2567,3.564171
4388,424,3.5590358
4388,168,3.5524607
4388,1779,3.542533
4388,798,3.448919
4388,2953,3.4440713
4388,208,3.432078
4388,1744,3.3884835
4388,485,3.3637831
4388,3841,3.3420734
4231,858,3.8736093
4231,1197,3.748302
4231,3147,3.6770663
4231,1210,3.666638
4231,3450,3.250063
4231,1824,3.164504
4231,1089,3.0516076
4231,2391,3.0008793
1286,2762,4.441174
1286,1201,4.222503
1286,2997,4.171541
1286,3037,4.039168
1286,314,3.9355447
1286,1094,3.7848272
1286,3311,3.652316
1286,2669,3.6314278
1286,2976,2.9047208
1286,3745,2.8712144
1592,913,4.230942
1592,1262,4.2108955
1592,1193,4.1819057
1592,2028,4.155864
1592,1234,4.1240706
1592,541,4.0762424
1592,356,3.984639
1592,1259,3.9225698
1592,1253,3.898641
1592,1674,3.8576765
1592,3083,3.8542473
1592,2944,3.8095305
1592,1784,3.7819703
1592,1097,3.7448027
1592,3188,3.7094343
1592,3730,3.684762
1592,2150,3.6817274
1592,3255,3.6544123
1592,1393,3.6430662
1592,1374,3.6348681
1592,1220,3.6344023
1592,1235,3.6276536
1592,1641,3.6230884
1592,1297,3.5409422
1592,2529,3.5334334
1592,141,3.5021818
1592,1183,3.4562895
1592,3703,3.4013972
1592,2174,3.400472
1592,2877,3.3335104
1592,3865,3.2575321
1592,3424,3.179935
1592,788,3.144749
1592,1916,3.0956006
1592,673,3.0850577
385,933,4.3266754
385,1214,4.1540284
385,1079,4.0154333
385,73,3.9629765
385,1678,3.897328
385,733,3.868806
385,3175,3.8348298
385,3512,3.8035817
385,592,3.7595754
385,2403,3.7262354
3337,912,4.333443
3337,356,4.1791525
3337,2706,4.0243235
3337,3160,4.014857
3337,223,3.896494
3337,3175,3.8269205
3337,2840,3.262476
3337,2702,3.116093
3337,2710,2.9902837
3337,2720,2.1826966
3069,1198,4.244988
3069,260,4.242896
3069,1222,3.9229336
3069,1214,3.9028244
3069,3481,3.7779555
3069,32,3.7648687
3069,2890,3.551007
3069,2395,3.5462272
3069,2968,3.360456
3069,3844,3.22831
3069,3081,3.2268639
3069,377,3.0513537
3069,2628,2.9136362
3069,3300,2.883304
3069,1917,2.7685022
3069,2710,2.7551146
3069,442,2.7419748
3069,3409,2.621327
3069,2694,2.4619071
3069,784,2.387642
3069,3802,1.9673651
3069,3273,1.9573555
3069,1779,1.876666
3069,185,1.7654536
3069,880,1.2782187
4186,260,3.923688
4186,2501,3.6256459
4186,2186,3.6253877
4186,1240,3.579297
4186,919,3.5738962
4186,910,3.5733075
4186,3897,3.5709562
4186,1036,3.4961886
4186,2300,3.493806
4186,1077,3.445434
4186,2010,3.3408995
4186,3037,3.3279703
4186,2020,3.2808895
4186,2078,3.2204213
4186,2693,3.210563
4186,2096,3.2049303
4186,595,3.1802185
4186,3078,3.1738348
4186,1186,3.1713986
4186,3702,3.1657462
4186,3101,3.144225
4186,3169,3.129201
4186,2080,3.1200256
4186,322,3.1128168
4186,1777,3.103753
4186,2366,3.0061631
4186,1884,2.9599643
4186,329,2.9116223
4186,2968,2.9085991
4186,2406,2.8389757
4186,2250,2.8060648
4186,316,2.7948265
4186,3698,2.7583847
4186,2657,2.757997
4186,1587,2.7440243
4186,3527,2.693204
4186,3740,2.6615334
4186,426,2.6495657
4186,24,2.5976758
4186,788,2.583631
4186,2012,2.562313
4186,3501,2.5507245
4186,536,2.5504467
4186,1205,2.473239
4186,2752,2.46108
4186,1320,2.4548593
4186,2641,2.3611743
4186,237,2.357582
4186,153,2.1628327
4186,158,2.117938
4186,1876,2.0559943
4186,1779,2.03676
4186,442,1.9359499
4186,2031,1.9301529
4186,2793,1.8783696
4186,3254,1.7905807
4186,3826,1.7816362
4186,673,1.7655425
4186,173,1.6867781
4186,1064,1.640413
4186,2851,1.6130698
4186,3331,1.6095451
4186,1973,1.587362
4186,2456,1.5703174
4186,2868,1.517135
4186,1882,1.5060189
4186,2122,1.294231
4186,1826,1.284596
2071,318,4.3191023
2071,50,4.2795672
2071,260,4.173548
2071,750,4.143218
2071,296,4.092167
2071,1234,4.065596
2071,2858,3.9580178
2071,2501,3.9052837
2071,914,3.8163285
2071,589,3.7422233
2071,32,3.7319832
2071,2761,3.687912
2071,3783,3.6255455
2071,1610,3.6070776
2071,1094,3.6008437
2071,3396,3.5717058
2071,1171,3.549495
2071,1022,3.5166006
2071,2916,3.469734
2071,2081,3.4652936
2071,3159,3.4465225
2071,551,3.4099164
2071,165,3.3306983
2071,3745,3.290267
2071,3020,3.2695458
2071,783,3.1076007
2071,3906,3.0934527
2071,3948,3.0636868
2071,780,3.0180008
2071,3513,2.9128432
2071,1876,2.9069688
2071,1687,2.8401303
2071,418,2.6843898
5740,1291,3.389649
5740,3543,3.0889285
5740,2987,2.8081522
5740,1580,2.4959888
5740,2167,2.047687
5740,2393,1.9279464
5740,2735,1.5752546
5740,3274,1.551116
5740,1544,1.3897783
5113,1197,3.635811
5113,1299,3.4709435
5113,923,3.4138815
5113,800,3.3833237
5113,1104,3.3256278
5113,1206,3.2550716
5113,920,3.207078
5113,2391,3.1894577
5113,1201,3.158586
5113,1090,3.1466799
5113,1333,3.0965905
5113,2919,3.0401094
5113,1103,3.023532
5113,1094,3.021539
5113,2070,2.9871616
5113,1265,2.9810133
5113,2427,2.9014878
5113,16,2.8085513
5113,1844,2.6020718
5113,3203,2.5302446
5113,2797,2.5192933
5113,2872,2.5042078
5113,1994,2.488967
5113,353,2.3957636
5113,3702,2.3249671
5113,3250,2.217455
5113,2290,2.0983083
5113,163,2.0881703
5113,2159,2.0703764
5113,1082,2.0285532
5113,1380,1.9908442
5113,458,1.9148088
5113,481,1.8951004
5113,3813,1.8874677
5113,3430,1.8856906
5113,350,1.8681909
5113,383,1.8431278
5113,1841,1.5831964
5113,3740,1.5826522
5113,3701,1.5779903
5113,605,1.4966046
5113,1727,1.3264616
5113,1479,1.3041939
5113,1037,1.2959738
5113,1717,1.1769414
5113,1839,1.1231909
1641,2762,4.197987
1641,589,3.7864482
1641,3408,3.7351222
1641,3793,3.6182742
1641,1215,3.5895414
1641,1912,3.5668166
1641,3536,3.4882638
1641,1527,3.4503145
1641,3081,3.3768415
1641,3298,3.2671309
1641,1909,3.237768
1641,3301,3.20533
1641,1753,3.0988154
1641,2672,2.9493864
1641,2,2.9180708
1641,2560,2.7437541
1641,426,2.7167344
1641,366,2.6433253
1641,879,2.5818362
1641,2722,2.533416
1641,3438,2.4117763
1641,842,2.0703483
1641,435,2.0572827
1641,173,1.8328502
1641,1831,1.8059521
1641,611,1.7797487
1641,2701,1.713629
1641,2549,1.6615257
1089,2762,4.560069
1089,2571,4.508501
1089,1278,4.321397
1089,1387,4.2060146
1089,1219,4.149072
1089,2664,4.093537
1089,2160,4.086796
1089,373,4.0722475
1089,1580,3.98483
1089,1333,3.9775164
1089,1584,3.9564602
1089,2159,3.7522354
1089,2699,3.3231344
4446,527,4.4950895
4446,1198,4.349699
4446,110,4.1998415
4446,1196,4.1935005
4446,1291,4.0202274
4446,1275,3.944922
4446,2194,3.9432054
4446,1097,3.8708723
4446,176,3.8618917
4446,1215,3.7426155
4446,1476,3.5578375
4446,1580,3.5490298
4446,1380,3.4293938
4446,2124,3.3523254
4446,1347,3.1648645
4446,516,3.151661
4446,2372,3.0822482
4446,370,3.0508323
4446,2615,2.9575214
4446,2794,2.9025483
4446,1591,2.806295
4446,1037,2.7858124
4446,3688,2.7828515
4446,153,2.6599247
4446,2387,2.6383607
4446,2027,2.5791109
4446,637,2.5583444
4446,485,2.5282767
4446,3208,2.527108
4446,2815,2.5249135
4446,1499,2.496571
4446,1581,2.4885743
4446,1969,2.3080633
4446,3689,2.237361
4446,93,2.0463185
4446,2816,1.6120133
477,2019,4.5362716
477,318,4.480772
477,1196,4.3381286
477,923,4.303101
477,1242,4.186158
477,1294,4.116602
477,1210,4.0008383
477,1387,3.9985285
477,10,3.7517982
477,2916,3.6988769
477,2001,3.693077
477,1587,3.5868988
477,2405,3.557446
477,2403,3.5561464
477,1049,3.5442157
477,1372,3.5303352
477,2540,3.4902813
477,3452,3.4838624
477,3519,3.4656467
477,3430,3.43804
477,3628,3.3807385
477,434,3.3702376
477,95,3.3226414
477,2278,3.26619
477,2524,3.0962746
477,2530,3.0477195
477,2532,2.9911718
477,2808,2.9755654
477,1831,2.8682828
5395,3671,4.312087
5395,2686,4.1639214
5395,356,4.145783
5395,1049,3.3292627
5395,294,2.9205246
5395,2153,1.2186036
5321,953,3.9274502
5321,1304,3.827987
5321,1235,3.694367
5321,457,3.665855
5321,1,3.5202088
5321,1682,3.4704325
5321,590,3.407963
5321,838,3.389576
5321,1270,3.295103
5321,3361,3.22956
5321,233,3.2076092
5321,2118,3.0727088
5321,3386,3.0725088
5321,299,2.8163471
5321,1580,2.7349336
5321,539,2.6355116
5321,1101,2.6250584
5321,2110,2.537885
5321,339,2.451539
5321,2657,2.3531218
5321,2375,2.0041475
5321,3500,1.8010964
5321,2450,1.250211
5321,2701,1.2128668
3729,2762,4.605293
3729,1193,4.4981046
3729,1617,4.4339643
3729,1247,4.403715
3729,2997,4.21307
3729,3090,4.1915426
3729,2194,4.165142
3729,2302,4.136365
3729,508,4.127338
3729,920,4.1266184
3729,2359,4.1021295
3729,3733,4.0541325
3729,2502,4.03579
3729,1641,3.9951797
3729,3552,3.963422
3729,3386,3.9370866
3729,1285,3.9369297
3729,3753,3.886345
3729,1120,3.8768513
3729,2100,3.795967
3729,3174,3.7863162
3729,299,3.7500193
3729,2427,3.7475162
3729,3869,3.7323475
3729,2640,3.682791
3729,198,3.6700242
3729,225,3.6659193
3729,3404,3.5408497
3729,353,3.5259376
3729,2478,3.4941149
3729,1711,3.47813
3729,2413,3.4703918
3729,2735,3.3292136
3729,3197,3.3269124
3729,1552,3.3200588
3729,2717,3.2635098
3729,160,2.5655918
3729,173,2.5359104
3729,455,2.320849
3729,2412,2.0470164
5946,1242,4.3187323
5946,11,4.095787
5946,3396,3.9801946
5946,1680,3.8755503
5946,7,3.8080833
5946,500,3.8071153
5946,592,3.7794943
5946,613,3.7247167
5946,2622,3.612094
5946,1894,3.5458024
5946,1409,3.5267744
5946,105,3.505833
5946,46,3.4255645
2748,750,4.1521397
2748,1284,4.0838385
2748,1197,4.0526648
2748,2571,3.9656866
2748,1080,3.8191416
2748,2871,3.7215014
2748,2951,3.6975555
2748,29,3.6586428
2748,41,3.4646585
2748,3578,3.3667543
2748,1029,2.9496474
2748,3397,2.9159472
2748,1210,2.8846316
2748,353,2.8719447
2748,1171,2.8258753
2748,2640,2.7589765
2748,3915,2.6502092
2748,2916,2.6386282
2748,2406,2.5465243
2748,3786,2.2492483
2748,1580,2.2486649
2748,1909,2.1538808
2748,1372,2.1492028
2748,648,2.1071205
2748,3173,2.0568447
2748,434,2.0049505
2748,2405,1.9170966
2748,788,1.7130547
2748,238,1.6579587
2748,1894,1.5097573
2748,558,1.4947983
2748,1760,1.3324195
2748,575,1.2230601
2748,3054,1.0925101
2844,260,4.215802
2844,2571,3.9771328
2844,1617,3.9462423
2844,1259,3.7255945
2844,2997,3.7239227
2844,2599,3.6597588
2844,1060,3.647378
2844,3408,3.4397783
2844,3178,3.31218
2844,3618,3.0397296
2844,733,2.82387
2844,1370,2.7208555
2844,2628,2.5069423
2844,3287,2.3650613
2844,3173,2.3041487
2844,3825,1.5204175
1441,2858,4.4175797
1441,2948,4.2278357
1441,1580,4.041757
1441,1042,3.93963
1441,266,3.8584862
1441,1476,3.8238573
1441,348,3.8134475
1441,3264,3.7959466
1441,248,3.6400084
1441,3247,3.443162
1441,2456,2.8718061
1441,891,2.0955017
959,3147,4.0995407
959,3510,4.0552425
959,2396,3.9653106
959,587,3.8360708
959,377,3.7056315
959,524,3.6912081
959,1183,3.6427872
959,351,3.6330435
959,2881,3.5204382
959,2803,3.4255252
959,3755,3.3409746
1908,1784,3.6004066
1908,1625,3.5834494
1908,1610,3.5594702
1908,2671,3.5007625
1908,2763,3.4028232
1908,2268,3.3573704
1908,300,3.3539507
1908,1459,3.2975934
1908,1619,3.285319
1908,3155,3.2540312
1908,1479,3.2138953
1908,832,3.1579936
1908,1414,3.1322432
1908,1686,3.040282
1908,1428,3.0257983
1908,113,3.0155373
1908,1436,2.970934
1908,2713,2.8435571
1908,2574,2.748158
920,924,4.0489416
920,1356,3.6833835
920,1372,3.606701
920,3174,3.4941142
920,2433,3.443931
920,1917,3.0059962
920,3053,2.5986214
920,44,2.585125
513,150,3.8654122
513,1784,3.8566272
513,2352,3.8243568
513,1220,3.8034399
513,3916,3.7996254
513,1639,3.7216544
513,1517,3.692571
513,1094,3.6911206
513,1215,3.6750734
513,11,3.5075536
513,592,3.3945007
513,3250,3.2051892
513,1608,3.122987
513,216,3.0333185
513,163,3.0149202
513,2759,2.7699087
513,2792,2.645088
513,1876,2.4271023
513,585,2.3141198
513,1320,2.2913425
513,2088,2.0496566
513,19,1.9521459
513,839,1.4041103
4770,1097,3.790029
4770,2355,3.46239
4770,2690,3.4022467
5996,1250,4.47918
5996,1294,4.3543835
5996,1214,4.3481436
5996,3578,4.331982
5996,2858,4.2915606
5996,1411,4.17007
5996,2160,4.1554503
5996,1097,4.1407413
5996,2000,4.1345463
5996,2951,4.13165
5996,1721,4.117345
5996,3044,4.0885344
5996,2716,4.079077
5996,1376,4.0765333
5996,2020,4.0293245
5996,2916,4.0253143
5996,1286,4.014182
5996,73,4.0115643
5996,3499,3.9679801
5996,3397,3.950766
5996,440,3.9423323
5996,551,3.9381573
5996,3034,3.9051566
5996,2085,3.896986
5996,1777,3.8858733
5996,3210,3.8732107
5996,1573,3.8606386
5996,2470,3.8602781
5996,2550,3.8073099
5996,1027,3.7950253
5996,3249,3.759251
5996,1290,3.748463
5996,1835,3.747638
5996,3169,3.7457564
5996,3476,3.7315822
5996,552,3.7226965
5996,2291,3.7136967
5996,225,3.713009
5996,168,3.6968324
5996,2709,3.6924791
5996,1569,3.6885772
5996,1020,3.67498
5996,3016,3.6669536
5996,616,3.6622531
5996,3247,3.6614563
5996,3263,3.64656
5996,3557,3.622417
5996,1547,3.6177816
5996,852,3.6136873
5996,3145,3.6134982
5996,2146,3.5818672
5996,329,3.566393
5996,317,3.5486078
5996,1024,3.543902
5996,2822,3.5130856
5996,2469,3.4967537
5996,3672,3.4766803
5996,1332,3.4743888
5996,1888,3.4589982
5996,3489,3.4254124
5996,1609,3.333506
5996,2374,3.307664
5996,2950,3.2250068
5996,1499,3.1928477
5996,1388,3.1899621
5996,2748,3.1181993
5996,3802,2.9840689
5996,1373,2.9684017
893,293,3.8803453
893,3160,3.619591
893,2160,3.5817654
893,1396,3.4657001
893,3859,3.4626403
893,2280,3.1803694
893,3301,3.0272338
893,1544,2.892655
893,1647,2.616342
3022,541,3.588729
3022,110,3.4860425
3022,1199,3.3403313
3022,1259,3.2707546
3022,3039,3.044791
3022,2000,3.0040817
3022,1185,2.908346
3022,2797,2.720198
3022,2144,2.7050369
3022,1573,2.6296258
4655,2858,4.302642
4655,3730,4.275526
4655,1252,4.2648134
4655,111,4.2387733
4655,306,4.1687646
4655,1214,4.099665
4655,1270,4.003724
4655,595,3.9342554
4655,2137,3.8326404
4655,1678,3.8031213
4655,515,3.794483
4655,3094,3.7651992
4655,1216,3.7501202
4655,1029,3.664181
4655,2212,3.6533086
4655,3078,3.6491382
4655,3260,3.6337306
4655,1081,3.6149843
4655,425,3.602046
4655,2628,3.590189
4655,448,3.5880508
4655,1917,3.566896
4655,2600,3.5385747
4655,2424,3.5237975
4655,339,3.5103266
4655,3699,3.47872
4655,1916,3.4380736
4655,2985,3.427402
4655,2100,3.3322535
4655,468,3.2968714
4655,2581,3.2306068
4655,3033,3.2082253
4655,2485,3.1164553
4655,74,2.6061738
4655,1373,2.566088
4915,2997,4.195591
4915,319,3.9358435
4915,1580,3.685476
4915,380,3.6672385
4915,592,3.6525826
4915,316,3.4923196
4915,1049,3.1494303
4915,1676,2.7089684
4915,1391,2.6880774
4915,2428,2.5203962
4915,849,1.4238847
1586,1208,4.9754095
1586,1198,4.9737234
1586,903,4.92072
1586,910,4.9107046
1586,1136,4.9089155
1586,750,4.892737
1586,945,4.8636127
1586,1213,4.857662
1586,1256,4.849647
1586,1387,4.8305483
1586,1249,4.6067142
1586,595,4.577867
1586,1220,4.5292788
1586,2797,4.5200415
1586,357,4.4585047
1586,2664,4.457656
1586,2144,4.3674283
1586,3685,4.3335485
1586,2968,4.314213
1586,21,4.288258
1586,1127,4.2509947
1586,2056,4.2118196
1586,1580,4.1913204
1586,2916,4.178692
1586,2640,4.137594
1586,2015,3.9991882
1586,2384,3.9587448
1586,2647,3.8398407
1586,2377,3.603536
1586,2429,3.5746398
1586,2054,3.4538803
1586,2367,3.3976762
1203,1233,4.5774164
1203,1944,4.525639
1203,3683,4.5030417
1203,1276,4.4893966
1203,246,4.4156475
1203,1956,4.3307204
1203,58,4.262118
1203,1517,4.2255983
1203,1090,4.198079
1203,150,4.1879845
1203,3105,4.1839437
1203,1912,4.17531
1203,1955,4.102969
1203,2442,4.0862885
1203,357,4.077652
1203,3060,4.039768
1203,3536,4.0105104
1203,492,4.001867
1203,3952,3.995749
1203,2987,3.977014
1203,1959,3.9684553
1203,3253,3.9233632
1203,3252,3.9149678
1203,2439,3.905055
1203,2083,3.8890967
1203,3538,3.8867757
1203,1958,3.867075
1203,1883,3.804608
1203,3261,3.7790508
1203,380,3.7734582
1203,1485,3.74501
1203,3107,3.7430048
1203,2577,3.7346373
1203,198,3.718973
1203,1754,3.6813881
1203,3827,3.645155
1203,3863,3.6153946
1203,780,3.6109843
1203,3809,3.5961142
1203,2539,3.5783958
1203,3858,3.5558388
1203,3686,3.519928
1203,2771,3.4911468
1203,1892,3.4806166
1203,317,3.452582
1203,2146,3.4316313
1203,783,3.3871396
1203,282,3.350979
1203,1409,3.3007817
1203,3534,3.284131
1203,3301,3.2632022
1203,1020,3.1237028
1203,1917,3.0546265
1203,1043,3.03054
1203,292,3.0300658
1203,3861,3.026425
1203,1353,2.9602466
1203,455,2.8395865
1203,485,2.7884827
1203,879,2.670967
1203,2793,2.600014
1203,1503,2.4447694
1203,2701,2.3717968
1203,3826,2.2581701
1203,3802,2.1362786
1203,405,2.0092928
4976,1333,3.9464417
4976,3175,3.8145916
4976,3624,3.6690097
4976,3763,3.6457114
4976,3555,3.5295348
4976,2861,3.0810294
4976,3452,3.0407171
2590,2858,4.562097
2590,1278,4.500845
2590,1291,4.3626904
2590,1387,4.3390746
2590,1090,4.252684
2590,2644,4.229218
2590,3872,4.138566
2590,1527,4.097205
2590,1653,4.0311346
2590,2288,4.0189652
2590,3624,3.859087
2590,1194,3.8388925
2590,2867,3.6517694
2590,780,3.619877
2590,3535,3.5917752
2590,2746,3.5012684
2590,2901,3.479756
2590,726,3.3274088
2590,1917,3.315858
2590,2094,3.2294464
2590,804,3.1966643
2590,512,3.113811
2590,1717,3.06607
2590,879,2.8783236
2590,3156,2.7212627
2590,1882,2.7079897
2590,3895,2.5573838
2590,191,2.5569127
2590,172,2.5099704
2590,1037,2.4949706
2590,3024,2.3190205
2590,2368,1.7401874
3278,2937,4.132205
3278,951,4.0909405
3278,1394,4.0055804
4294,3510,3.7574005
4294,588,3.5930903
4294,1028,3.5875454
4294,364,3.542546
4294,3189,3.3582206
4294,1566,3.2001672
4294,1665,3.0306716
4294,1772,3.016993
4294,1021,2.964903
4294,3438,2.8903203
4294,1474,2.8719728
4294,1702,2.7354126
4294,2720,2.7075682
4784,1225,4.571145
4784,1294,4.481467
4784,3097,4.445519
4784,1292,4.35806
4784,1288,4.330806
4784,1022,4.2251186
4784,3104,4.1678123
4784,1279,4.1332984
4784,3396,4.119826
4784,2000,4.1105914
4784,1002,4.102723
4784,265,4.1006556
4784,2355,4.1003594
4784,1641,4.0995216
4784,1500,4.0928316
4784,2690,4.066762
4784,1094,4.062656
4784,2971,4.0249987
4784,314,4.020651
4784,1396,3.9990294
4784,2407,3.9438484
4784,3261,3.9015393
4784,3763,3.9007955
4784,3639,3.8697968
4784,2278,3.8654344
4784,2640,3.8536441
4784,3524,3.8295753
4784,3649,3.7810135
4784,2738,3.774879
4784,1020,3.7709
4784,3525,3.7484448
4784,236,3.729331
4784,2875,3.537387
4784,2035,3.427577
4784,2241,3.2171063
4784,788,3.1870646
4784,2616,3.142001
4784,2385,2.952169
4784,420,2.8492558
3440,1466,4.0828815
3440,3785,3.5208983
3367,904,4.822629
3367,1178,4.6788692
3367,1254,4.6514297
3367,1945,4.6114087
3367,2357,4.565815
3367,1237,4.515912
3367,1253,4.4687176
3367,3198,4.4529138
3367,1952,4.4325447
3367,1361,4.413371
3367,909,4.3627043
3367,1407,4.271123
3367,213,4.2598267
3367,2064,4.246964
3367,1289,4.2464714
3367,3408,4.222054
3367,2442,4.1537533
3367,2824,4.094792
3367,3371,4.0687613
3367,2184,4.058462
3367,850,4.050922
3367,1144,3.995788
3367,1083,3.986409
3367,1012,3.975524
3367,2,3.7969604
3367,1589,3.7929535
3367,1058,3.7561762
3900,1945,4.614168
3900,1193,4.533969
3900,2804,4.4609075
3900,1079,4.23821
3900,3072,4.14338
3900,2302,4.027151
3900,2671,4.0209
3900,471,3.9981117
3900,1127,3.9828408
3900,2353,3.9366598
3900,1722,3.8993459
3900,7,3.8691125
3900,2916,3.8569431
3900,2683,3.8552775
3900,3020,3.8327708
3900,367,3.7400792
3900,648,3.7146823
3900,2567,3.6467597
3900,2249,3.635332
3900,2605,3.6259463
3900,1135,3.62002
3900,2752,3.57027
3900,2133,3.5668373
3900,203,3.5040662
3900,3688,3.3322115
3900,2805,3.166653
3900,2421,3.1259918
3900,2722,3.0654643
3900,415,2.7190144
3900,153,2.6997786
3900,355,2.4408522
3900,2558,2.4067135
3900,169,1.670331
2107,260,4.823967
2107,3578,4.364485
2107,3160,4.3505383
5791,1221,4.5766034
5791,2858,4.481172
5791,111,4.417329
5791,2918,4.368259
5791,2248,4.213544
5791,2791,4.183879
5791,1265,4.1831956
5791,3019,4.1653175
5791,2333,4.0986114
5791,2693,4.0671425
5791,2580,3.9802926
5791,2125,3.9661703
5791,3408,3.9507287
5791,785,3.6765475
3468,922,4.5366073
3468,904,4.5070114
3468,1193,4.467642
3468,1213,4.42553
3468,2858,4.316183
3468,111,4.2138715
3468,2893,2.5872145
1411,2396,4.3471327
1411,2013,3.6110246
1411,2770,3.418689
1411,2759,3.3376112
1411,3157,2.5164454
1411,3754,1.8511373
5255,2019,5.220445
5255,910,5.009241
5255,3134,4.96072
5255,1304,4.9068646
5255,912,4.890754
5255,919,4.8504925
5255,608,4.729851
5255,356,4.7256436
5255,1244,4.704239
5255,1931,4.699158
5255,2791,4.668601
5255,3654,4.6200676
5255,3751,4.420485
5255,3639,4.377861
5255,3861,4.2656164
5255,808,4.0719414
3415,527,4.822614
3415,593,4.575304
3415,296,4.5491304
3415,1258,4.4243584
3415,3147,4.378882
3415,1265,4.1373534
3415,2919,4.1316824
3415,1962,4.083191
3415,3256,4.071806
3415,3793,4.0504313
3415,474,4.0398726
3415,2115,4.0226
3415,2108,3.875997
3415,1967,3.8525171
3415,2518,3.7894847
3415,3253,3.7503614
3415,1883,3.7204595
3415,3763,3.703075
3415,1395,3.6222134
3415,1792,3.3624039
4975,110,4.170352
4975,1704,4.0792346
4975,1291,4.0619764
4975,1246,3.9841897
4975,2745,3.8880985
4975,1580,3.779395
4975,345,3.746894
4975,1396,3.6288705
4975,2001,3.6026833
4975,3684,3.5032377
4975,494,3.480901
4975,3704,3.4659162
4975,2384,3.4298096
4975,95,3.3787708
4975,48,3.2103035
4975,1831,2.8719199
5492,457,3.6783495
5492,1,3.6363966
5492,2580,3.6093822
5492,1777,3.5474901
5492,3255,3.5423474
5492,1645,3.4597168
5492,2125,3.4006946
5492,2763,3.3844862
5492,3466,3.3458786
5492,2393,3.3442883
5492,2572,3.3368092
5492,3052,3.3029509
5492,3450,3.2487745
5492,1721,3.2197495
5492,1280,3.2004852
5492,1694,3.1734862
5492,700,3.172407
5492,1717,3.1187928
5492,1816,3.0841408
5492,2325,3.0802517
5492,216,3.0691566
5492,1588,3.0471954
5492,2003,3.004056
5492,292,2.978304
5492,2770,2.963297
5492,3623,2.9379172
5492,2771,2.9315293
5492,1371,2.9312563
5492,3617,2.92066
5492,3489,2.8997934
5492,2977,2.8948085
5492,1854,2.878808
5492,3511,2.8217316
5492,1665,2.819339
5492,19,2.7991652
5492,1894,2.7945685
5492,784,2.6975102
5492,2026,2.6803894
5492,3454,2.6771395
5492,2806,2.6708684
5492,2306,2.6033998
5492,1431,2.4478629
5492,2953,2.1725981
5492,3064,2.171166
5492,2887,2.1385179
5492,3286,2.1222131
5492,546,2.031837
5492,3564,1.7557367
5492,169,1.7129377
1776,594,3.7691374
1776,1214,3.6965382
1776,1947,3.6756396
1776,1580,3.6036682
1776,924,3.587999
1776,1517,3.5377803
1776,2100,3.4789405
1776,2005,3.464015
1776,2393,3.4459782
1776,3868,3.4418766
1776,2012,3.4276607
1776,780,3.4201436
1776,736,3.3815308
1776,3040,3.3479204
1776,1375,3.3375864
1776,3704,3.3283582
1776,3623,3.3248556
1776,3827,3.3077664
1776,3861,3.3052933
1776,2245,3.2929697
1776,3791,3.244425
1776,1779,3.227748
1776,2378,3.198923
1776,2269,3.196241
1776,76,3.1669776
1776,3017,3.1649187
1776,2717,3.1609032
1776,2411,3.160664
1776,377,3.1566062
1776,2978,3.1205857
1776,2907,3.0593448
1776,2421,3.0480952
1776,1971,3.0332358
1776,542,2.9262824
1776,519,2.6524522
1776,1981,2.5394166
1776,1595,2.3867288
5086,50,4.4398375
5086,3435,4.3759975
5086,912,4.300305
5086,2804,4.190688
5086,1299,4.1703916
5086,2064,4.1418333
5086,446,4.023251
5086,1079,3.9893177
5086,1719,3.9884427
5086,1222,3.9761634
5086,3362,3.9442554
5086,1265,3.9441895
5086,915,3.9379675
5086,2739,3.8491888
5086,1097,3.7746613
5086,235,3.747737
5086,2890,3.7260764
5086,2950,2.0334306
5086,1499,1.9463409
3669,2762,4.4985247
3669,1617,4.3222947
3669,593,4.3202624
3669,1288,4.2137556
3669,2391,4.1311665
3669,589,4.1138477
3669,1291,4.0237083
3669,356,3.8791714
3669,1095,3.8783307
3669,1275,3.8098667
3669,2915,3.7360027
3669,1290,3.7319243
3669,2985,3.7104688
3669,21,3.707595
3669,39,3.7074606
3669,141,3.680222
3669,371,3.670992
3669,647,3.6166682
3669,2046,3.5757382
3669,524,3.5018435
3669,161,3.494981
3669,60,3.3805103
3669,1378,3.2264395
3669,2942,3.1698377
3669,2628,3.0519974
3669,2717,3.0412784
3669,89,3.023877
3669,2374,3.0037894
3669,3270,2.9790618
3669,381,2.9634147
3669,1918,2.8885407
3669,1479,2.8552613
3669,1380,2.8287246
3669,2405,2.785081
3669,2002,2.7839503
3669,3247,2.6899056
3669,2429,2.6563082
3669,544,2.5593867
3669,435,2.5587845
3669,196,2.4400587
3669,2335,2.4168127
3669,2735,2.4006386
3669,3238,1.8048575
3669,762,1.6607733
3669,2422,1.590856
3669,2412,1.4952381
3669,173,1.4112436
3669,2798,1.3736105
4636,2706,2.4379363
4636,3081,2.3418446
2603,356,4.109159
2603,3499,3.9673743
2603,2058,3.618682
2603,231,3.2535176
1896,1267,4.4565077
1896,296,4.439006
1896,1233,4.4143734
1896,1945,4.381785
1896,1260,4.3565235
1896,3470,4.2962856
1896,1219,4.253191
1896,1066,4.2503047
1896,1189,4.2136292
1896,924,4.1710424
1896,3095,4.153297
1896,1230,4.142373
1896,1084,4.138291
1896,1944,4.123314
1896,1263,4.047843
1896,3811,4.0426817
1896,2010,4.039955
1896,2289,3.995096
1896,356,3.991232
1896,1946,3.9703221
1896,1929,3.9463568
1896,944,3.92375
1896,1594,3.914788
1896,2023,3.3405142
707,2571,4.2228246
707,1200,4.022669
707,2396,3.9754035
707,296,3.8959298
707,3793,3.7414722
707,3203,3.630253
707,2424,3.4728441
707,3173,3.1598244
707,3249,3.1597838
707,3798,3.1254678
707,3176,2.9862366
3597,34,4.2975655
3597,1396,4.2528057
3597,2700,4.1647305
3597,1029,4.0703692
3597,3809,3.9516568
2955,50,4.111773
2955,318,4.0646877
2955,608,3.8409605
2955,3083,3.6893497
2955,111,3.6743112
2955,3811,3.6461773
2955,1222,3.6352916
2955,3578,3.4903042
2955,1265,3.4451182
2955,589,3.396887
2955,1354,3.1838398
2955,3081,3.080567
2955,1393,2.9748573
2955,2633,2.9670622
2955,2159,2.8948317
2955,3702,2.8739219
2955,2640,2.82879
2955,1376,2.6961355
2955,2723,2.456262
4477,318,4.270114
4477,1610,3.926632
4477,480,3.851269
4477,1625,3.702742
4477,3408,3.6933284
4477,3178,3.6213698
4477,523,3.5803497
4477,780,3.4501543
4477,2529,3.4328005
4477,367,3.378426
4477,3081,3.3774087
4477,2013,3.3518317
4477,370,2.9588223
4477,3861,2.7755497
4477,1453,2.3041162
4477,3857,2.1493979
4477,1772,2.0766015
4011,1213,4.3775783
4011,1358,4.2654095
4011,593,4.2260904
4011,678,4.0541096
4011,1094,3.7375526
4011,3018,3.5228758
4011,3081,3.4426622
4011,2651,2.6849918
3704,2028,5.137453
3704,2329,4.9316406
3704,1036,4.8747673
3704,2788,4.864543
3704,3090,4.8187056
3704,1080,4.77717
3704,2064,4.766463
3704,2313,4.6698065
3704,1125,4.6163006
3704,3783,4.5986123
3704,3915,4.5878205
3704,3147,4.5672913
3704,1912,4.5587106
3704,1913,4.5377655
3704,281,4.486922
3704,2716,4.472088
3704,265,4.456923
3704,1345,4.415908
3704,1516,4.3862495
3704,3685,4.3406363
3704,2272,4.3356442
3704,1682,4.288
3704,2369,3.823327
603,3510,3.7405138
603,3952,3.7058806
603,3793,3.631583
603,2321,3.599084
603,2431,3.3145728
603,2088,2.9720688
5216,3360,3.8778317
4801,493,4.957758
4801,1408,4.955886
4801,1061,4.8794413
4801,3703,4.8355136
4801,292,4.8346033
4801,3020,4.7997656
4801,1676,4.774084
4801,95,4.7730594
4801,1544,4.7296762
4801,3107,4.670796
4801,196,4.6482506
4801,511,4.6057925
4801,2121,4.5610228
4801,547,4.5569234
4801,1975,4.5540547
4801,1991,4.5213976
4801,173,4.5177364
4801,1320,4.394966
4801,2338,4.3244615
241,924,4.2250214
241,1200,4.21782
241,474,3.862754
241,1748,3.8612807
241,3175,3.8464267
241,1306,3.7504506
241,1112,3.6063628
4318,318,4.7411194
4318,1193,4.649883
4318,260,4.643143
4318,1240,4.5148644
4318,457,4.4809384
4318,608,4.339627
4318,1259,4.333043
4318,293,4.3255205
4318,1258,4.315249
4318,2997,4.2915273
4318,356,4.276465
4318,1968,4.217215
4318,1344,4.1819696
4318,2922,4.140993
4318,1282,4.0970893
4318,1285,4.0881453
4318,480,4.0803394
4318,934,4.0633063
4318,1580,4.041854
4318,3461,3.9994073
4318,2005,3.9834423
4318,333,3.978592
4318,300,3.971878
4318,329,3.9589329
4318,1633,3.940575
4318,1645,3.9216623
4318,2015,3.875629
4318,1517,3.865847
4318,1476,3.8645449
4318,663,3.8582325
4318,1027,3.8528671
4318,3686,3.7687907
4318,3247,3.7238102
4318,2146,3.6955366
4318,3441,3.6384957
4318,2378,3.634522
4318,2770,3.6213517
4318,2410,3.5935237
4318,577,3.5766711
4318,2787,3.5610728
4318,2657,3.5475974
4318,1974,3.532404
4318,516,3.517132
4318,1320,3.4562688
4318,227,3.4512448
4318,2699,3.4094508
4318,3432,3.331921
4318,867,3.3142369
4318,3433,3.253716
4318,1100,3.2270293
4318,3710,3.177253
4318,762,3.175751
4318,502,3.0225258
4318,3440,2.9082077
4318,1556,2.828892
2100,2571,4.499548
2100,1090,4.2377434
2100,480,4.1053085
2100,364,4.061851
2100,597,4.014962
2100,2700,3.9604843
2100,1393,3.9352732
2100,1032,3.9282303
2100,1907,3.8987541
2100,222,3.8474078
2100,342,3.8189435
2100,1183,3.8181
2100,2048,3.7850893
2100,10,3.773425
2100,164,3.7706974
2100,1895,3.7568438
2100,1093,3.7376444
2100,3186,3.6966162
2100,2062,3.68148
2100,3174,3.6683147
2100,1566,3.6531029
2100,1031,3.6336968
2100,248,3.5856867
2100,2331,3.5776155
2100,74,3.4980392
2100,3602,3.4640894
2100,48,3.4200926
2100,3605,3.395117
2100,3316,3.3936448
2100,237,3.3463898
2100,2123,3.322225
2100,438,3.1634989
4282,3760,3.6047168
4282,3263,3.3297267
4282,3846,3.311914
4282,1806,2.8358161
4282,3804,1.8348713
4188,1961,3.9265895
4188,1214,3.827111
4188,3793,3.7126336
4188,3745,3.4090657
4188,2826,3.3683772
4188,3615,3.2215972
4188,2846,3.1322978
4188,414,3.0252385
5404,50,4.55757
5404,1291,4.2740464
5404,1084,4.122124
5404,2396,4.1010804
5404,1962,4.062462
5404,2944,4.0601306
5404,1674,4.0422163
5404,2791,4.0374775
5404,2391,4.0309553
5404,110,4.0206385
5404,2716,3.9287074
5404,3526,3.8753345
5404,1955,3.8599691
5404,11,3.8430254
5404,733,3.7133787
5404,1376,3.6376028
5404,1608,3.62236
5404,848,3.4304278
5404,450,3.376836
5404,2906,2.2671316
3276,318,3.9069886
3276,17,3.014892
5622,1136,4.5086193
5622,1248,4.386346
5622,910,4.358882
5622,3421,4.3395004
5622,3462,4.3274508
5622,1294,4.276745
5622,1394,4.2403975
5622,1285,4.192041
5622,2289,4.177731
5622,1220,4.0894117
5622,2109,3.977616
5622,357,3.9574323
5622,492,3.8915524
5622,2144,3.8318634
5622,3638,3.7368226
5622,3676,3.6652732
2090,260,4.8084354
2090,3916,4.3977013
2090,1968,4.3503795
2090,474,4.2947636
2090,3448,4.218626
2090,2353,4.182535
2090,3526,4.1491084
2090,3527,4.1481733
2090,648,4.1352797
2090,165,4.1110244
2090,3685,4.063694
2090,2393,4.0391507
2090,2141,3.9754996
2090,3033,3.9171164
2090,2985,3.8634305
2090,2247,3.8282008
2090,1801,3.6805234
2090,379,3.4399912
2090,3688,3.2208724
2090,3690,2.3447492
2090,502,1.5761553
5179,1213,4.319772
5179,608,4.242813
5179,2571,4.186001
5179,3114,4.111584
5179,589,3.6271229
5179,2278,3.1147714
5179,2406,2.876038
5179,377,2.6443782
4489,2501,4.827937
4489,50,4.8086305
4489,2571,4.7192245
4489,1247,4.709407
4489,750,4.702605
4489,1300,4.688833
4489,1196,4.640371
4489,3468,4.6317506
4489,306,4.6178384
4489,1206,4.6124153
4489,2788,4.596636
4489,3091,4.537324
4489,2959,4.500098
4489,1077,4.4833884
4489,1240,4.4730244
4489,3481,4.4610233
4489,1243,4.43542
4489,1270,4.4324465
4489,1653,4.275241
4489,1748,4.264484
4489,1584,4.1156445
4489,104,4.0992756
4489,3556,4.0985594
4489,141,4.0651493
4489,2108,4.0616426
4489,441,3.987179
4489,1799,3.9554834
4489,780,3.9360845
4489,2393,3.9112186
4489,3698,3.8824744
4489,3269,3.658848
4489,442,3.515635
4489,3879,3.430756
4489,2091,3.4201446
4489,185,3.3977866
4489,1590,3.3901978
4489,3484,3.0630581
4489,3889,2.9417734
4489,173,2.9163082
4489,546,2.8566298
4489,2701,2.6038492
4449,750,4.6955833
4449,296,4.5923333
4449,2858,4.5047126
4449,1235,4.380835
4449,1175,4.3630977
4449,2761,4.2621565
4449,2721,4.2179594
4449,2355,4.197126
4449,3952,4.1147957
4449,3175,4.1017013
4449,539,4.0369105
4449,1909,4.016062
4449,574,3.943565
4449,2278,3.9187195
4449,2496,3.8427248
4449,3827,3.763154
4449,3185,3.6715364
4449,3355,3.5899005
4449,880,3.2189748
1850,1261,4.1168356
1850,1127,3.9431427
1850,2687,3.88729
1850,2987,3.8610125
1850,2102,3.686243
5571,2019,4.0330124
5571,1212,3.945705
5571,750,3.930013
5571,903,3.8214846
5571,1254,3.683412
5571,926,3.666887
5571,3196,3.5982778
5571,581,3.4678724
5571,17,3.4665318
5571,1964,3.415404
5571,1202,3.2152362
5571,1097,3.2131639
5571,841,3.0517523
2573,1198,4.6877894
2573,1242,4.4565425
2573,1220,4.108037
2573,2863,4.0829573
2573,3104,4.07732
2573,3175,4.0046167
2573,380,3.8766694
2573,3755,3.4788623
2000,318,4.6824837
2000,2324,4.3597302
2000,1274,3.9808521
2000,1639,3.860415
2000,480,3.7033467
2000,3717,2.9851484
2000,2699,2.7360952
2776,527,4.904314
2776,2501,4.7493935
2776,2359,4.4903946
2776,110,4.4510593
2776,1625,4.4143896
2776,3361,4.387867
2776,1357,4.369506
2776,538,4.3003073
2776,440,4.2756405
2776,2231,4.273062
2776,431,4.1757936
2776,1584,4.1736693
2776,441,4.1646338
2776,300,4.155138
2776,62,4.1265373
2776,587,4.064411
2776,2455,4.0333867
2776,1396,4.027156
2776,1892,3.9243028
2776,2867,3.9033356
2776,500,3.8908315
2776,3809,3.855842
2776,3846,3.7841964
2776,2111,3.7783952
2776,381,3.761808
2776,2252,3.6781962
2776,2771,3.5710618
2776,3263,3.5481648
2776,3528,3.4907713
2776,2335,3.2873511
2776,2126,3.0913215
2776,2411,2.9632802
2776,3243,2.4680686
2776,485,1.8848671
2776,3690,1.5123079
3816,969,4.5572104
3816,1333,4.238078
3816,1266,4.202548
3816,1270,4.149577
3816,515,4.065854
3816,1940,4.042943
3816,2857,4.029027
3816,1012,4.022171
3816,3397,4.016429
3816,62,3.9851687
3816,551,3.9667218
3816,3159,3.9637275
3816,1580,3.925867
3816,1968,3.9167757
3816,2880,3.8997548
3816,3398,3.8761017
3816,21,3.835732
3816,362,3.7896817
3816,2875,3.771301
3816,2245,3.7686286
3816,2003,3.761608
3816,3638,3.7518933
3816,2049,3.7196093
3816,2136,3.6921256
3816,421,3.634595
3816,3208,3.6194427
3816,2416,3.6168618
3816,442,3.58889
3816,2374,3.4814095
3816,2422,3.3421001
2046,1193,4.243433
2046,1358,4.0084457
2046,110,4.001856
2046,1307,3.9517689
2046,2064,3.613267
2046,3052,3.4661245
2504,2571,4.2317743
2504,1233,4.223464
2504,1248,4.195793
2504,1997,4.0464573
2504,2728,4.0286407
2504,349,3.8163865
2504,1179,3.8094897
2504,551,3.682567
2504,610,3.6545331
2504,1370,3.586223
2504,785,3.5740318
2504,2232,3.5614228
2504,3740,3.5538294
2504,266,3.495635
2504,3638,3.4634337
2504,3869,3.4632099
2504,3249,3.4586344
2504,3409,3.4442418
2504,2492,3.2923803
2504,1320,3.27568
2504,2012,3.2707548
2504,1586,3.2287812
2504,2402,3.1012735
2504,2792,3.0089076
2504,2995,2.8705232
2504,173,2.5733013
2504,2568,2.3354266
4328,527,4.6397934
4328,1267,4.480584
4328,1230,4.4099865
4328,608,4.3907523
4328,1304,4.2808733
4328,1222,4.228401
4328,2947,4.1744776
4328,971,4.1568327
4328,3811,4.1153736
4328,589,4.10419
4328,3062,4.06559
4328,2194,4.0318165
4328,356,3.9994683
4328,1210,3.9620922
4328,3366,3.9277787
4328,2944,3.9189162
4328,2076,3.8831744
4328,21,3.7424357
4328,348,3.7340922
4328,2427,3.6877546
4328,1958,3.6861267
4328,3476,3.6618583
4328,2669,3.612678
4328,2231,3.5418744
4328,3769,3.5025783
4328,349,3.4831803
4328,2406,3.3815632
4328,2025,3.337667
4328,2613,2.9243052
4328,2875,2.4890616
4328,2535,2.329617
1504,1196,4.245584
1504,457,4.108527
1504,1036,4.0447683
1504,6,3.731224
1504,1261,3.6180015
1504,1129,3.5279474
1504,1215,3.4822197
5650,913,3.8715014
5650,1136,3.7906325
5650,1234,3.7322204
5650,1193,3.6822767
5650,3471,3.6406233
5650,2949,3.5037713
5650,457,3.4097748
5650,1374,3.3959007
5650,902,3.3897307
5650,2565,3.3458326
5650,3159,3.278511
5650,1643,3.1963205
5650,3675,3.1825757
5650,1101,3.1283255
5650,1083,3.1198802
5650,3745,3.0976934
5650,1347,3.044366
5650,2942,2.986131
5650,1569,2.9600363
5650,2529,2.8938305
5650,3033,2.854488
5650,653,2.7954712
5650,2877,2.770942
5650,1320,2.664274
5650,1586,2.6015797
5650,2640,2.5723627
5650,327,2.522599
5650,1911,2.5087354
5650,2724,2.5037184
5650,1920,2.4486623
5650,1007,2.438082
5650,1100,2.3932738
5650,1702,2.1832428
5650,2497,2.1711972
5650,172,2.1262014
5650,1373,2.1100736
5650,1973,1.8296407
5650,1969,1.6198434
5868,1234,4.5069113
5868,1250,4.500018
5868,3429,4.4893117
5868,1272,4.3178854
5868,3135,4.0992618
5868,2239,3.9013894
5868,2533,2.8306882
3031,720,4.864982
3031,593,4.611153
3031,162,4.4481497
3031,1961,4.4333572
3031,2302,4.42057
3031,1387,4.3839
3031,180,4.3308673
3031,994,4.313998
3031,1079,4.309058
3031,628,4.3026896
3031,1784,4.3013625
3031,322,4.281405
3031,1610,4.2691307
3031,1094,4.2370234
3031,1282,4.219263
3031,1035,4.2177167
3031,1625,4.2015476
3031,597,4.1946554
3031,2716,4.1664968
3031,34,4.143652
3031,592,4.1272573
3031,235,4.1265087
3031,233,4.052144
3031,229,4.0316677
3031,2108,4.015179
3031,3169,3.9981573
3031,805,3.9627638
3031,1620,3.9247966
3031,3247,3.8311923
3031,288,3.7741773
3031,648,3.7695289
3031,118,3.7566822
3031,999,3.7500043
3031,1059,3.7402465
3031,1805,3.7340615
3031,2712,3.7263665
3031,105,3.7186224
3031,70,3.7172647
3031,344,3.6436625
3031,1488,3.6048126
3031,2378,3.566922
3031,1658,3.5463872
3031,3053,3.5002613
3031,2060,3.427417
3031,122,3.3982434
3031,2317,3.3645754
3031,2041,3.3418527
3031,46,3.3081698
3031,2385,3.2497485
3031,3596,3.2259722
3031,2004,3.1163547
3031,3688,3.108354
3031,1562,2.927692
3031,419,2.8708425
3031,2380,2.5911493
3031,1992,2.5609365
2769,260,4.5997562
2769,608,4.42295
2769,1197,4.406918
2769,898,4.371763
2769,1545,4.047744
2769,2081,3.9515443
2769,1298,3.7923203
2769,2096,3.7234616
2769,2640,3.6533685
2769,377,3.4334674
2769,107,3.1938267
2769,132,2.210425
2279,1198,4.4566708
2279,1953,4.4406805
2279,3789,4.361137
2279,1201,4.3055973
2279,1249,4.2875156
2279,1997,4.258465
2279,3072,4.187935
2279,541,4.187701
2279,589,4.1801186
2279,2949,4.0971346
2279,3671,4.078928
2279,3733,4.0348606
2279,2076,4.0282
2279,3703,3.9476056
2279,3552,3.9442983
2279,1955,3.8773875
2279,2746,3.7468634
2279,3203,3.7464807
2279,3706,3.7373168
2279,2239,3.7295163
2279,2348,3.723901
2279,2100,3.7077851
2279,482,3.705031
2279,3018,3.7036538
2279,610,3.6572828
2279,3576,3.6225667
2279,2311,3.621335
2279,1286,3.5988019
2279,3813,3.5636115
2279,2640,3.5427732
2279,2518,3.518254
2279,3441,3.4991784
2279,1101,3.4612267
2279,3684,3.2880018
2279,3016,3.2208323
2279,2475,3.1947231
2279,3333,3.098713
2279,3707,3.0539122
2279,2524,2.9559293
2279,2146,2.9485784
2279,3693,2.9381747
2279,3869,2.913553
2279,2377,2.8058577
2279,2367,2.5078046
2279,3394,2.1709368
2279,3392,1.7216122
3919,318,4.789976
3919,1197,4.651128
3919,1387,4.3692136
3919,2302,4.35116
3919,1266,4.1113024
3919,2340,3.8720002
3919,2746,3.7326226
3919,3050,3.6423292
462,903,4.0670185
462,1258,3.8807602
462,497,3.7907748
462,1073,3.721869
462,2644,3.7087913
462,3512,3.6513162
462,2288,3.5805144
462,635,3.567752
462,2011,3.5646
462,1380,3.551508
462,514,3.4904003
462,3809,3.4617877
462,2111,3.324469
462,3354,3.234237
462,2093,3.2138739
462,1037,3.1852512
462,3146,3.1498485
462,3826,2.88666
462,2903,1.9015093
6005,1278,4.4355507
6005,380,4.0288954
6005,2167,3.8986983
6005,3264,3.7257137
6005,2657,3.7250881
6005,3016,3.6620347
6005,2781,3.6326551
6005,1974,3.5867088
6005,273,3.5862494
6005,1334,3.5526116
6005,2327,3.5172777
6005,2668,3.409726
6005,1995,3.2734385
2711,936,3.3002214
2711,2872,3.0407534
2711,1097,2.9617043
2711,2021,2.5536683
2711,1375,2.4785676
2711,2985,2.3892798
2711,2011,2.2778924
2711,3660,1.4651296
3063,1954,4.1343746
3063,2643,1.8891094
3591,608,4.423103
3591,150,4.2983675
3591,508,4.2692194
3591,345,4.180901
3591,1092,4.112984
3591,1682,4.112532
3591,3255,4.025444
3591,14,3.9666293
3591,3450,3.9365578
3591,1645,3.8994143
3591,3556,3.8392947
3591,1268,3.818277
3591,339,3.8176756
3591,500,3.8151007
3591,2683,3.7078407
3591,736,3.6833208
3591,3156,3.122044
3591,432,2.881314
5705,260,4.509465
5705,2324,4.3942337
5705,2248,4.1088176
5705,1188,4.0809875
5705,902,3.9763465
5705,480,3.9716702
5705,2580,3.9628482
5705,2080,3.9569764
5705,594,3.9422646
5705,2355,3.90231
5705,587,3.8211887
5705,2087,3.7475235
5705,2015,3.7086418
5705,39,3.7049353
5705,1569,3.7027748
5705,3005,3.64637
5705,543,3.6116755
5705,377,3.5930696
5705,1031,3.5325284
5705,1030,3.5296383
5705,46,3.3912082
3365,1234,4.907453
3365,2858,4.6927996
3365,931,4.665633
3365,3148,4.6022825
3365,909,4.5944886
3365,924,4.573668
3365,3448,4.5445194
3365,1584,4.4935093
3365,2946,4.4927926
3365,3836,4.474428
3365,1948,4.4735546
3365,2393,4.4265747
3365,1732,4.3848486
3365,39,4.3823824
3365,1569,4.3821716
3365,1372,4.352357
3365,3450,4.3497043
3365,2628,4.2861633
3365,3809,4.2765074
3365,3703,4.256666
3365,21,4.2093906
3365,3185,4.188575
3365,2377,4.161107
3365,2518,4.1568956
3365,1876,4.126139
3365,2469,4.0998516
3365,370,4.0456686
3365,426,3.7580848
3365,3500,3.6730578
3365,1863,3.3299499
3365,405,3.2358365
3365,1760,2.8245738
4523,1198,4.5002346
4523,2028,4.4123135
4523,1272,4.3150015
4523,1254,4.1677504
4523,1797,4.0342803
4523,1,4.0199585
4523,590,3.992812
4523,1240,3.9679315
4523,1028,3.960202
4523,1965,3.9003072
4523,1214,3.847446
4523,3723,3.8227084
4523,2872,3.812714
4523,1019,3.774857
4523,1073,3.7139347
4523,3033,3.6148496
4523,2407,3.552153
4523,2097,3.5089815
4523,1027,3.484387
4523,1722,3.4643474
4523,2273,3.447534
4523,736,3.442974
4523,1676,3.4312372
4523,2393,3.4167514
4523,2151,3.4006772
4523,3513,3.363925
4523,3817,3.3539581
4523,76,3.1439853
4523,1049,3.096612
4523,1379,3.0818133
4523,1726,2.8902853
4523,3120,2.7397513
4523,208,2.607301
4523,455,2.6067445
788,593,4.1924896
788,1291,4.158574
788,47,3.9317832
788,1274,3.8991206
788,2423,3.8869727
788,62,3.8664718
788,150,3.8510642
788,1240,3.8471775
788,1127,3.7767854
788,1672,3.7583265
788,1356,3.6677444
788,2791,3.5532172
788,353,3.551961
788,2100,3.5480232
788,2355,3.539135
788,736,3.4982007
788,1582,3.4803066
788,468,3.4409504
788,2140,3.3865685
788,2723,3.244947
788,74,3.21716
788,172,3.2113574
788,2408,3.1097922
788,2450,2.9598212
4971,1269,4.115926
4971,3363,3.8741198
4971,1721,3.8371634
4971,2863,3.7955935
4971,2174,3.3176491
4971,2657,2.8801432
5459,1914,4.346567
5459,1042,4.182678
5459,351,4.1637163
5459,2541,4.0884295
5459,367,4.0723133
5459,3264,4.0699577
5459,344,3.9725318
5459,2714,3.8785567
5459,2702,3.8491037
5459,3248,3.8359969
5459,54,3.8314068
5459,569,3.8223934
5459,486,3.8136754
5459,2699,3.6924777
5459,3043,3.60221
3293,1077,3.8081584
3293,3812,3.3480647
3293,207,2.6623125
555,1907,3.9797583
555,3793,3.9129498
555,3566,3.542532
555,783,3.160131
555,1027,3.077612
555,3745,3.0486064
555,3483,2.9098542
555,153,2.070696
631,904,4.607644
631,858,4.4324417
631,1203,4.4202704
631,1300,4.2740145
631,906,4.245967
631,2804,4.2173696
631,1947,4.1701975
631,3152,4.125226
631,1292,3.9850368
631,440,3.9761143
631,32,3.9565983
631,1035,3.8535306
631,1912,3.8471172
631,1393,3.793179
631,474,3.7925825
631,1396,3.7292452
631,1345,3.7222037
631,2427,3.7115498
631,3868,3.7053795
631,2065,3.649189
631,349,3.6406155
631,2011,3.6080837
631,52,3.5932627
631,3699,3.584642
631,1031,3.5597906
631,785,3.5562046
631,799,3.4345167
631,2161,3.4038692
631,1135,2.941062
631,2796,2.7194202
631,3688,2.309506
3149,3793,4.1711817
3149,3273,3.836633
3149,3752,3.7879915
3149,3879,3.4944346
3149,3190,3.3217988
268,1242,4.0004635
268,1923,3.740997
268,3361,3.6985102
268,2707,3.6354847
268,1479,3.6230044
268,3176,3.6031756
268,2797,3.5986502
268,2617,3.5517426
268,2011,3.530298
268,3155,3.51739
268,2420,3.506343
268,140,3.4734068
268,2012,3.4583127
268,2168,3.4439511
268,2432,3.431252
268,1363,3.4311447
268,2094,3.4261184
268,3263,3.3890429
268,1792,3.3826318
268,2793,3.3299098
268,3248,3.1495893
268,3388,3.0779233
268,237,3.035057
268,1556,2.4515562
268,193,2.3971558
268,1381,2.346438
268,762,2.3316622
268,2799,2.050659
5240,539,4.4291058
5240,1296,4.4208164
5240,597,4.3881235
5240,1500,4.2452927
5240,1721,4.032522
5240,1835,4.0152946
798,541,4.066662
798,1090,4.0483403
798,2791,3.9517136
798,1210,3.9209995
798,1246,3.879778
798,364,3.8475394
798,590,3.7949955
798,2000,3.7946754
798,1954,3.7914352
798,2087,3.661192
798,2455,3.52897
798,2628,3.5026827
798,3033,3.496965
798,1017,3.4959726
798,3917,3.4542923
798,1033,3.4480047
798,2,3.4478056
798,2518,3.4307618
798,1569,3.4042177
798,2792,3.3384585
798,1130,3.3289764
798,2143,3.3224487
798,2478,3.2887194
798,2033,3.2728488
798,2105,3.2547278
798,3489,3.1076708
798,3766,3.022657
798,2374,2.979793
798,3017,2.9248402
798,2050,2.7397492
798,1985,2.573647
798,1978,1.9654106
5545,1207,4.6294093
5545,916,4.623208
5545,1304,4.571693
5545,2300,4.502103
5545,1,4.439166
5545,3152,4.2928076
5545,1940,4.218074
5545,3543,4.216288
5545,1734,4.215389
5545,2716,4.173251
5545,587,4.119377
5545,342,4.09432
5545,802,3.9879053
5545,2613,3.5688767
1036,908,4.586876
1036,1193,4.560401
1036,1219,4.445838
4054,1230,4.3470526
4054,1617,4.342726
4054,928,4.3097386
4054,296,4.2342625
4054,3421,4.2126284
4054,3350,4.1574593
4054,2940,4.137225
4054,1196,4.112941
4054,1099,4.104991
4054,1394,4.101534
4054,1096,4.048798
4054,3552,4.0228767
4054,2972,4.014642
4054,2716,3.952633
4054,3737,3.9320865
4054,2080,3.9193125
4054,1265,3.9155705
4054,3366,3.9025314
4054,1641,3.8638194
4054,2125,3.8503075
4054,1183,3.8360965
4054,6,3.8356578
4054,337,3.823287
4054,1215,3.82192
4054,349,3.815095
4054,1297,3.8115015
4054,1527,3.8104727
4054,2872,3.8086023
4054,3153,3.798023
4054,3613,3.7802823
4054,1343,3.750383
4054,2640,3.748817
4054,3275,3.724183
4054,2617,3.7154202
4054,10,3.71047
4054,3194,3.7002335
4054,2273,3.6980429
4054,2245,3.6890118
4054,3018,3.6832142
4054,377,3.6733062
4054,11,3.6460252
4054,1441,3.617544
4054,3844,3.6110272
4054,832,3.601564
4054,368,3.5588284
4054,2628,3.548455
4054,1042,3.5177674
4054,3585,3.5140514
4054,2012,3.5018506
4054,1589,3.4868727
4054,964,3.4740565
4054,2956,3.4705226
4054,2369,3.4677548
4054,1194,3.4665115
4054,580,3.4138327
4054,3404,3.3516989
4054,317,3.3392186
4054,2699,3.3327546
4054,344,3.2861257
4054,1088,3.2465365
4054,3082,3.1768575
4054,1409,3.164035
4054,2098,3.1021264
4054,639,3.090775
4054,2521,3.0484884
4054,2524,2.9517148
4054,2532,2.8660998
4054,3438,2.8190842
4054,3691,2.7854784
4054,3247,2.7833316
4054,1551,2.7112706
4922,260,4.627474
4922,1207,4.5470533
4922,1213,4.4975123
4922,2396,4.1793694
4922,1259,4.1200786
4922,2924,4.014201
4922,3360,3.9962459
4922,3499,3.9859104
4922,1484,3.9522028
4922,2355,3.9343495
4922,2580,3.9275856
4922,2243,3.9221368
4922,1095,3.9127526
4922,223,3.8704736
4922,180,3.817025
4922,592,3.800766
4922,1101,3.77336
4922,1611,3.639595
4922,2261,3.6339107
4922,3699,3.614413
4922,1895,3.5235927
4922,2453,3.4004052
4922,2002,3.3983283
4922,2792,3.0015216
4922,2379,2.7291975
4922,2720,2.1790147
5165,318,5.102632
5165,912,4.90231
5165,3307,4.8010025
5165,1250,4.790091
5165,923,4.7551656
5165,919,4.664611
5165,593,4.6543646
5165,1244,4.598963
5165,2357,4.5978055
5165,3095,4.5671105
5165,1,4.556683
5165,2997,4.521147
5165,2612,4.499121
5165,3504,4.459018
5165,3735,4.3524475
5165,1162,4.351226
5165,3108,4.0817256
4262,858,4.526297
4262,2453,3.271243
4262,3791,3.0220888
4262,1373,2.9157302
305,919,4.1896257
305,1258,4.006526
305,1997,3.997848
305,2693,3.7244582
305,3930,2.8619597
305,3045,2.6300936
305,1027,2.5950892
305,1332,2.3216267
305,2900,1.9778831
305,3838,1.7154524
305,829,1.6161878
305,1987,1.4872993
305,2113,1.4691143
305,1381,1.4098719
305,1979,1.3659582
305,2548,1.2461289
305,3663,1.1493303
3675,2019,4.5104866
3675,1267,4.393598
3675,1252,4.374421
3675,969,4.3165913
3675,1233,4.2683983
3675,898,4.2399044
3675,3629,4.198806
3675,1036,4.14495
3675,3338,4.091399
3675,1214,4.0885324
3675,1968,4.0082607
3675,994,3.9838853
3675,1340,3.9529474
3675,3551,3.9435678
3675,3654,3.9287798
3675,1641,3.9244976
3675,2863,3.922844
3675,3552,3.9160638
3675,2921,3.9066508
3675,3362,3.898802
3675,1094,3.8704653
3675,1274,3.8532715
3675,1022,3.850918
3675,3175,3.849527
3675,866,3.8278008
3675,2000,3.8075018
3675,3448,3.806538
3675,2109,3.7982762
3675,1958,3.7830508
3675,1500,3.7777138
3675,2919,3.7281957
3675,2779,3.702261
3675,3256,3.7018704
3675,1965,3.692604
3675,2087,3.6900632
3675,1994,3.6890187
3675,1125,3.668491
3675,2916,3.656055
3675,1343,3.6545973
3675,21,3.6497986
3675,3812,3.6390047
3675,3538,3.6389723
3675,2915,3.577661
3675,2671,3.5723286
3675,3174,3.5359528
3675,3261,3.525331
3675,224,3.4743261
3675,367,3.4678276
3675,1883,3.4619923
3675,235,3.4395592
3675,3776,3.4231763
3675,2089,3.4068294
3675,1907,3.4066515
3675,500,3.404508
3675,2003,3.3942468
3675,2102,3.3846395
3675,22,3.3492937
3675,2747,3.3288574
3675,2657,3.3008742
3675,2193,3.2943678
3675,3506,3.2926826
3675,2033,3.220151
3675,1194,3.2065828
3675,1645,3.1927142
3675,513,3.1661897
3675,1009,3.135587
3675,2195,3.1247568
3675,2378,3.1106071
3675,1513,3.103575
3675,2802,3.0671883
3675,2136,3.0580378
3675,2990,3.0396867
3675,2367,3.0166326
3675,1848,3.0101285
3675,1806,2.9718578
3675,1135,2.928471
3675,48,2.9282098
3675,569,2.9174452
3675,3764,2.9154258
3675,3600,2.8830872
3675,376,2.8332198
3675,3004,2.7184522
3675,2123,2.7148159
3675,275,2.5179
3675,1881,2.4130132
3675,153,2.404097
3675,1005,2.259081
3675,1381,1.7186044
327,1250,4.2189937
327,1212,4.209588
327,2186,4.1926637
327,2731,4.0982566
327,1252,4.0807333
327,3196,4.0760345
327,3629,4.072961
327,1196,4.0323496
327,3038,3.9663835
327,3789,3.9442785
327,1387,3.8741047
327,2010,3.848465
327,306,3.827797
327,1946,3.7789457
327,1941,3.7518415
327,3416,3.7186856
327,3098,3.69824
327,1394,3.6780128
327,2969,3.6709585
327,1964,3.6638227
327,3788,3.6503935
327,2018,3.6172252
327,509,3.5890396
327,1179,3.587088
327,1912,3.5140882
327,929,3.5125444
327,3894,3.3277252
4876,2858,4.322
4876,32,4.0133805
4876,650,3.490499
4876,2013,3.4175262
5433,527,4.0860424
5433,1288,3.7856336
5433,1361,3.745425
5433,2692,3.7425675
5433,1208,3.717495
5433,2202,3.617867
5433,1090,3.4689076
5433,1219,3.4665265
5433,2872,3.4113283
5433,1019,3.4074907
5433,34,3.388801
5433,3546,3.3756971
5433,671,3.3710766
5433,1374,3.3484786
5433,3418,3.3285904
5433,1079,3.294548
5433,147,3.2692466
5433,2915,3.2672098
5433,1392,3.2266045
5433,1372,3.1756456
5433,2470,3.1631548
5433,2278,3.1610923
5433,3424,3.1431336
5433,2529,3.1297455
5433,3300,3.1055603
5433,1959,3.0955367
5433,3186,3.085124
5433,112,3.0716698
5433,3046,3.0677066
5433,2665,3.0571456
5433,2407,3.0525885
5433,3020,3.041141
5433,861,3.0364873
5433,2076,3.025516
5433,1370,3.0213156
5433,235,3.0207844
5433,1129,3.0065165
5433,2463,3.0000472
5433,586,2.9871302
5433,1081,2.981606
5433,2346,2.954593
5433,1589,2.940493
5433,1061,2.9319541
5433,372,2.920323
5433,2021,2.911969
5433,1958,2.8923726
5433,998,2.8865542
5433,3858,2.862656
5433,1687,2.8363972
5433,3698,2.8299594
5433,2723,2.7188778
5433,2699,2.6955585
5433,2012,2.6828215
5433,512,2.6601655
5433,2735,2.6585062
5433,1586,2.5537636
5433,1665,2.487851
5433,2574,2.2461061
5433,1779,2.2367418
5433,3697,2.186121
5433,2408,2.1196766
5433,2456,2.0881267
5433,3631,2.0645432
5433,2827,1.970871
5433,2053,1.900133
5433,76,1.8565462
5433,2986,1.8348738
5433,1503,1.6171557
5433,1972,1.607579
5433,3439,1.5528944
5433,1862,1.5460902
5433,1839,1.4154501
5433,2655,1.3517783
624,1207,4.421251
624,2019,4.365422
624,1252,4.243664
624,1250,4.2398753
624,930,4.198245
624,923,4.18765
624,1136,4.180645
624,110,4.1795278
624,296,4.1715693
624,1266,4.1240487
624,2330,4.122824
624,1090,4.090198
624,2692,4.076108
624,1200,4.0335574
624,2396,4.030826
624,1089,4.0278807
624,924,3.9890826
624,2248,3.979229
624,2966,3.9726648
624,1201,3.9451907
624,2918,3.937758
624,2921,3.8470173
624,2791,3.830915
624,1103,3.764776
624,2890,3.7610154
624,3416,3.7608862
624,3916,3.7321403
624,3526,3.7300282
624,1183,3.5439916
624,2311,3.432181
624,1859,3.4185317
624,3865,3.3397148
624,3684,3.2680488
624,848,3.1749783
624,377,3.1685772
624,2384,3.1263056
624,1370,3.022496
624,1378,2.9876814
624,3308,2.8674886
624,3798,2.8481429
624,788,2.6966608
4434,1077,4.0381193
4434,2000,3.8987756
4434,194,3.8175561
4434,3844,3.805479
4434,2413,3.6514058
4434,1587,3.615032
2035,296,4.077676
2035,2863,3.895569
2035,1073,3.7584062
2035,3793,3.725453
2035,2291,3.6560085
2035,2857,3.6168022
2035,2700,3.5902817
2035,477,3.5649195
2035,2245,3.4580708
2035,367,3.391668
2035,3791,3.256835
2035,2877,3.2440515
2035,2628,3.1595817
2035,2717,3.115686
2035,3,3.0796657
2035,2123,2.7521589
2035,1831,2.2921271
5759,1250,4.4496803
5759,3429,4.363371
5759,1956,4.206828
5759,2997,4.202576
5759,17,4.135748
5759,1230,4.133805
5759,1199,4.1170673
5759,293,4.0909266
5759,497,4.0785217
5759,943,4.0691695
5759,232,4.0567894
5759,1674,4.0514374
5759,1210,4.0226517
5759,1610,4.0114017
5759,1175,3.9904182
5759,1923,3.9836378
5759,3079,3.96112
5759,2160,3.9322536
5759,948,3.9016502
5759,440,3.8680923
5759,1466,3.8430142
5759,1729,3.8175542
5759,125,3.805591
5759,492,3.798791
5759,1680,3.7888002
5759,3060,3.7784138
5759,3100,3.7661824
5759,1912,3.7289753
5759,1527,3.7174435
5759,1907,3.7162488
5759,1396,3.7148573
5759,1268,3.5926723
5759,141,3.5913801
5759,2407,3.5003293
5759,861,3.419965
5759,2759,3.3206787
5759,605,3.2694864
5759,3145,3.2689695
5759,2628,3.1874168
5759,780,3.1307836
5759,2405,2.9949067
5759,2435,2.983168
5759,2012,2.9698386
5759,996,2.8337405
5759,423,2.7706194
5759,44,2.6919708
5759,516,2.6897721
5759,2417,2.6893392
5759,196,2.61666
5759,2699,2.5518134
5759,544,2.3570395
5759,195,2.2177267
5282,1307,4.262464
5282,2396,4.2075334
5282,1,4.18218
5282,1175,4.0820026
5282,3006,4.0503545
5282,497,4.0354614
5282,2248,3.989112
5282,3451,3.948683
5282,1028,3.918166
5282,2137,3.8947608
5282,3396,3.879056
5282,2018,3.8742766
5282,2295,3.8686604
5282,596,3.8401308
5282,1029,3.7259498
5282,2687,3.7069185
5282,2712,3.3920283
5282,3555,3.3862472
5282,3591,3.3783789
5282,372,3.230957
5282,2033,3.0674257
5282,2014,2.9439044
5282,1895,2.8701446
5282,1367,2.5511212
5282,410,2.5221877
5282,2088,2.3615794
5282,1021,2.1299448
5282,2559,1.7147934
5282,1011,1.7093103
5282,2335,1.6964886
3842,1252,4.6038065
3842,1225,4.4975567
3842,296,4.482958
3842,1617,4.414957
3842,1136,4.3864107
3842,1206,4.3568273
3842,2028,4.2596292
3842,1942,4.2504106
3842,933,4.2282
3842,1097,4.224783
3842,3334,4.1839943
3842,3168,4.116856
3842,1294,4.0782576
3842,3200,4.065711
3842,1641,4.0290046
3842,1885,4.015504
3842,932,3.9782648
3842,2664,3.9696155
3842,515,3.9475718
3842,2243,3.9466016
3842,1220,3.9294064
3842,1694,3.9080846
3842,1397,3.882845
3842,1414,3.8266191
3842,968,3.816343
3842,1587,3.8110342
3842,2288,3.8028922
3842,2371,3.7497034
3842,997,3.738999
3842,2463,3.713293
3842,3176,3.706063
3842,1345,3.6952069
3842,1350,3.6602645
3842,1747,3.6409273
3842,2074,3.6201384
3842,2331,3.617667
3842,2134,3.6149533
3842,2915,3.6048265
3842,1441,3.5766404
3842,2550,3.5653708
3842,1464,3.5490491
3842,1405,3.4888299
3842,2622,3.4672499
3842,1589,3.448514
3842,2875,3.3557034
3842,2553,3.3477726
3842,2,3.3225727
3842,3099,3.3133569
3842,735,3.3079612
3842,2496,3.2818317
3842,2440,3.1723807
3842,188,3.16504
3842,1609,2.8420143
3842,3693,2.790449
3842,432,2.769587
3842,2513,2.7347147
3842,2884,2.5103915
3842,2817,1.3268507
1943,720,4.485794
1943,1212,4.4835057
1943,1208,4.44681
1943,1136,4.343486
1943,926,4.3036737
1943,1963,4.2959657
1943,556,4.179014
1943,2788,4.146455
1943,34,4.137206
1943,1188,4.1265717
1943,994,4.1202207
1943,800,4.1112027
1943,3396,4.0889106
1943,1594,4.085451
1943,1923,4.065047
1943,1333,4.0410604
1943,628,4.0348434
1943,2323,4.0277424
1943,2071,4.018407
1943,1834,4.0156054
1943,1321,4.0148277
1943,1682,4.0039177
1943,1220,3.9929495
1943,3129,3.9654353
1943,741,3.9567327
1943,627,3.9217153
1943,3526,3.9104407
1943,3952,3.9087539
1943,3872,3.8980627
1943,206,3.8924406
1943,2529,3.8478231
1943,1407,3.8431368
1943,2085,3.8344991
1943,69,3.8298998
1943,341,3.8117576
1943,2671,3.7897031
1943,3267,3.7697897
1943,802,3.7516239
1943,610,3.7423682
1943,2539,3.7335825
1943,2291,3.730399
1943,3495,3.676883
1943,1425,3.6261742
1943,3398,3.6119108
1943,3809,3.5924368
1943,1476,3.5730486
1943,3450,3.5525646
1943,500,3.547457
1943,3865,3.547294
1943,2683,3.483179
1943,1385,3.4659047
1943,799,3.4463887
1943,2145,3.4236689
1943,2622,3.4066954
1943,3020,3.345026
1943,1458,3.3241336
1943,532,3.283609
1943,365,3.2704334
1943,1541,3.2454727
1943,2,3.158917
1943,2722,3.1440856
1943,2060,3.1236105
1943,3247,3.0548215
1943,1377,3.0016794
1943,1405,2.990552
1943,512,2.9104338
1943,88,2.8257751
1943,2532,2.7916884
1943,410,2.6868439
1943,2169,2.6822596
1943,813,2.6166203
1943,2953,2.3764203
1943,3248,2.0670578
1943,880,2.031729
1943,3768,1.8871939
1943,192,1.8027579
1943,833,1.6884582
5372,3543,4.1568785
5372,223,4.0770183
1988,858,4.4779806
1988,1945,4.41241
1988,1172,4.151759
1988,3949,4.1143217
1988,924,4.0763373
1988,914,4.0312066
1988,1090,4.013686
1988,363,4.0056534
1988,1077,3.9513736
1988,1175,3.9238803
1988,223,3.8960197
1988,3751,3.89423
1988,3548,3.8744535
1988,2289,3.871807
1988,2944,3.8710675
1988,265,3.8324468
1988,36,3.8145928
1988,562,3.7851074
1988,959,3.7752097
1988,1466,3.7742252
1988,16,3.743608
1988,440,3.7376342
1988,2312,3.7276158
1988,3632,3.7268429
1988,3546,3.7165208
1988,2390,3.7108674
1988,2757,3.677893
1988,1663,3.6607504
1988,3244,3.6489835
1988,1951,3.6348484
1988,2029,3.6256313
1988,3252,3.5597064
1988,2348,3.5594428
1988,2018,3.5348492
1988,3536,3.4933333
1988,21,3.4900875
1988,3559,3.4780455
1988,322,3.4095335
1988,587,3.2235982
1988,2455,3.2093387
1988,2657,3.188373
1988,1485,3.183745
1988,1031,3.1766632
1988,3712,3.0762343
1988,2496,2.8357008
1988,1088,2.7431328
1988,2641,2.6582854
1988,236,2.6247594
1988,1409,2.5886128
1988,2942,2.5245051
1988,3725,2.5189352
1988,415,2.0431395
340,904,4.0285587
340,1197,3.9008613
340,933,3.703116
340,150,3.7031069
340,595,3.6100821
340,2662,3.5564992
340,2644,3.475397
340,1968,3.4065137
340,2087,3.3317173
340,1321,3.309494
4397,2762,4.6124353
4397,2959,4.309731
4397,2599,4.204021
4397,2395,4.1320467
4397,2700,4.0454755
4397,3175,4.002431
4397,2490,3.798143
4397,785,3.7443283
4397,2759,3.6386192
4397,2826,3.512106
4397,1513,3.3042932
4397,2805,3.1131325
2318,1214,3.475405
2318,1225,3.4050343
2318,3363,3.223192
2318,926,3.2027242
2318,1608,3.0942135
2318,1251,2.939039
2318,1459,2.8209
2318,2792,2.670766
2318,3648,2.0773852
2318,19,2.073641
2318,1499,1.3401695
1667,50,4.4252124
1667,3196,4.0958652
1667,1927,4.082244
1667,3334,4.0674734
1667,3467,4.007279
1667,2947,3.9462433
1667,2951,3.8373554
1667,3836,3.8018634
1667,3093,3.7351336
1667,2764,3.7096941
1667,2922,3.7062473
1667,3339,3.6874738
1667,161,3.6862125
1667,1580,3.6841455
1667,431,3.683413
1667,2529,3.681121
1667,897,3.656355
1667,733,3.654074
1667,3624,3.6058455
1667,2490,3.5987084
1667,480,3.594536
1667,253,3.5295339
1667,3081,3.5184724
1667,3020,3.5115538
1667,2278,3.5115304
1667,2896,3.457438
1667,3029,3.4449873
1667,2376,3.4166858
1667,1479,3.350787
1667,3585,3.3391824
1667,3740,3.3037868
1667,2524,3.251855
1667,168,3.243751
1667,533,3.2146723
1667,2478,3.2127213
1667,3705,3.1139984
1667,1488,3.037178
1667,1676,2.9409523
1667,2126,2.7924404
1667,160,2.63745
1667,2373,2.584056
1667,1562,2.5549712
1667,2701,2.2414722
2934,1203,3.8933883
2934,923,3.878646
2934,2028,3.7590184
2934,1387,3.6994612
2934,940,3.6467218
2934,1394,3.6153102
2934,1610,3.6107326
2934,2336,3.5844002
2934,1271,3.5708861
2934,17,3.5381417
2934,1967,3.5358038
2934,110,3.480699
2934,3471,3.472902
2934,1777,3.47047
2934,2355,3.4639983
2934,3098,3.43542
2934,1584,3.4117846
2934,1097,3.3979955
2934,272,3.394143
2934,1633,3.3638115
2934,2633,3.3572652
2934,3020,3.3379774
2934,736,3.3356833
2934,2605,3.3315463
2934,3528,3.317886
2934,2490,3.3057594
2934,2193,3.2874775
2934,3478,3.284677
2934,207,3.2825332
2934,1876,3.2801375
2934,1416,3.2728271
2934,3399,3.271348
2934,917,3.2559776
2934,2291,3.2543135
2934,316,3.2455008
2934,1713,3.2441134
2934,3270,3.233552
2934,1848,3.2123775
2934,1653,3.210802
2934,2003,3.1843991
2934,2017,3.1753767
2934,2524,3.1475022
2934,146,3.1310387
2934,224,3.129013
2934,609,3.1244454
2934,2,3.1211834
2934,185,3.118616
2934,1597,3.1152916
2934,365,3.1105318
2934,653,3.0900693
2934,2124,3.0789247
2934,208,3.0664628
2934,2722,3.0275106
2934,3157,3.0175378
2934,2385,3.016504
2934,2535,3.008937
2934,2694,2.9715395
2934,1747,2.96177
2934,460,2.8854184
2934,2036,2.8554575
2934,1590,2.8108594
2934,1391,2.7404811
3518,50,4.6328716
3518,2324,4.4225087
3518,296,4.348459
3518,1220,4.115843
3518,497,4.092478
3518,1259,4.0903516
3518,3039,3.9585435
3518,247,3.9291813
3518,3052,3.9137478
3518,2139,3.9127898
3518,2857,3.895917
3518,3476,3.882217
3518,3851,3.881386
3518,2078,3.8599997
3518,300,3.8537319
3518,1967,3.7946994
3518,2085,3.7893496
3518,1639,3.7692657
3518,147,3.7166314
3518,7,3.6912572
3518,461,3.6806405
3518,465,3.6529703
3518,2003,3.584715
3518,170,3.5831602
3518,2985,3.5799932
3518,3262,3.5636854
3518,3882,3.555717
3518,347,3.553979
3518,2605,3.5245516
3518,1088,3.5211902
3518,570,3.501761
3518,2598,3.4520512
3518,3254,3.4299579
3518,2369,3.4172843
3518,3051,3.3044724
3518,566,3.292015
3518,1126,2.9410245
3518,173,2.7488084
3518,2953,2.4840136
765,2571,4.2330847
765,593,4.1661396
765,3114,4.004691
765,1291,3.955762
765,1294,3.9543047
765,1275,3.8926806
765,590,3.8597534
765,1213,3.8505454
765,587,3.8261554
765,3702,3.7652094
765,2005,3.7344127
765,2915,3.6902618
765,515,3.689362
765,780,3.6580808
765,3386,3.6301408
765,3763,3.6052396
765,1909,3.5375626
765,3477,3.526516
765,21,3.5206254
765,3927,3.5186481
765,1215,3.4966068
765,2664,3.4947925
765,1088,3.4867122
765,2133,3.4762802
765,3591,3.447156
765,2413,3.431932
765,952,3.4222791
765,2105,3.4028764
765,367,3.3796093
765,2640,3.3427134
765,513,3.3318257
765,2968,3.3180296
765,2378,3.2940564
765,2321,3.2770638
765,2421,3.1687458
765,303,3.0098224
765,737,2.645193
1271,556,4.9765368
1271,3061,4.70796
1271,2677,4.661946
1271,1028,4.6408715
1271,508,4.616573
1271,2352,4.551282
1271,1912,4.5173845
1271,838,4.5114894
1271,3175,4.3740816
1271,2294,4.3387327
1271,2759,3.9798682
1271,1721,3.8822725
1271,2424,3.833085
1271,48,3.7488217
1271,158,3.6132693
5528,1172,4.5352182
5528,1244,4.4378514
5337,150,4.583805
5337,3072,4.4098635
5337,364,4.329785
5337,2096,4.3196573
5337,2144,4.243467
5337,3685,4.181545
5337,3253,4.1705184
5337,514,4.107237
5337,3036,4.058152
5337,1654,3.9842806
5337,1027,3.9657476
5337,2105,3.9399154
5337,1566,3.8729422
5337,421,3.864952
5337,1373,3.6607177
2483,904,4.4908023
2483,3362,4.088533
2483,971,4.0776186
2483,3516,3.8420234
2483,3375,3.186738
3319,3811,3.6737952
3319,3152,3.5878294
3319,2745,3.4960802
3319,1185,3.484029
3319,2312,3.4672666
3319,1955,3.4289806
3319,3870,3.3913794
3319,3068,3.2768993
3319,1959,3.1433716
3319,2348,3.1358352
3319,2988,3.1002207
3319,2345,2.9192762
3319,2738,2.7182717
3319,3449,2.619345
591,318,4.5326996
591,111,4.2210174
591,1203,4.1556635
591,1617,4.143422
591,1225,4.134491
591,928,4.1284485
591,1254,4.1080055
591,1304,3.9750767
591,1354,3.871496
591,3079,3.7880945
591,3006,3.722921
591,34,3.6662023
591,3176,3.3782933
591,902,3.2734327
591,1693,3.24579
591,3105,3.0150847
591,3169,2.9498036
591,1958,2.772405
591,1092,2.2774222
591,454,2.0283709
5900,924,3.7762694
5900,1096,3.5359824
5900,3504,3.5254066
5900,1639,3.4126284
5900,215,3.4113498
5900,3246,3.2825365
5900,2071,3.2354925
5900,1190,3.1040304
5900,14,2.938343
5900,2929,2.933157
5900,2712,2.7183197
5900,1586,2.1433325
22,1198,4.1853514
22,1247,3.921132
22,1080,3.6699986
22,589,3.6083202
22,1215,3.5122454
22,2302,3.47406
22,3868,3.463315
22,454,3.3490586
22,3160,3.3239691
22,2011,3.2936544
22,1347,3.2262883
22,1485,3.2047274
22,39,3.1718616
22,2141,3.157097
22,2423,3.1141956
22,1883,3.0760028
22,3176,3.0454378
22,81,3.045086
22,1799,2.9976635
22,586,2.9931278
22,1673,2.989504
22,1429,2.956602
22,2046,2.879311
22,3535,2.8678086
22,1552,2.7993321
22,1991,2.7831202
22,2413,2.674565
22,1037,2.65925
22,1091,2.6040852
22,370,2.4581993
22,2054,2.4113376
22,485,2.2112498
22,1882,1.7880316
22,2265,1.7007196
5286,2019,4.6957855
5286,1197,4.5450993
5286,1269,4.387534
5286,2788,4.3002386
5286,3424,4.0746374
5286,34,4.0284805
5286,2238,3.971299
5286,1663,3.949901
5286,2239,3.9346392
5286,2690,3.9182277
5286,3685,3.7811985
5286,2671,3.7074065
5286,2407,3.6279306
5286,2155,3.609847
5286,1777,3.4480536
1342,110,4.1082735
1342,589,4.045536
1342,1610,3.880209
1342,474,3.8164387
1342,3476,3.6196609
1342,1047,3.530755
1342,1645,3.488645
1342,3081,3.4651895
1342,799,3.4221654
1342,1320,3.0375602
1342,328,2.9061356
1342,3709,1.8386217
1342,3661,1.6885166
3010,589,3.8698616
3010,1274,3.8508077
3010,3702,3.361007
3010,3698,3.2152958
3010,338,2.9759996
3010,442,2.8287735
2070,1704,4.869556
2070,457,4.853506
2070,3916,4.6979623
2070,1265,4.6417446
2070,3418,4.429779
2070,3952,4.358922
2070,2278,4.309746
2070,2628,3.652534
1190,527,4.760947
1190,3175,4.0385385
1190,2100,3.739266
2697,1304,4.8923984
2697,3952,4.475562
2697,2707,4.2478
3226,926,4.6989765
3226,912,4.6867533
3226,969,4.655081
3226,951,4.5622115
3226,608,4.538984
3226,246,4.5284634
3226,3462,4.528384
3226,1288,4.401873
3226,2788,4.380991
3226,2973,4.3157043
3226,3424,4.271299
3226,3735,4.2620487
3226,2303,4.2147226
3226,1270,4.185321
3226,3361,4.136538
3226,25,4.0116453
3226,3755,3.5029616
3402,908,4.236125
3402,1204,4.2175207
3402,1272,4.110029
3402,608,4.084368
3402,919,4.0282636
3402,541,4.0039616
3402,2300,3.994859
3402,111,3.981534
3402,2067,3.9679155
3402,1219,3.9573898
3402,994,3.9405048
3402,1952,3.9242806
3402,800,3.9047701
3402,924,3.8488245
3402,1222,3.8468547
3402,595,3.8320842
3402,589,3.8252156
3402,1175,3.7895823
3402,2010,3.7866952
3402,3742,3.754727
3402,1073,3.648124
3402,1957,3.6370564
3402,2750,3.5459948
3402,935,3.5423665
3402,837,3.4643564
3402,1179,3.4603398
3402,3559,3.4300394
3402,1186,3.3363752
3402,2797,3.277984
3402,2247,3.1514742
3402,3676,3.1116037
4835,1089,4.168364
4835,589,4.0345635
4835,3044,3.9857388
4835,32,3.9737797
4835,2115,3.7913888
4835,3703,3.6741307
4835,3702,3.646246
4835,3476,3.613499
4835,1589,3.439259
4835,3706,3.3845956
4835,3701,3.3546968
4835,257,3.2100844
4835,3752,3.05127
4471,903,4.2177176
4471,2858,4.214384
4471,1219,4.155551
4471,1230,4.0888653
4471,1449,4.0410976
4471,3751,3.823203
4471,2890,3.7051246
4471,97,3.6931808
4471,3060,3.6814542
4471,2395,3.6712594
4471,3499,3.6157846
4471,3125,3.4407876
4471,2144,3.4154625
4471,2301,3.2782297
4471,2407,3.2467406
4471,3174,3.2294579
4471,1777,3.135454
4471,2134,3.0491326
4471,2478,2.5635881
3970,593,3.9295826
3970,3897,3.8815427
3970,678,3.868703
3970,1036,3.8030105
3970,1997,3.6532242
3970,480,3.4842608
3970,104,3.4697866
3970,524,3.4642777
3970,1641,3.4228287
3970,1333,3.3911626
3970,3948,3.3832283
3970,2916,3.3522391
3970,1805,3.293394
3970,2707,3.2650137
3970,1676,3.1773028
3970,3274,3.1588814
3970,3247,3.146262
3970,3882,3.1243455
3970,2890,3.0959148
3970,1079,3.0531144
3970,216,2.8430586
3970,196,2.5936198
1136,50,4.2503004
1136,608,3.9641204
1136,1358,3.8900151
1136,1625,3.6257768
1136,474,3.562358
1136,2463,2.897908
5841,745,4.9014254
5841,50,4.8171782
5841,903,4.705412
5841,1,4.508013
5841,1296,4.4922066
5841,246,4.467079
5841,3006,4.4609375
5841,2677,4.3913765
5841,2918,4.365431
5841,838,4.343643
5841,2000,4.299056
5841,3783,4.293766
5841,3357,4.185048
5841,1680,4.18233
5841,373,4.173002
5841,2395,4.161416
5841,1962,4.1598654
5841,2081,4.154767
5841,2302,4.1427035
5841,2750,4.116543
5841,348,4.08286
5841,141,4.072752
5841,2436,4.039242
5841,2987,4.014074
5841,380,3.961823
5841,2916,3.8666956
5841,2085,3.85932
5841,500,3.750846
5841,2100,3.5776281
5841,586,3.3250675
5841,3528,3.1368673
5841,2369,2.7048807
4210,1193,4.719441
4210,1196,4.624927
4210,1270,4.331886
4210,1584,4.318017
4210,1127,4.1290755
4210,480,4.1232715
4210,1748,4.0871177
4210,2021,3.9037762
4210,1676,3.8318357
4210,3699,3.8053834
4210,2613,3.6750314
4210,2054,3.615107
4210,1598,3.610757
4210,3704,3.568965
4210,172,3.3842392
4210,1690,3.3782806
4210,1590,3.197612
4210,3354,3.0011902
4210,2053,2.6559842
4956,858,4.614875
4956,1221,4.496765
4956,1200,4.311785
4956,1304,4.290477
4956,1235,4.2661104
4956,1201,4.253628
4956,1263,4.245536
4956,1249,4.1649265
4956,2020,4.139343
4956,2644,4.0627623
4956,356,4.0451474
4956,1282,4.0379696
4956,1957,4.0174685
4956,1610,4.003571
4956,3061,3.984519
4956,357,3.9592044
4956,3361,3.9422455
4956,948,3.927037
4956,2078,3.9031498
4956,2076,3.8817892
4956,2150,3.8580005
4956,21,3.7384286
4956,2779,3.7269595
4956,1608,3.532177
4956,780,3.4204333
4956,2157,3.3413873
4956,2942,3.2270417
4956,1191,3.054914
4956,1391,3.0196664
4956,2269,2.7804265
4956,2369,2.691959
4956,674,2.3808064
4956,1772,2.1405978
4956,3130,1.9482558
4870,1284,4.2863574
4870,1208,4.2272787
4870,1233,4.221522
4870,3683,4.177784
4870,2973,4.074295
4870,150,4.0654993
4870,162,4.0521784
4870,2791,3.935379
4870,2243,3.8539019
4870,154,3.810391
4870,39,3.6831896
4870,222,3.6154644
4870,155,3.5506816
4870,1459,3.477038
4870,105,3.299296
1244,527,4.7675834
1244,2028,4.6467476
1244,1213,4.622147
1244,1196,4.5934663
1244,1228,4.5214643
1244,1288,4.4961166
1244,1242,4.4135933
1244,1244,4.358033
1244,32,4.254196
1244,3317,4.248247
1244,2599,4.23461
1244,34,4.2250433
1244,247,4.1623945
1244,357,4.1418924
1244,3328,4.1128726
1244,348,4.0651083
1244,1183,4.0381627
1244,471,4.00416
1244,509,3.9934025
1244,551,3.9879115
1244,3510,3.930709
1244,3175,3.9178858
1244,524,3.829932
1244,1535,3.716993
1244,1042,3.6589289
1244,3809,3.646722
1244,3082,3.6024623
1244,3827,3.5697656
1244,3614,3.4007597
1244,2167,3.34219
1244,329,3.3201175
1244,2393,3.173848
1244,585,2.9504511
1244,316,2.909156
1244,3717,2.8280835
1244,476,2.8195198
1244,511,2.7579768
1244,1552,2.753273
1244,1769,2.7511435
1244,3,2.637057
1244,2367,2.636303
1244,998,2.6036832
1244,3937,2.561141
1244,2126,2.1997414
1244,420,2.1564975
1244,20,2.1147928
1244,445,2.0828485
1244,3438,1.9920838
1244,3208,1.9772408
1244,44,1.9604876
1244,2568,1.7663019
1244,3705,1.546501
1244,546,1.5060655
1244,2815,1.4348181
1244,2816,1.3084731
536,1196,4.56452
536,1036,4.482833
536,3543,4.1480436
536,1340,4.0781465
536,968,4.0656486
536,1376,4.0626054
536,2288,3.9335105
536,3476,3.9185016
536,1345,3.8780615
536,3213,3.868506
536,2048,3.8417156
536,3576,3.7918086
536,2457,3.669169
536,783,3.5329587
536,1353,3.297232
536,709,3.189643
1718,1358,4.7155952
1718,3897,4.695005
1718,2791,4.4971
1718,2268,4.4867353
1718,3201,4.469558
1718,2405,3.322577
1718,2598,3.2122955
360,2501,4.0666876
360,2366,3.6286235
360,2628,3.5150619
360,1372,3.4546602
927,293,3.877458
927,2406,3.5650814
927,69,3.484699
927,514,3.4467514
927,3108,3.4462228
927,500,3.435927
927,2431,3.3974566
927,1485,3.3901362
927,2683,3.359615
927,266,3.2888153
927,342,3.2693946
927,353,3.258926
927,3752,3.1387799
927,344,3.130332
927,1390,3.0860486
927,3617,2.976115
927,1167,2.9678793
927,3324,2.8454614
927,516,2.8163807
927,1703,2.746541
927,1550,2.6888208
927,2884,2.6794293
927,1839,2.1625252
1694,2019,4.563032
1694,1252,4.4085703
1694,2186,4.322672
1694,1223,4.271865
1694,1217,4.253437
1694,1218,4.22755
1694,1300,4.2160883
1694,3091,4.1825137
1694,1240,4.1397786
1694,3265,4.1083755
1694,1259,4.058364
1694,101,4.0430474
1694,2944,4.0058374
1694,2395,3.9727254
1694,555,3.924562
1694,2795,3.9067695
1694,3703,3.8562021
1694,1907,3.8514237
1694,2700,3.8399246
1694,2529,3.8132815
1694,1374,3.8042142
1694,1047,3.8032126
1694,2406,3.7242718
1694,1464,3.7027068
1694,2062,3.679641
1694,2155,3.6730158
1694,3544,3.6667178
1694,180,3.628437
1694,1917,3.6248417
1694,3197,3.61125
1694,1711,3.5965483
1694,2879,3.565497
1694,1587,3.5148478
1694,367,3.5103168
1694,2582,3.4613523
1694,2517,3.2508926
1694,2195,3.0884519
1694,414,2.9612646
1694,1007,2.8040502
8,296,4.5581527
8,1411,4.2575684
8,555,4.1472254
8,1277,4.1362276
8,1466,4.0794263
8,1678,4.063841
8,337,4.05404
8,1393,3.935062
8,524,3.8239124
8,1711,3.7930696
8,24,3.349634
4633,1580,4.250039
4633,3751,4.1693497
4633,1907,4.1196475
4633,586,3.916038
4633,1806,3.8659883
4633,2533,3.850192
4633,2429,3.8480911
4633,158,3.7816186
5693,923,3.8578653
5693,1284,3.6511073
5693,2920,3.373396
5693,1230,3.34157
5693,3418,3.0457458
5693,3163,3.0269759
4717,1234,4.3528175
4717,1278,4.1763406
4717,3359,4.112678
4717,3671,4.109004
4717,111,4.0851073
4717,1625,3.9976296
4717,1092,3.82863
4717,350,3.6641886
4717,1366,3.6334295
4717,952,3.6024864
3372,910,4.662519
3372,2184,4.022462
3372,1645,3.863917
3372,3845,3.6199086
1000,858,4.682276
1000,1299,4.501905
1000,2804,4.4091115
1000,1287,4.2879915
1000,1210,4.175121
1000,595,4.123309
1000,1220,4.062274
1000,3068,3.970206
1000,596,3.9622808
1000,3418,3.8966608
1000,2529,3.8878844
1000,592,3.7141829
2246,260,4.3337536
2246,2324,4.077785
2246,3468,4.0698147
2246,1293,4.056426
2246,1263,4.013874
2246,2028,3.9919176
2246,293,3.9513795
2246,47,3.8906226
2246,6,3.7951822
2246,3836,3.7668552
2246,3198,3.6969771
2246,2391,3.6191988
2246,3793,3.4931822
2246,1356,3.411936
2246,2278,3.3389306
2246,3527,3.2673469
2246,380,3.0692878
2246,3055,2.9407132
1925,50,4.4846783
1925,1212,4.4383283
1925,1262,4.366515
1925,1250,4.3382664
1925,1272,4.32774
1925,913,4.3025327
1925,2762,4.279828
1925,1233,4.273232
1925,2692,4.210774
1925,111,4.1851006
1925,1199,4.1330957
1925,293,4.043162
1925,1209,4.0348463
1925,2819,4.010742
1925,1175,3.9860353
1925,2983,3.9115965
1925,2890,3.862822
1925,2662,3.831026
1925,1912,3.8080006
1925,1921,3.785571
1925,1466,3.713973
1925,2278,3.6490097
1925,480,3.448218
1925,2707,3.440835
1925,81,3.4358823
1925,1480,3.4231162
1925,2475,3.3723104
1925,3535,3.3160076
1833,745,4.3398433
1833,1089,3.9825592
1833,2997,3.9112477
1833,457,3.877153
1833,529,3.8385267
1833,1500,3.7023032
1833,428,3.6315625
1833,337,3.5964015
1833,2700,3.5391502
1833,2291,3.344561
1833,2427,3.2745545
1833,62,2.7952716
1833,70,2.600146
1833,2978,2.0567765
1199,318,4.476619
1199,1197,4.31007
1199,2571,4.2012734
1199,1147,4.1675005
1199,3408,3.8518815
1199,1500,3.847312
1199,474,3.8168447
1199,3163,3.7921712
1199,3713,3.7898982
1199,2716,3.7847939
1199,3526,3.725308
1199,2671,3.696277
1199,1356,3.6924853
1199,2687,3.6910586
1199,2000,3.6873682
1199,3255,3.650648
1199,43,3.5441523
1199,1810,3.540375
1199,1645,3.4959023
1199,2100,3.4604175
1199,1020,3.4061458
1199,605,3.2571013
5961,293,3.8882966
5961,1092,3.6655319
5961,11,3.6322303
5961,3175,3.6137576
5961,2108,3.584838
5961,21,3.520837
5961,3476,3.3921478
5961,2291,3.388571
5961,2707,3.3697948
5961,1580,3.3498871
5961,454,3.3161595
5961,2062,3.3150039
5961,229,3.2359142
5961,852,3.2232108
5961,1620,3.214081
5961,2600,3.1882744
5961,1047,3.1540613
5961,1754,3.1377697
5961,2605,3.091775
5961,1353,3.0387945
5961,2101,2.9605663
5961,2881,2.9100833
5961,1552,2.906176
5961,2822,2.8422503
5961,1792,2.6792617
5961,1463,2.655936
5961,1779,2.5801146
5961,1100,2.5499387
5961,168,2.4753377
5961,2805,2.4597926
5961,533,2.4397948
5961,1043,2.4076633
5961,3113,2.3853135
5961,2491,2.3439584
5961,2558,2.2344623
5961,554,2.0469885
5961,276,1.9317938
5961,1438,1.9296763
5961,2808,1.8880382
5961,160,1.821292
5961,2719,1.7078961
3756,318,4.8866286
3756,47,4.5273046
3756,508,4.344097
3756,1240,4.326363
3756,1923,4.3156896
3756,1968,4.2444344
3756,1784,4.206224
3756,3479,4.189293
3756,1215,4.15199
3756,2502,4.1463804
3756,223,4.1128726
3756,2161,4.095258
3756,2139,4.09017
3756,3615,4.0187035
3756,2321,3.9507544
3756,353,3.902598
3756,2490,3.8967898
3756,2539,3.8860939
3756,2478,3.8491898
3756,1378,3.8441663
3756,1517,3.8201144
3756,1008,3.816389
3756,2294,3.7978785
3756,1711,3.753158
3756,24,3.7357702
3756,3254,3.6318977
3756,410,3.5091636
3756,1091,3.4595566
3756,788,3.4468255
3756,256,3.3973684
3756,673,3.3478546
3756,1911,3.2375057
3756,355,3.0847554
3756,870,2.2903633
3146,2028,4.2353306
3146,1247,4.0560246
3146,2313,3.9414568
3146,1090,3.9032261
3146,1968,3.7267516
3146,3176,2.9949265
897,110,4.2173386
897,356,4.084387
897,2289,4.0122585
897,1784,3.9418626
897,1923,3.927207
897,1265,3.844192
897,1285,3.791483
897,2058,3.584302
897,2112,3.4808514
897,165,3.4141912
897,253,3.3759425
897,2985,3.2694879
897,1047,3.118071
897,383,3.0436676
897,2369,2.9683127
897,3316,1.9413267
4872,480,3.8830967
4872,3271,3.6356506
4872,2916,3.6285844
4872,500,3.5941916
4872,350,3.5046763
4872,2539,3.401307
4872,1064,2.9840565
1922,858,4.3262105
1922,745,4.277983
1922,2571,4.138854
1922,608,4.1139536
1922,2858,4.0612
1922,296,4.053526
1922,903,4.0501766
1922,1252,4.045709
1922,3897,4.0302825
1922,1288,3.9484718
1922,2973,3.9391072
1922,1834,3.8853528
1922,3481,3.8276782
1922,1089,3.8076417
1922,1285,3.7980282
1922,3044,3.7857523
1922,2160,3.7788787
1922,2137,3.7667408
1922,1035,3.7613385
1922,1732,3.7256298
1922,3210,3.6932514
1922,1994,3.6847343
1922,2349,3.6376472
1922,25,3.6331334
1922,2870,3.6291463
1922,2916,3.6215127
1922,3253,3.6051743
1922,2321,3.6042526
1922,2391,3.5800238
1922,454,3.5775666
1922,230,3.564948
1922,316,3.535213
1922,1183,3.5256274
1922,2344,3.4787526
1922,2025,3.4589376
1922,2600,3.4491055
1922,198,3.426373
1922,3450,3.408279
1922,1645,3.2915506
1922,3704,3.2885542
1922,70,3.2779872
1922,3033,3.2478962
1922,1883,3.2474678
1922,2110,3.2401056
1922,421,3.1640563
1922,2712,2.8475645
1922,2266,2.8470042
1922,1983,2.755883
1922,1590,2.664964
1922,1552,2.6367724
1922,1391,2.3301332
1922,3674,2.3079963
1922,2448,2.0392704
5676,260,4.381102
5676,745,4.315866
5676,2858,4.235144
5676,507,3.1887221
5676,156,2.9711704
5676,3213,2.9293892
5676,52,2.9090264
5676,2115,2.8096457
5676,663,2.7821908
5676,224,2.7736762
5676,3479,2.7112713
5676,2005,2.6796699
5676,339,2.643418
5676,2683,2.613631
5676,1376,2.5630612
5676,2249,2.2176888
5676,3264,2.1545115
5676,1367,1.9058295
5676,552,1.7174988
5676,1373,1.3769522
5274,2858,3.582849
5274,36,3.4558787
3260,2396,4.3194604
3260,110,4.2948685
3260,1226,4.217606
3260,1222,4.140148
3260,3160,4.045476
3260,1230,3.9837732
3260,3396,3.9587996
3260,1350,3.9478743
3260,1073,3.9016175
3260,1079,3.8519378
3260,2005,3.8037763
3260,1374,3.8029804
3260,1912,3.7612789
3260,2144,3.7474847
3260,2193,3.687075
3260,1378,3.560497
3260,2867,3.46654
3260,1985,1.8526486
5852,318,4.331025
5852,953,4.132464
5852,1197,4.0915504
5852,930,4.022153
5852,678,4.0095882
5852,1276,4.00543
5852,1211,3.9604423
5852,1947,3.8901732
5852,1222,3.844636
5852,800,3.8395875
5852,1961,3.8177063
5852,1084,3.7930627
5852,2966,3.7564528
5852,58,3.7009459
5852,3271,3.5562255
5852,2080,3.548043
5852,16,3.5450206
5852,3494,3.515056
5852,1094,3.514433
5852,2312,3.49749
5852,1729,3.4890833
5852,3108,3.4804468
5852,3448,3.3240266
5852,1183,3.3228574
5852,2916,3.2135084
5852,2272,3.173088
5852,3501,3.090811
5852,3217,2.9731855
5852,339,2.9573479
5852,3101,2.9090896
5852,252,2.7551372
5852,1777,2.7452807
5852,3605,2.6533067
5852,195,2.228044
3559,2324,4.948689
3559,1073,4.475147
3559,2987,4.2882023
3559,2891,4.284379
3559,1627,4.0514793
3559,3016,3.9835255
4654,912,4.5152063
4654,296,4.416439
4654,910,4.376013
4654,17,4.088376
4654,2970,3.9154663
4654,509,3.81638
2897,110,4.24086
2897,32,4.0492277
2897,2194,4.00777
2897,1215,3.8801122
2897,2657,3.1549525
2897,2699,2.7409759
2897,432,2.245132
2897,880,1.8270469
2263,1198,4.4559007
2263,924,4.074418
2263,1222,4.034761
2263,2997,4.001812
2263,1275,3.901595
2263,3072,3.8839588
2263,1220,3.8681116
2263,2193,3.7694578
2263,3793,3.7438116
2263,3546,3.7354808
2263,1958,3.7130282
2263,2021,3.6432505
2263,2,3.636903
2263,3555,3.6163256
2263,3686,3.6129432
2263,3219,3.610211
2263,2875,3.5820432
2263,543,3.5496173
2263,3255,3.5356767
2263,3534,3.466109
2263,3744,3.352761
2263,3457,3.3503387
2276,2028,4.8865585
2276,1221,4.832348
2276,593,4.78826
2276,2501,4.7468376
2276,1617,4.7314763
2276,3147,4.692742
2276,150,4.5489254
2276,3006,4.4903474
2276,428,4.47995
2276,2268,4.4639964
2276,373,4.436073
2276,1466,4.2426305
2276,2764,4.2310143
2276,3255,4.180507
2276,2291,3.9848902
2276,2985,3.9395013
2276,999,3.9241247
2276,3926,3.843042
2276,2586,3.452854
4375,593,4.748822
4375,2762,4.748411
4375,1222,4.5829616
4375,1,4.5767446
4375,2858,4.5409884
4375,1220,4.511487
4375,590,4.473915
4375,2944,4.4651823
4375,1266,4.458073
4375,2922,4.4469905
4375,440,4.4136295
4375,1982,4.397073
4375,3448,4.362364
4375,3499,4.3360863
4375,2423,4.3290253
4375,454,4.325241
4375,524,4.306555
4375,1552,4.2679653
4375,2236,4.2474775
4375,2915,4.2103634
4375,367,4.1718626
4375,551,4.138479
4375,408,4.124981
4375,2976,4.064233
4375,1694,4.0245156
4375,3218,4.0234823
4375,2717,3.9967427
4375,1747,3.9942272
4375,3660,3.9852662
4375,3693,3.9704359
4375,378,3.9408383
4375,516,3.9033084
4375,429,3.8971143
4375,2054,3.8719146
4375,1833,3.8589377
4375,267,3.8339748
4375,193,3.7312157
4375,2381,3.661398
4375,2088,3.6318305
3283,741,4.482478
3283,2788,4.434574
3283,2797,4.358248
3283,1097,4.3143625
3283,2791,4.283922
3283,2289,4.279342
3283,1285,4.1446285
3283,2085,3.8446069
3283,2916,3.8206027
3283,1375,3.790421
3283,2193,3.777923
3283,2527,3.775464
3283,1129,3.5402892
3283,3704,3.4413173
3283,1371,3.3550873
3283,2455,3.221616
3283,1367,3.0650635
3283,2,3.0548854
3283,1320,2.5891209
3283,327,2.3404725
3283,172,2.3086383
3283,1779,2.222577
3283,2408,2.0518322
3283,66,1.0492793
932,296,4.9399576
932,2353,4.308044
932,1620,3.589892
5671,296,4.855652
5671,1234,4.801843
5671,593,4.781434
5671,1674,4.713091
5671,1394,4.6124325
5671,1954,4.5406923
5671,3105,4.495491
5671,1968,4.4037833
5671,222,4.327345
5671,342,4.2923174
5671,1500,4.283245
5671,381,4.041001
2338,2762,4.5559177
2338,1196,4.339016
2338,3504,4.1151247
2338,2932,4.0995693
2338,3471,4.093685
2338,1960,4.093174
2338,1259,4.090343
2338,1097,4.083111
2338,2948,4.0261993
2338,3668,4.0230155
2338,1096,4.0155215
2338,1103,3.9797077
2338,2970,3.9612803
2338,1396,3.9385436
2338,2303,3.9348898
2338,592,3.711188
2338,2628,3.4397569
2338,737,1.7177355
296,1387,4.0796742
296,594,3.818199
296,3751,3.8102312
296,1407,3.7816389
296,2857,3.7632113
296,551,3.7325325
296,3536,3.7155585
296,1544,3.1143117
296,1388,2.2542248
5146,2762,4.509271
5146,1150,3.9769917
5146,3872,3.8989038
5146,3078,3.737687
5146,2862,2.2671614
3529,1387,3.4718099
3529,3789,3.4201202
3529,780,3.190492
3529,1013,3.139829
3529,1101,3.0837958
3529,1084,3.0823665
3529,3702,3.072669
3529,1286,3.063275
3529,1913,3.0425665
3529,1479,3.0184546
3529,1965,2.983123
3529,2100,2.9515495
3529,3638,2.9101753
3529,2370,2.840096
3529,2688,2.7960434
3529,736,2.7240822
3529,3476,2.6386662
3529,2468,2.3903034
3529,1590,2.320715
1116,1234,4.421021
1116,1276,4.4052343
1116,2064,4.2379894
1116,235,3.8785627
1116,125,3.8603437
1116,1500,3.860178
1116,1663,3.8286443
1116,671,3.7611058
1116,3868,3.751895
1116,322,3.7158241
1116,2915,3.6447165
1116,2080,3.600438
1116,2245,3.344913
1116,852,2.3258243
843,2064,4.178816
843,1394,4.16728
843,1275,4.137716
843,1210,4.085845
843,1099,4.017217
843,2671,3.9692914
843,1517,3.8865995
843,39,3.806257
843,2001,3.7856855
843,1485,3.681799
843,3525,3.5858073
843,2290,3.5796475
3072,3629,4.0125685
3072,2396,3.9601405
3072,1235,3.9462366
3072,590,3.7975698
3072,934,3.647264
3072,337,3.644575
3072,199,3.6310673
3072,3060,3.6108668
3072,2144,3.5772252
3072,2140,3.5639381
3072,568,3.5450969
3072,39,3.5105274
3072,342,3.4515347
3072,2395,3.4095273
3072,3110,3.2841418
3072,1959,3.2450724
3072,301,3.1914883
3072,2361,2.9800737
3072,1016,2.960013
3072,3711,2.9373164
3072,586,2.8573053
3217,928,4.44087
3217,919,4.3908734
3217,608,4.340027
3217,3471,4.297859
3217,1956,4.2954326
3217,1036,4.249378
3217,1214,4.241618
3217,1275,4.229062
3217,902,4.223098
3217,3083,4.1739955
3217,2359,4.144018
3217,357,4.076721
3217,937,4.0014157
3217,1680,3.9343748
3217,832,3.8729813
3217,1343,3.8431988
3217,3812,3.8268538
3217,500,3.8247035
3217,3699,3.8004806
3217,3524,3.7701652
3217,2245,3.7644074
3217,2407,3.7582319
3217,3219,3.731121
3217,3761,3.6450906
3217,587,3.6416345
3217,3428,3.5993361
3217,2424,3.5988984
3217,367,3.582445
3217,1588,3.546315
3217,2045,3.5108178
3217,2266,3.473381
3217,2942,3.3344257
3217,2950,3.2461233
3217,1389,2.6331499
5109,356,4.0894966
5109,3671,3.950134
5109,969,3.932006
5109,111,3.9063382
5109,2863,3.7364833
5109,1101,3.692423
5109,1029,3.6273103
5109,1244,3.558061
5109,3145,3.3995452
5109,3445,3.3795502
4869,260,4.2549596
4869,356,3.830767
4869,1953,3.8302221
4869,3198,3.8012638
4869,1288,3.784103
4869,3152,3.7462628
4869,2973,3.7107213
4869,838,3.7060547
4869,3007,3.6830926
4869,3362,3.6776009
4869,3037,3.6601453
4869,1080,3.6563208
4869,1500,3.6285136
4869,3052,3.5509381
4869,1292,3.5463133
4869,1674,3.5181558
4869,2628,3.4893804
4869,2193,3.391666
4869,3069,3.3483086
4869,265,3.3477578
4869,1185,3.3420277
4869,595,3.2066448
4869,2423,3.200158
4869,3704,3.1682012
4869,377,3.0786188
4869,1810,3.049762
4869,1535,3.0135584
4869,2151,2.9968724
4869,2485,2.9094112
4869,2247,2.8604584
4869,2380,1.7905157
5964,1240,4.539725
5964,1206,4.5113745
5964,2067,4.470384
5964,58,4.451001
5964,2918,4.412389
5964,2599,4.3589087
5964,590,4.339636
5964,337,4.3235354
5964,509,4.301873
5964,1302,4.238311
5964,3168,4.2277927
5964,235,4.225508
5964,2076,4.174549
5964,2000,4.1366777
5964,3034,4.1157293
5964,2301,4.0953856
5964,3480,4.050157
5964,2140,4.0002365
5964,1955,3.9960048
5964,2640,3.993181
5964,481,3.9872692
5964,3150,3.9750392
5964,3398,3.9229095
5964,597,3.9143062
5964,2463,3.9040391
5964,2916,3.8989646
5964,3253,3.8854923
5964,1447,3.8062594
5964,2580,3.7809238
5964,2085,3.7788754
5964,494,3.7773414
5964,543,3.7680373
5964,2261,3.688723
5964,2770,3.665295
5964,1645,3.6595235
5964,2689,3.6489897
5964,316,3.6439962
5964,2469,3.6180518
5964,2378,3.5216126
5964,282,3.5100396
5964,344,3.3757343
5964,2111,3.369564
5964,2722,3.3620715
5964,3264,3.35635
5964,2409,3.276882
5964,88,3.2040036
5964,520,3.2008934
5964,3157,3.1703582
5964,2616,3.0957265
5964,166,3.0794303
5964,697,3.0646572
5964,1920,2.9559495
5964,1483,2.896815
5964,1523,2.868518
5964,191,2.855814
5964,1779,2.8151257
5964,3243,2.7533169
5964,208,2.6502035
5964,3437,2.319768
5561,1147,3.4829285
5561,3246,3.364672
5561,2330,3.3465757
5561,300,3.1941516
5561,1396,3.139556
5561,918,3.0650725
5561,249,3.0438268
5561,232,2.9861307
5561,2599,2.9629154
5561,2890,2.9419744
5561,440,2.864759
5561,408,2.8380885
5561,1966,2.8329084
5561,2237,2.8079479
5561,164,2.7968464
5561,2490,2.590882
5561,317,2.4988568
5561,1442,2.4192212
5561,137,2.280992
5561,343,1.4259804
4855,593,3.8494892
4855,928,3.8297985
4855,1270,3.6613047
4855,1,3.6249409
4855,1625,3.549697
4855,1914,3.3975077
4855,2406,3.3333836
4855,588,3.1747036
4855,2628,3.1277266
4855,2144,3.0766778
4855,2394,3.0665276
4855,3033,3.0271006
4855,543,2.9447608
4855,2,2.927634
4855,1027,2.7845025
4855,691,2.6929646
4855,2409,2.6846137
4855,2266,2.6220531
4855,2699,2.3846285
4855,44,2.3336105
4855,3258,2.1312356
4855,2253,1.8732625
4855,1599,1.2915845
5760,1721,3.744034
5760,562,3.6701093
5760,3253,3.4237256
5760,2380,2.0088768
457,296,4.6337614
457,750,4.5655785
457,2329,4.4342637
457,1228,4.292312
457,529,4.2534814
457,47,4.21104
457,1960,4.2085705
457,36,4.1684217
457,3148,4.105196
457,1302,4.0493784
457,16,3.9519815
457,3386,3.8858068
457,2427,3.7873406
457,3948,3.7734942
457,2671,3.6050105
457,1407,3.5944123
457,165,3.4546833
457,2003,3.4245305
457,2011,3.3952692
457,587,3.3041644
457,2459,3.1771786
457,2723,2.9784956
457,3,2.4791727
457,420,1.850974
1135,750,4.738267
1135,1274,4.2392745
1135,3948,4.1051044
1135,1584,4.0981793
1135,2968,4.013256
1135,3032,3.939168
1135,3503,3.9109688
1135,24,3.8878436
1135,3927,3.8446174
1135,2105,3.809464
1135,3300,3.7866688
1135,2985,3.7141821
1135,748,3.6384745
1135,338,3.5844717
1135,3697,3.543825
1135,1373,3.5438032
1135,2322,3.5400808
1135,2091,3.4659457
1135,3889,3.2832365
1135,3354,3.278593
1135,3826,3.1420522
585,1704,4.159632
585,3911,3.9339867
585,1682,3.8571475
585,101,3.7459254
585,3793,3.6777768
585,1179,3.6737752
585,1584,3.6484785
585,364,3.648031
585,771,3.6096017
585,3052,3.5528467
585,661,3.3838243
585,3033,3.147552
585,1037,2.24895
585,3623,2.2458181
4470,2571,4.8393574
4470,539,4.5673003
4470,2078,4.392027
4470,1663,4.3821874
4470,316,4.3332453
4470,2001,4.31353
4470,3450,4.307971
4470,329,4.2822638
4470,3526,4.270091
4470,2311,4.2420487
4470,2803,4.2278724
4470,2407,4.194179
4470,3107,4.1937313
4470,292,4.19326
4470,1569,4.169718
4470,10,4.1571794
4470,1372,4.1549234
4470,494,4.1386943
4470,3712,4.104642
4470,3608,4.1025558
4470,2688,4.0991316
4470,2145,4.091511
4470,3639,4.0392084
4470,2245,4.003665
4470,2402,3.9696465
4470,3258,3.7206411
3706,2804,4.7469387
3706,1394,4.5827994
3706,3363,4.43497
3706,3408,4.2619023
3706,1124,4.2107153
3706,1371,3.8885086
3706,3454,3.1487372
3706,1772,1.6925306
137,2396,4.0749764
137,1265,3.974409
137,597,3.9578342
137,2716,3.944706
137,2692,3.8142982
137,1408,3.7769148
137,316,3.756734
137,2167,3.6886094
137,2002,3.6599615
137,736,3.6520927
137,253,3.5967066
137,2605,3.4966347
137,3926,3.4707797
137,3053,3.3361487
137,2291,3.316698
137,1391,3.0969658
137,3176,2.9775891
2546,527,4.072155
2546,260,4.040474
2546,1221,3.8174608
2546,1223,3.7844276
2546,541,3.7197783
2546,1267,3.695138
2546,978,3.4295533
2546,1231,3.4185128
2546,150,3.328621
2546,3201,3.2484145
2546,1292,3.150301
2546,949,3.12309
2546,3069,3.0855768
2546,3929,2.985006
2546,3028,2.8807771
1274,527,4.4007382
1274,3022,4.341317
1274,745,4.3232784
1274,1198,4.3037677
1274,1193,4.2789946
1274,3134,4.2712603
1274,1228,4.2252445
1274,1945,4.20372
1274,1136,4.1874433
1274,954,4.16304
1274,1066,4.1265464
1274,2858,4.0910697
1274,1217,4.088309
1274,2357,4.0600924
1274,1147,4.0391645
1274,47,4.0258536
1274,1303,4.019705
1274,978,4.0165663
1274,1266,4.0098624
1274,3897,3.9601407
1274,1270,3.933638
1274,2947,3.8816483
1274,3350,3.8737056
1274,3182,3.8698134
1274,3552,3.841718
1274,1285,3.8225822
1274,1079,3.8128226
1274,1914,3.8121297
1274,3682,3.7733748
1274,2728,3.772012
1274,3654,3.7532296
1274,866,3.7483244
1274,2006,3.7435312
1274,3104,3.739613
1274,1013,3.714413
1274,3872,3.7029505
1274,2085,3.6987376
1274,901,3.6935744
1274,2654,3.687779
1274,968,3.65485
1274,380,3.6471453
1274,3746,3.6452415
1274,3111,3.6346154
1274,3503,3.6293588
1274,3947,3.5764415
1274,3903,3.5667322
1274,1129,3.4042559
1274,823,3.2570357
3908,858,4.493122
3908,1252,4.427165
3908,923,4.2439833
3908,306,4.1910057
3908,1244,4.067995
3908,509,3.8253887
3908,121,3.8100705
3908,1094,3.8015413
3908,1809,3.797807
3908,2302,3.7638133
3908,482,3.6363328
3908,1916,3.5723925
3908,3791,2.874333
3908,427,2.6481807
2352,2716,3.4670806
2352,2554,3.1337967
2352,1346,2.8936837
2352,2428,2.8202586
2352,1717,2.8057506
2352,842,2.630018
2352,2327,2.4661553
2352,2902,2.4234977
2352,611,2.2204108
2352,3662,2.1055307
2352,1986,1.9431076
3621,2858,4.1997066
3621,1208,4.1231885
3621,3730,4.0951924
3621,1272,4.0584474
3621,1200,4.0224843
3621,2313,3.8081543
3621,1944,3.7752628
3621,2194,3.7003293
3621,3037,3.6408973
3621,920,3.5733206
3621,1408,3.5096302
3621,2662,3.5033717
3621,1961,3.491284
3621,590,3.4084325
3621,2137,3.3790126
3621,2866,3.3500342
3621,2921,3.3456442
3621,2797,3.3300881
3621,1298,3.2628636
3621,3062,3.1787214
3621,3386,3.124854
3621,2000,3.0598698
3621,3213,2.955811
3621,553,2.8982742
3621,2021,2.8379958
3621,592,2.6356456
3621,2311,2.6220405
3621,3478,2.4540472
3621,2533,2.2268481
3621,2012,2.0597615
3621,673,2.0291135
3621,1676,1.8710759
3621,1011,1.7574089
3621,1603,1.7530069
3621,173,1.4068155
3621,1590,1.3741765
3621,3766,1.2561264
5300,1208,4.8353014
5300,2324,4.6488905
5300,608,4.5780935
5300,1217,4.57656
5300,2726,4.5398836
5300,947,4.5300198
5300,1292,4.4719596
5300,1240,4.4675064
5300,1080,4.4573627
5300,3741,4.4505987
5300,589,4.43151
5300,3679,4.4122896
5300,3148,4.39495
5300,3504,4.3940353
5300,1175,4.3862915
5300,162,4.3255725
5300,3424,4.3024836
5300,3481,4.3006277
5300,3067,4.219648
5300,549,4.1862373
5300,3751,4.125574
5300,1179,4.097046
5300,3298,4.089697
5300,663,4.075503
5300,2779,4.0437994
5300,77,4.029801
5300,3700,4.003374
5300,2916,3.9570181
5300,3176,3.8837905
5300,367,3.8710666
5300,1701,3.8599
5300,3863,3.7716887
5300,2532,3.177897
3735,318,4.7875953
3735,296,4.6182785
3735,912,4.5884123
3735,1212,4.5613813
3735,1256,4.512397
3735,903,4.5062394
3735,1617,4.474638
3735,1200,4.3688
3735,1079,4.3481817
3735,2300,4.2779517
3735,1449,4.2746725
3735,1358,4.268492
3735,247,4.168627
3735,2248,4.075595
3735,2716,4.0432053
3735,2352,4.017912
3735,2596,3.8623614
3735,441,3.8519258
3735,3007,3.8342583
3735,1343,3.8245087
3735,2108,3.7985137
3735,3260,3.70678
3735,3812,3.665577
3735,2245,3.4383998
3735,417,3.3857179
3735,2100,3.286796
3735,352,3.263927
3735,380,3.1313922
3735,3524,3.0636938
3735,122,2.8894997
3735,2794,2.8773744
3735,3773,2.8544374
3735,788,2.8514051
3735,435,2.6895845
3735,3477,2.520053
3735,564,2.5025177
3735,1857,2.48403
3735,485,1.9030406
3524,2762,4.268712
3524,898,4.236527
3524,1104,4.147045
3524,3578,4.0835195
3524,949,3.9278193
3524,1219,3.901969
3524,555,3.7977462
3524,1639,3.7118769
3524,2763,3.7087002
3524,2870,3.548277
3524,3633,3.430253
3524,2572,3.425306
3524,2759,3.419354
3524,2605,3.3367877
3524,3635,3.2925177
3524,2805,3.1943288
3524,481,3.1745481
3524,2699,2.9235487
3524,2995,2.2844887
2994,2997,3.953192
2994,1214,3.878172
2994,2791,3.830979
2994,2289,3.8035135
2994,3527,3.7922373
2994,2716,3.783949
2994,2248,3.709518
2994,2000,3.6971369
2994,3256,3.6909711
2994,2763,3.6467013
2994,322,3.606485
2994,3685,3.595796
2994,1777,3.5690205
2994,2109,3.5686214
2994,2915,3.5253706
2994,3763,3.5242622
2994,780,3.4851294
2994,2273,3.4802513
2994,3702,3.4732714
2994,1081,3.4509032
2994,1042,3.432085
2994,3643,3.3834195
2994,648,3.3565838
2994,3506,3.2988107
2994,1047,3.2954733
2994,112,3.2863057
2994,3698,3.2277946
2994,1429,3.2196126
2994,3430,3.1733527
2994,996,3.1553864
2994,2011,3.1466246
2994,2540,3.072853
2994,1597,3.039171
2994,3704,3.0022984
2994,3717,2.9893463
2994,1100,2.9293406
2994,1586,2.9021366
2994,504,2.8920574
2994,1918,2.8568578
2994,548,2.7667706
2994,3316,2.7334795
2994,2126,2.6598067
2994,2808,2.5020952
2994,849,2.3659263
2994,1882,2.0718622
5733,1204,4.7258577
5733,1278,4.7057724
5733,911,4.633473
5733,1104,4.610225
5733,1247,4.5706706
5733,1704,4.568831
5733,2728,4.4395137
5733,3681,4.354168
5733,3545,4.3227696
5733,2863,4.2347836
5733,594,4.2249074
5733,2529,4.183648
5733,3415,4.161008
5733,2474,3.8649065
5733,1573,3.725029
5733,2012,3.6976347
5733,292,3.6039696
5733,2387,2.3544424
3279,608,3.4206333
3279,1250,3.1749496
3279,2194,2.9543207
3279,3753,2.865458
3279,1299,2.8436208
3279,2000,2.722691
3279,32,2.643731
3279,780,2.6342537
3279,2369,2.323748
3279,3155,2.260076
3279,3146,1.7603523
3279,673,1.5314988
3604,745,5.031741
3604,1517,4.404426
3604,2321,4.308096
3604,367,4.192686
3604,2124,3.9548578
3428,912,4.5703597
3428,858,4.5580053
3428,527,4.5320363
3428,953,4.422987
3428,678,4.2772284
3428,47,4.2668433
3428,590,4.172555
3428,902,4.1568403
3428,2396,4.1493373
3428,2176,4.132157
3428,1960,4.0914083
3428,1961,4.086339
3428,2686,3.9920459
3428,1357,3.937562
3428,1747,3.8047314
3428,14,3.677706
3428,3425,3.603499
3428,105,3.4324489
3428,3259,3.421153
3428,3528,3.321321
3428,237,3.2422338
817,2571,4.887005
817,2804,4.711524
817,1291,4.6087785
817,1249,4.528483
817,2115,4.5133886
817,16,4.460847
817,2248,4.442998
817,1215,4.4421043
817,34,4.359538
817,1092,4.338546
817,2423,4.299235
817,2011,4.2804403
817,1127,4.256324
817,1297,4.2258463
817,671,4.1825542
817,2112,4.140037
817,3763,4.1290913
817,3524,4.0668607
817,1372,4.0511127
817,2059,4.048168
817,2247,4.0321527
817,2105,4.0275583
817,3176,4.024784
817,70,3.9843256
817,1676,3.9098105
817,996,3.9058168
817,2794,3.8401906
817,2792,3.7438908
817,2387,3.6984813
817,2142,3.6655054
817,1342,3.461409
817,455,3.2860367
817,2092,3.2808065
817,558,3.2323518
817,849,3.1994443
817,673,3.081372
817,762,2.557722
3191,1197,4.1668606
3191,1610,3.8836792
3191,480,3.7239642
3191,161,3.6447284
3191,610,3.5745184
3191,3555,3.5227246
3191,21,3.4744782
3191,2490,3.4736266
3191,2058,3.4194791
3191,2424,3.3472857
3191,112,3.3230977
3191,2540,3.253481
3191,1769,3.1236076
3191,1438,3.115181
3191,1409,3.1040688
3191,1687,3.086369
3191,257,3.0502634
3191,504,3.0495858
3191,3326,3.000937
3191,736,2.971095
3191,2402,2.9515357
3191,2641,2.9416108
3191,1779,2.937273
3191,640,2.806006
3191,1590,2.7692266
3191,836,2.7244291
3191,276,2.7187915
3191,2126,2.6573756
3191,3354,2.6209278
3191,132,2.5736752
3191,415,2.5637355
3191,173,2.441258
3191,405,2.2962344
3191,1644,2.2640548
3191,2422,2.263727
3191,3877,2.120887
3191,2748,2.086121
2552,1201,3.9808757
2552,1089,3.916984
2552,587,3.719554
2552,1097,3.6853118
2552,2916,3.5857415
2552,1672,3.5640697
2552,2628,3.5400403
2552,3591,3.4414606
2105,1197,4.2407274
2105,1213,4.1814046
2105,608,4.1731286
2105,1278,4.1128225
2105,246,4.111476
2105,3897,4.0712304
2105,162,4.020914
2105,1206,3.9939017
2105,3471,3.9814653
2105,1080,3.9357438
2105,3210,3.9004848
2105,902,3.8924804
2105,1060,3.827197
2105,3072,3.822071
2105,3160,3.7834485
2105,1682,3.7585726
2105,3552,3.7555652
2105,2160,3.7447734
2105,2716,3.74164
2105,1374,3.728942
2105,555,3.725277
2105,1663,3.62506
2105,2795,3.5837324
2105,441,3.5548434
2105,1897,3.539733
2105,1584,3.5302935
2105,3480,3.5140443
2105,2348,3.496124
2105,480,3.4678617
2105,2108,3.4666486
2105,21,3.4573946
2105,2117,3.443935
2105,2165,3.27744
2105,2734,3.1641622
2105,266,3.1554868
2105,1129,3.1526415
2105,2115,3.1218438
2105,1527,3.082478
2105,2915,3.0561924
2105,3712,3.0112162
2105,3250,2.972824
2105,1608,2.8977063
2105,22,2.835429
2105,3701,2.7231345
2105,3617,2.669779
2105,3525,2.6352308
2105,2803,2.6258464
2105,2369,2.4933176
2105,550,2.48865
2105,3791,2.4861095
2105,2054,2.4311419
2105,2410,2.3090668
2105,95,2.281679
2105,3707,2.2739408
2105,1037,2.2368088
2105,786,2.2261245
2105,1552,2.1688037
2105,3257,2.1346648
2105,2088,2.1078866
2105,185,2.094039
2105,2411,1.8964837
2105,160,1.7080277
2105,2642,1.694637
2105,540,1.6472385
2105,1644,1.6120772
2105,2404,1.5682979
1611,904,4.7818055
1611,1233,4.5647116
1611,1089,4.454916
1611,1394,4.3895316
1611,1947,4.3373976
1611,1291,4.320562
1611,589,4.2946644
1611,2997,4.2782807
1611,2194,4.25441
1611,1246,4.215328
1611,34,4.1709523
1611,3039,4.1600113
1611,364,4.100543
1611,596,4.0897827
1611,2795,4.0863276
1611,2018,4.0740843
1611,3044,4.045945
1611,2231,4.0191083
1611,1994,4.017121
1611,551,4.01037
1611,1220,4.0082755
1611,3256,4.0058384
1611,2161,3.9803646
1611,2857,3.96024
1611,2099,3.9539015
1611,346,3.919851
1611,3034,3.8936732
1611,2423,3.8926127
1611,2941,3.8388562
1611,1587,3.8343768
1611,1127,3.743815
1611,3896,3.6639829
1611,377,3.6327856
1611,107,3.604107
1611,2363,3.5858529
1611,1645,3.5354805
1611,1552,3.4818683
1611,365,3.4795253
1611,3917,3.4527903
1611,2,3.4292908
1611,3686,3.3759577
1611,1974,3.3681767
1611,1876,3.321573
1611,3016,3.3124704
1611,1030,3.3025515
1611,2794,3.2039561
1611,3937,3.1970286
1611,1591,3.1369076
1611,3791,3.1246507
1611,782,3.049891
1611,19,2.9918737
1611,2026,2.8588018
1611,3697,2.8175774
1611,2465,2.4499087
1611,849,2.4009895
1611,839,2.3087785
1611,1381,2.2741022
1611,2092,2.2366438
1611,3054,2.2282314
1611,3768,2.1538754
1611,2298,1.9985899
1611,1996,1.6695974
1758,296,4.6892347
1758,3114,4.5052195
1758,529,4.4725943
1758,1046,4.429222
1758,176,4.4187527
1758,307,4.4101753
1758,2959,4.3927565
1758,800,4.3588877
1758,34,4.3545523
1758,1961,4.3395224
1758,3060,4.3386497
1758,235,4.3263845
1758,1179,4.249903
1758,364,4.2424355
1758,1678,4.2369957
1758,1923,4.167946
1758,1035,4.1192803
1758,483,4.1116066
1758,2081,4.1011105
1758,3868,4.0993614
1758,2580,4.0919094
1758,2140,4.082472
1758,3256,4.0129824
1758,3831,4.004091
1758,94,3.9864564
1758,671,3.9624972
1758,2174,3.9369524
1758,302,3.9338422
1758,3476,3.9195545
1758,1517,3.8963556
1758,481,3.8422089
1758,2100,3.829351
1758,441,3.791347
1758,3087,3.770626
1758,3046,3.7473104
1758,3298,3.6666675
1758,2870,3.6470904
1758,1476,3.5843487
1758,406,3.5232573
1758,2003,3.4691987
1758,3893,3.4513557
1758,3466,3.395845
1758,2710,3.3877084
1758,1101,3.2534685
1758,3863,3.063026
1758,1816,2.9541395
1758,3752,2.8183074
1758,382,2.583283
1758,1690,2.1851153
4952,2762,4.4045725
4952,1358,4.2360497
4952,2692,4.2252073
4952,36,4.0774803
4952,2333,3.8799763
4952,2302,3.8460684
4952,357,3.8337674
4952,1635,3.819827
4952,3081,3.5413268
4952,144,3.5141559
4952,780,3.1986623
1060,480,3.9782996
1060,1608,3.8386614
1060,165,3.7302113
1060,377,3.6703777
1060,2617,3.5754373
1060,1573,3.572826
1060,3273,3.2582817
1060,196,3.1877887
1060,2701,2.655226
1604,2686,4.0976725
1604,3424,4.0724635
1604,1729,3.817019
2704,1221,4.3392353
2704,2028,4.2048597
2704,3683,4.0986233
2704,1704,4.07749
2704,3037,3.857136
2704,2866,3.490057
2704,1012,3.4642854
2704,2120,2.0965347
5538,913,4.296011
5538,2028,4.2853646
5538,1269,4.2780848
5538,2186,4.2722287
5538,2762,4.2665806
5538,951,4.1535573
5538,3061,3.9828625
5538,1942,3.9588609
5538,2000,3.9276874
5538,3448,3.900758
5538,3384,3.8298647
5538,1029,3.823028
5538,2716,3.8195739
5538,3479,3.8191943
5538,3424,3.8135562
5538,2301,3.7841525
5538,3526,3.7532845
5538,1395,3.558186
5538,3706,3.415093
5538,2781,3.3760662
26,593,3.5751133
26,2137,3.4092622
26,1968,3.389616
26,1682,3.3867052
26,2302,3.383872
26,1704,3.3201005
26,1947,3.2933908
26,3360,3.292836
26,2081,3.1941245
26,1954,3.193228
26,1380,3.1851263
26,1035,3.1780078
26,2700,3.1723533
26,1013,3.106802
26,3591,3.0852394
26,2243,3.0848255
26,2802,3.0411837
26,1663,3.0253806
26,3257,3.0184355
26,2881,2.9884143
26,3500,2.9710562
26,1678,2.965155
26,1457,2.963075
26,2407,2.9517064
26,3056,2.8995042
26,95,2.89231
26,597,2.8837397
26,2154,2.873447
26,370,2.8329105
26,122,2.8282518
26,3705,2.8128505
26,3173,2.7973676
26,3688,2.7924502
26,463,2.7396562
26,1779,2.7080534
26,518,2.665796
26,2805,2.6543212
26,2392,2.603417
26,38,2.5552638
26,3268,2.25692
26,2053,2.2135935
26,1556,2.1658237
560,1220,4.0784693
560,1374,4.0605555
560,780,3.996703
560,292,3.8463736
560,1372,3.818994
560,95,3.8130934
560,2414,3.6924195
560,2641,3.5354543
560,2021,3.5125067
560,2017,3.4469256
5840,2804,4.102577
5840,3006,3.9567647
5840,3088,3.9554448
5840,17,3.874101
5840,3507,3.8617969
5840,2312,3.773911
5840,3061,3.769208
5840,3548,3.7630568
5840,2069,3.7167854
5840,2406,3.7142797
5840,971,3.6925676
5840,2919,3.6598496
5840,3450,3.602787
5840,1569,3.5514293
5840,454,3.5423064
5840,1810,3.4939132
5840,1441,3.4908047
5840,3827,3.453056
5840,708,3.4278889
5840,2926,3.426177
5840,1513,3.1874137
1383,858,4.205226
1383,50,4.1827474
1383,720,4.0779004
1383,899,4.0695715
1383,1276,3.9962196
1383,3435,3.9745607
1383,1197,3.9721594
1383,1132,3.9719105
1383,1104,3.9387052
1383,1704,3.917213
1383,911,3.9153762
1383,2206,3.9053326
1383,916,3.890248
1383,1247,3.8889008
1383,1719,3.8688045
1383,2788,3.8230257
1383,590,3.817521
1383,1281,3.8131762
1383,3578,3.8125832
1383,955,3.7547743
1383,3424,3.7468681
1383,1834,3.7364519
1383,150,3.7351935
1383,1265,3.72739
1383,356,3.724398
1383,1270,3.6828609
1383,247,3.663303
1383,1150,3.6508617
1383,914,3.636168
1383,3451,3.6355982
1383,1694,3.6190078
1383,2863,3.6075542
1383,931,3.5827956
1383,900,3.5699263
1383,2359,3.5608022
1383,2795,3.5605168
1383,2797,3.5559072
1383,2176,3.5458956
1383,3105,3.5371432
1383,1094,3.5162766
1383,1957,3.501176
1383,1271,3.483849
1383,1639,3.475782
1383,1885,3.474616
1383,16,3.472415
1383,1357,3.4679728
1383,538,3.4655983
1383,345,3.4604115
1383,2852,3.4381752
1383,1022,3.432925
1383,2946,3.4284542
1383,3598,3.4253473
1383,3253,3.3691375
1383,3608,3.2883725
1383,3357,3.2555997
1383,1958,3.248764
1383,3536,3.241509
1383,3398,3.2312484
1383,3591,3.1327527
1383,2639,3.0874634
1383,1747,3.0720615
1383,2707,3.0471656
1383,2406,3.0232935
1383,3478,2.960507
1383,3040,2.9410439
1383,1614,2.9277236
1383,2011,2.9170039
1383,339,2.9164882
1383,3699,2.8470685
1383,68,2.842598
1383,2506,2.7908542
1383,347,2.7710247
1383,3707,2.7632744
1383,2598,2.6936352
1383,2699,2.671853
1383,3016,2.647745
1383,2424,2.6105514
1383,2054,2.6028943
1383,2900,2.4670906
1383,2374,2.453762
1383,585,2.4493906
1383,830,2.4166584
1383,5,2.3778143
1383,2088,2.279694
1383,3705,1.6082507
1383,355,1.4889526
1270,3826,1.6085818
1270,3190,1.0241507
4187,922,4.8862305
4187,1237,4.71235
4187,930,4.697685
4187,3462,4.645496
4187,950,4.6080556
4187,972,2.7041512
1077,2019,4.5406265
1077,1148,4.530299
1077,260,4.488001
1077,720,4.474531
1077,1204,4.4392138
1077,1237,4.3397436
1077,1262,4.333709
1077,593,4.325124
1077,1104,4.246109
1077,1288,4.1897335
1077,3090,4.18208
1077,3504,4.177536
1077,1294,4.1614723
1077,1089,4.1294537
1077,3334,4.125745
1077,2966,4.0981684
1077,2973,4.012022
1077,3007,3.990182
1077,1923,3.9862618
1077,2729,3.975444
1077,3079,3.9665418
1077,1968,3.9529796
1077,2677,3.9445941
1077,2921,3.9084723
1077,1244,3.8952105
1077,1282,3.8686664
1077,6,3.8492208
1077,1912,3.7354717
1077,3384,3.719843
1077,1694,3.663115
1077,1785,3.5001304
1077,2867,3.4687226
1077,235,3.409141
1077,3608,3.2232325
1077,3918,2.565546
3561,1221,4.6808257
3561,3753,4.3297853
3561,597,4.326811
3561,2791,4.3196344
3561,3362,4.319282
3561,2336,4.3119855
3561,2671,4.2459936
3561,1079,4.2014565
3561,3793,4.152704
3561,3087,3.9842286
3561,2915,3.972291
3561,1476,3.9299974
3561,3639,3.9147067
3561,2174,3.9034681
3561,2108,3.8939164
3561,2572,3.8357263
3561,2772,3.7724113
3561,3219,3.7610939
3561,2147,3.466353
3561,3354,3.0543108
3561,1126,2.775834
4084,3949,4.732229
4084,111,4.705969
4084,3811,4.5595922
4084,3952,4.346011
4084,3510,4.3255744
4084,3298,4.1032705
4084,3128,4.092585
4084,3873,3.963993
4084,3176,3.9625401
4084,2085,3.9091434
5338,260,4.608123
5338,2660,4.019806
5338,2495,3.828789
5338,2916,3.812736
5338,2140,3.8092675
5338,3658,3.7350786
5338,2661,3.6920683
5338,2393,3.661686
5338,1917,3.6440887
5338,329,3.5594177
5338,1690,3.4531815
5338,2668,2.8054118
3953,2019,4.618864
3953,1136,4.3589973
3953,1201,4.2667084
3953,2728,4.1388273
3953,589,4.1101995
3953,1210,4.087184
3953,1246,4.067948
3953,2948,4.0527906
3953,2951,3.9959915
3953,3168,3.937768
3953,2916,3.8278644
3953,1608,3.823022
3953,551,3.818679
3953,1297,3.7222714
3953,780,3.7013288
3953,3635,3.696512
3953,2174,3.6290174
3953,2085,3.5606904
3953,367,3.5574095
3953,112,3.5477269
3953,543,3.5383716
3953,329,3.4887161
3953,3082,3.4084706
3953,466,3.1593072
3953,303,3.1257558
3953,3693,3.0816848
3953,2421,2.980909
3953,12,2.4588296
3953,1126,2.253278
1396,1193,4.517475
1396,541,4.369479
1396,2692,4.282547
1396,1073,4.1143017
1396,1077,4.108082
1396,866,3.9888182
1396,2109,3.9637299
1396,2078,3.8837974
1396,1261,3.8835845
1396,2108,3.847259
1396,2746,3.6139436
1396,3608,3.4863625
1396,141,3.4015152
1396,661,3.3259952
1396,2302,3.2862074
1396,2160,3.2637095
1396,2926,3.2562814
1396,2100,2.983025
1396,3809,2.9519558
1396,2021,2.8442419
1396,2706,2.7771518
3668,1193,4.620291
3668,903,4.47083
3668,1617,4.3703012
3668,3706,3.5814483
272,1221,4.638913
272,1198,4.589986
272,1213,4.5801415
272,2858,4.5218086
272,1263,4.373419
272,457,4.370208
272,1291,4.3470325
272,3362,4.3266983
272,2918,4.299205
272,1079,4.2112417
272,3104,4.1148057
272,1073,4.099528
272,2580,4.0631337
272,2912,4.0043936
272,2985,3.8828645
272,1407,3.8798964
272,141,3.862829
272,81,3.8455808
272,3176,3.8422155
272,3298,3.7627256
272,1608,3.7121267
272,2344,3.6768477
272,1805,3.5904899
272,104,3.5605903
272,1047,3.5500524
272,3535,3.545311
272,2485,3.3828988
272,3409,3.3538418
272,2676,3.34832
272,2369,3.281659
272,2822,3.2816505
272,2605,3.163365
272,303,3.027767
272,2699,3.010403
272,2606,2.8040588
272,2694,2.758786
272,464,2.7299438
272,1779,2.5089107
272,2748,2.1757336
272,2815,2.1498132
272,1623,1.8698303
5032,2396,4.263313
5032,2959,4.2253327
5032,356,4.061448
5032,3175,3.9544172
5032,1517,3.8655832
5032,3253,3.8149118
5032,1380,3.811489
5032,2174,3.7954483
5032,1777,3.7413545
5032,2712,3.5275705
5032,3273,2.5889604
5131,800,4.100958
5131,541,4.047858
5131,36,4.026431
5131,2959,4.012819
5131,1079,4.009263
5131,1,3.9751077
5131,2599,3.953352
5131,3044,3.8746235
5131,1060,3.8467727
5131,2502,3.8148541
5131,440,3.7315865
5131,2291,3.6477087
5131,1994,3.641746
5131,1094,3.5882902
5131,2166,3.5311437
5131,3426,3.4813595
5131,3018,3.4768085
5131,104,3.4764748
5131,3448,3.4678717
5131,2420,3.4021337
5131,1347,3.3491993
5131,3259,3.2967842
5131,1597,3.2819333
5131,1687,3.1682532
5131,653,3.1579528
5131,1833,3.1160202
5131,2581,2.9512784
5131,1876,2.9248621
5131,1552,2.9220688
5131,1919,2.9099095
5131,3146,2.900248
5131,351,2.8387344
5131,24,2.831118
5131,208,2.8042173
5131,3269,2.7161906
5131,1690,2.6472166
5131,427,1.9868405
5131,2906,1.8234315
1446,1204,4.813833
1446,1193,4.770505
1446,1252,4.754678
1446,910,4.6576653
1446,1278,4.6225667
1446,110,4.6057854
1446,1284,4.599931
1446,919,4.561064
1446,2791,4.340252
1446,3521,4.2131124
2984,1197,4.232594
2984,1035,3.83398
2391,1200,3.9818769
2391,1610,3.9323092
2391,1682,3.8797498
2391,866,3.6865659
5635,3224,3.7110467
1901,1234,4.6209188
1901,1291,4.5163503
1901,1240,4.4689045
1901,3451,4.3392158
1901,2948,4.318557
1901,3363,4.2965946
1901,1028,4.270829
1901,3256,4.2030373
1901,2109,4.163996
1901,1092,4.1621914
1901,1125,4.1275406
1901,3682,4.0420775
1901,3702,3.9999974
1901,1015,3.860499
1901,2533,3.7518277
1901,44,3.657448
1901,2701,3.3070076
4961,908,4.071603
4961,913,3.992082
4961,1196,3.9561234
4961,1276,3.9106534
4961,1259,3.6968288
4961,3505,3.5180316
4961,733,3.4918492
4961,2502,3.4669366
4961,3702,3.0749521
4961,2605,2.8801785
4961,3686,2.874573
4961,3717,2.6900403
4961,2054,2.4133606
4961,3841,2.3066256
3308,541,4.313651
3308,1278,4.2696295
3308,1288,4.1938057
3308,2248,4.178707
3308,1270,4.156701
3308,1997,4.140257
3308,1947,4.1334186
3308,1387,4.0865393
3308,2565,4.057321
3308,1089,4.0277233
3308,608,4.015094
3308,2716,3.9593077
3308,588,3.9502218
3308,1732,3.912695
3308,741,3.9122665
3308,1682,3.9041815
3308,1954,3.9026663
3308,1393,3.868575
3308,1680,3.8523612
3308,1374,3.8367388
3308,3466,3.7938957
3308,1022,3.7891748
3308,3635,3.7870967
3308,1909,3.7835412
3308,3418,3.7640266
3308,2490,3.6761312
3308,147,3.6607087
3308,1376,3.650284
3308,292,3.644444
3308,2987,3.635541
3308,2539,3.6313407
3308,3704,3.595481
3308,3426,3.5940895
3308,3702,3.562366
3308,708,3.5483267
3308,3249,3.5360932
3308,1569,3.4979067
3308,1883,3.4716125
3308,2457,3.469994
3308,1029,3.4512842
3308,353,3.4405587
3308,3591,3.4352825
3308,317,3.4134216
3308,3107,3.4106312
3308,3269,3.410203
3308,2413,3.3561933
3308,1580,3.3473556
3308,339,3.3088126
3308,22,3.255969
3308,603,3.2243147
3308,2469,3.2037082
3308,3033,3.1903968
3308,88,3.126122
3308,1391,3.101586
3308,3399,3.0792723
3308,201,3.0724967
3308,196,2.985235
3308,1726,2.9744313
3308,1091,2.9410963
3308,79,2.9201837
3308,2471,2.8984613
3308,3303,2.8742642
3308,3243,2.711799
3308,19,2.6069984
3308,2410,2.574722
3308,2532,2.4786015
3308,2051,2.4173875
3308,93,2.2963805
3308,1009,2.2959006
3308,1590,2.2767696
3308,12,2.183107
3308,737,1.9582484
3308,2982,1.8737829
3308,2816,1.7448306
3308,2798,1.7122047
3308,3042,1.6209401
3308,3043,1.5850928
3308,87,1.468698
5237,1136,4.1087418
5237,590,3.8295572
5237,2366,3.4009774
2342,904,4.23671
2342,1196,4.132164
2342,3683,4.0053573
2342,2300,3.9281995
2342,1036,3.9244726
2342,1206,3.7890673
2342,2948,3.744755
2342,3104,3.5457406
2342,1965,3.5234818
2342,1673,3.5054302
2342,3703,3.1708915
2342,2666,2.9089653
4573,1304,4.216714
4573,2858,4.1522517
4573,1617,4.1371117
4573,2973,4.049055
4573,3811,3.9512694
4573,1097,3.8812385
4573,2710,2.8970397
4573,3697,2.7651842
4573,1562,1.5991765
4983,318,4.465228
4983,1193,4.3988066
4983,1270,4.207847
4983,1235,4.1327066
4983,2243,3.909136
4983,2065,3.7349234
4983,2017,3.5078783
4983,484,3.1780481
557,1148,4.4305487
557,1214,4.0186615
557,1210,3.9643927
557,1584,3.7358413
557,2011,3.63933
557,164,3.577838
557,3700,3.4531775
3904,2918,4.1620216
3904,1210,4.120121
3904,1923,4.017645
3904,2139,3.9373314
3904,3793,3.844575
3904,364,3.8425388
3904,2087,3.7199016
3904,2502,3.6600263
3904,3617,3.4919584
3904,2338,2.6788447
5345,1278,4.878318
5345,2396,4.609876
5345,1294,4.5169554
5345,101,4.455248
5345,3104,4.342978
5345,1732,4.3207912
5345,705,4.200141
5345,348,4.0703297
5345,1265,4.0670896
5345,1747,4.0508957
5345,1610,4.0358214
5345,440,3.9798
5345,1784,3.9624429
5345,2001,3.853876
5345,171,3.826169
5345,144,3.64001
5345,339,3.588025
5345,801,3.5879211
5345,3450,3.5249975
5345,2115,3.431662
5345,367,3.405918
5345,2406,3.3337889
5345,2506,3.0069876
5345,170,2.994129
5345,1616,2.9606066
5345,381,2.9069607
5345,7,2.8287058
1564,555,3.9300795
1564,3915,3.7055552
1564,1722,3.6401753
1564,3893,3.629356
1564,780,3.4035883
1564,377,3.362176
1564,288,3.2452722
1564,736,2.78109
1564,3113,2.5347457
1564,3909,2.5302827
1564,2616,2.5087383
1564,533,2.4800048
1564,2253,2.27679
567,110,5.0990877
567,1961,5.037959
567,3168,4.938157
567,1580,4.9009686
567,1967,4.692501
567,1375,4.6557884
567,2143,4.265062
2125,745,4.5674105
2125,1233,4.5278893
2125,1198,4.5000267
2125,1196,4.3877077
2125,1200,4.2538395
2125,1214,4.216547
2125,2624,4.182479
2125,3728,4.151067
2125,1947,4.0556273
2125,1057,4.0250907
2125,2700,3.9541528
2125,2929,3.8660624
2125,25,3.8624814
2125,592,3.852407
2125,551,3.8277147
2125,380,3.8176994
2125,1093,3.8115766
2125,2427,3.7862267
2125,3185,3.716628
2125,2084,3.591371
2125,653,3.4930966
2125,2616,3.2934444
2125,1037,3.278964
2125,1752,3.1501558
2125,239,3.009534
2125,2253,2.81971
2125,2153,2.2603137
2572,858,4.8645153
2572,1278,4.5732555
2572,110,4.4858656
2572,593,4.4723396
2572,1358,4.4596004
2572,246,4.4516745
2572,800,4.402403
2572,1,4.398179
2572,2859,4.381172
2572,2890,4.133016
2572,1095,4.101518
2572,1265,4.0839186
2572,508,4.051884
2572,25,3.983585
2572,551,3.8990421
2572,3877,1.2137516
1643,1230,4.792817
1643,1089,4.7489433
1643,1674,4.6862364
1643,1249,4.6710396
1643,1344,4.6094866
1643,2268,4.600342
1643,3481,4.5926127
1643,373,4.5609217
1643,1227,4.5546618
1643,2118,4.374338
1643,2349,4.3173327
1643,2952,4.3077235
1643,1459,4.1493073
1643,3798,4.1072392
1643,3810,4.082615
1643,2976,3.9936152
1643,376,3.89017
1643,427,3.0317261
2599,260,4.3700724
2599,111,4.0711775
2599,457,4.0647655
2599,1259,3.8992767
2599,2010,3.8514805
2599,596,3.666876
2599,3175,3.665289
2599,1019,3.6581044
2599,3868,3.6241267
2599,1372,3.5219872
2599,3917,3.4808238
2599,2100,3.4454246
2599,3489,3.38972
2599,1126,2.5957322
2310,2599,4.092869
2310,2917,4.040627
2310,1961,4.023013
2310,1227,3.9722407
2310,3543,3.961938
2310,2130,3.921658
2310,3685,3.6793256
2310,70,2.8234138
3047,919,4.072151
3047,1954,3.7524147
3047,2924,3.7348263
3047,2000,3.6913087
3047,1653,3.4672375
3047,2640,3.454817
4798,2997,3.9805448
4798,1258,3.945262
4798,1387,3.883608
4798,1077,3.868006
4798,1721,3.5314035
4798,610,3.2724633
4798,616,3.270471
4798,2976,3.2223608
4798,799,3.219913
4798,1372,3.1600819
4798,329,3.0130458
4798,1320,3.0114722
4798,2699,2.8529415
621,2959,4.1514397
621,541,4.0764217
621,2333,3.9997544
621,3751,3.9450402
621,1748,3.8157992
621,2644,3.8075187
621,2366,3.759459
621,2118,3.7524505
621,2633,3.5028186
621,1345,3.3941474
621,2976,3.2949681
621,1320,3.2391813
621,724,3.222281
621,3917,3.1414769
621,2723,3.1157353
621,2628,3.069439
621,2772,3.0515456
621,2699,3.0254214
621,2787,2.892231
621,2900,2.5689645
621,2188,2.3003223
621,2327,1.9731001
621,1388,1.9152172
621,2793,1.908962
621,2119,1.5459694
621,3593,1.2325394
1881,2997,4.6809373
1881,7,4.371801
1881,2718,4.111787
1225,858,4.607458
1225,2858,4.4136925
1225,608,4.3897977
1225,1617,4.374266
1225,2917,4.1402197
1225,1707,1.51127
4049,1221,4.5074654
4049,1266,4.161521
4049,1287,4.1438904
4049,1387,4.124128
4049,2947,4.0676165
4049,1301,3.9994965
4049,733,3.977068
4049,1954,3.9687579
4049,3074,3.8615618
4049,1396,3.842545
4049,2058,3.739152
4049,3153,3.7041023
4049,2311,3.702253
4049,3032,3.580512
4049,3812,3.568429
4049,2528,3.5006433
4049,2013,3.4912577
4049,2409,3.4769244
4049,1544,3.4104738
4049,2346,3.4031475
4049,1049,3.3689604
4049,2600,3.2355886
4049,1597,3.15349
4049,2410,3.093766
4049,3441,3.042583
4049,208,3.0169
4049,1603,2.9278288
4049,1833,2.9085908
4049,1924,2.8424885
4049,1181,2.6621466
4049,2656,2.63355
4049,3431,2.5979452
4049,1004,2.559039
4049,849,2.5048041
4049,393,1.6743399
3716,527,4.808415
3716,293,4.5939775
3716,1358,4.58192
3716,441,4.240079
3716,500,4.1949735
3716,1732,4.183534
3716,431,4.1693196
3716,1641,4.1426024
3716,180,4.106859
3716,2273,4.082926
3716,861,4.039726
3716,163,4.0370984
3716,368,3.8847098
3716,1876,3.8448532
3716,1805,3.7645211
3716,575,3.7252533
3716,3544,3.7055779
3716,3834,3.682589
3716,2082,3.601592
3716,434,3.5679662
3716,2169,3.5069919
3716,3300,3.5059652
3716,1588,3.4594314
3716,2485,3.4405503
3716,2815,3.3989148
3716,3146,3.3957655
3716,1167,3.3609788
3716,415,3.3214803
3716,2793,3.3167706
3716,3177,3.2742064
3716,3841,3.1879706
3716,996,3.0949984
3716,2953,2.8362157
3716,65,2.2231572
3716,1681,2.1623554
260,1527,3.7864542
260,3623,3.5324144
260,3107,3.4429417
260,3841,3.162075
260,2549,2.4140077
260,3268,1.6343795
260,181,1.5583292
3196,1222,3.8340135
3196,1097,3.6877928
3196,73,3.6412654
3196,2018,3.6379378
3196,1029,3.584913
3196,2706,3.5585968
3196,1022,3.498073
3196,3499,3.4665794
3196,2012,3.4547613
3196,2541,3.3961828
3196,2174,3.3852289
3196,2340,3.3298106
3196,344,3.2800238
3196,1342,3.265865
3196,3269,3.2355146
3196,3515,3.228094
3196,2143,3.2032022
3196,1059,3.175412
3196,317,3.1668606
3196,2082,3.1581984
3196,366,3.088933
3196,2375,3.0528908
3196,3225,3.0053277
3196,2054,2.9906845
3196,1974,2.9813275
3196,3176,2.8060806
3196,1971,2.8032794
3196,3891,2.7006845
169,969,4.089074
169,923,4.058842
169,912,4.020605
169,910,4.020133
169,2028,4.010709
169,1036,3.9050128
169,1287,3.8728762
169,36,3.8387454
169,2289,3.8168395
169,3504,3.8049438
169,3095,3.801917
169,1271,3.7980685
169,1,3.7969704
169,1938,3.782847
169,3448,3.7747035
169,62,3.7676005
169,1997,3.7572043
169,1282,3.7517557
169,590,3.7454073
169,3168,3.7405634
169,1275,3.7128797
169,1035,3.702835
169,1097,3.6972182
169,1929,3.691314
169,3548,3.6908302
169,3510,3.6895778
169,3044,3.6728084
169,2997,3.6544898
169,1580,3.6418104
169,3526,3.6332612
169,594,3.6294396
169,2406,3.6213858
169,2150,3.6182299
169,316,3.6138978
169,1584,3.5663679
169,1958,3.55163
169,2993,3.5406153
169,1639,3.5384548
169,2109,3.5292506
169,1573,3.5140057
169,802,3.5093665
169,2167,3.4924846
169,3624,3.4718342
169,736,3.4671226
169,1517,3.4618425
169,2990,3.4379225
169,3033,3.4305506
169,3861,3.414832
169,3254,3.4025016
169,2021,3.377784
169,3070,3.361042
169,1777,3.340549
169,434,3.3376698
169,3638,3.316288
169,3825,3.210653
169,3614,3.1803038
169,876,3.178632
169,673,3.1077623
169,208,3.0533545
169,1431,3.0019493
169,2412,2.955214
700,913,4.426862
700,2571,4.417115
700,930,4.3568068
700,589,4.127509
700,32,4.022075
700,671,3.6806827
2824,858,4.8284473
2824,50,4.689047
2824,593,4.530821
2824,296,4.512063
2824,1,4.383332
2824,1036,4.354245
2824,1923,4.3537297
2824,1682,4.0491
2824,1047,4.0415134
2824,2502,4.036273
2824,2391,4.003272
2824,3108,3.9968686
2824,2006,3.9639568
2824,1917,3.9620934
2824,3896,3.9433298
2824,3948,3.9408045
2824,1183,3.873085
2824,3300,3.8623483
2824,10,3.8500564
2824,3869,3.742339
2824,231,3.729008
2824,292,3.6856213
2824,2582,3.6695988
2824,1627,3.6526582
2824,788,3.5800734
2824,2167,3.4324803
2824,3301,3.082475
2824,3238,2.294237
3171,50,4.71068
3171,920,4.2849298
3171,3808,4.2708836
3171,1096,4.2496796
3171,2863,4.230131
3171,943,4.222128
3171,3362,4.1869555
3171,1265,4.184867
3171,929,3.9862275
3171,164,3.92623
3171,659,3.919162
3171,2583,3.8547912
3171,3645,3.8205435
1376,3147,4.4258404
1376,1704,4.370438
1376,2959,4.232196
1376,32,4.1697326
1376,2716,4.124667
1376,2291,3.7930887
1376,2734,3.6383488
1376,2676,3.6305141
1376,1911,3.4358957
3515,1250,4.206867
3515,1262,4.1959515
3515,919,4.1246157
3515,1213,3.8950956
3515,1219,3.8009975
3515,3096,3.6860209
3515,934,3.4655366
3515,2384,3.1673486
4601,527,4.513712
4601,480,3.9417024
4601,2706,3.9130678
4601,165,3.6374989
4601,1356,3.6339307
4601,21,3.5959911
4601,3107,3.571905
4601,1566,3.3182786
4601,95,3.2714949
4601,748,3.2431335
4601,208,3.0938783
4601,455,2.8838859
1067,260,4.400014
1067,1136,4.328072
1067,593,4.250474
1067,608,4.242641
1067,3289,3.764535
1067,3515,3.1797712
4590,2762,4.36952
4590,2248,3.9294033
4590,480,3.814538
4590,2677,3.8088608
4590,3060,3.7082372
5273,908,4.603257
5273,3089,4.5201025
5273,3730,4.4672327
5273,1235,4.3438673
5273,1307,4.3205175
5273,2935,4.3087025
5273,1211,4.2754097
5273,2973,4.26917
5273,955,4.1890635
5273,2612,4.165439
5273,2791,4.135005
5273,2716,4.1171436
5273,1069,4.088449
5273,534,4.0294647
5273,838,4.0129366
5273,3104,4.00474
5273,34,3.980983
5273,21,3.907948
5273,3163,3.8945735
5273,2727,3.8248906
5273,2406,3.7438664
5273,1395,3.7129974
5273,1194,3.6711702
5273,3643,3.6265626
5273,2100,3.598177
5273,2657,3.5677722
5273,2747,3.5451894
5273,3614,3.510004
5273,410,2.7343915
5273,1021,2.152436
3878,912,4.67916
3878,898,4.648104
3878,1213,4.6361814
3878,2064,4.5005145
3878,1960,4.489915
3878,1963,4.4243803
3878,1214,4.3543186
3878,1073,4.3476934
3878,3551,4.3349915
3878,1302,4.2880383
3878,1304,4.2850084
3878,3494,4.284402
3878,3361,4.2639427
3878,1729,4.1169977
3878,25,4.0844975
3878,2000,4.0670004
3878,1101,4.059678
3878,454,4.058527
3878,3552,4.0382633
3878,3020,4.0374928
3878,1994,4.032731
3878,2174,3.9568956
3878,1393,3.9430795
3878,521,3.9266458
3878,230,3.9242272
3878,1959,3.918398
3878,3639,3.8836753
3878,2005,3.7995985
3878,161,3.7867599
3878,3036,3.7802029
3878,3101,3.7769122
3878,648,3.7716086
3878,2747,3.76813
3878,7,3.720028
3878,3844,3.7181587
3878,3033,3.6831067
3878,1722,3.6416337
3878,344,3.6162167
3878,2003,3.5865948
3878,1476,3.5579185
3878,2802,3.529673
3878,1409,3.5058477
3878,3846,3.4646816
3878,2478,3.4129014
3878,784,3.2166734
3878,639,3.0571132
3878,2668,2.7859216
3878,762,2.4520333
5160,1247,4.470732
5160,34,4.1867733
5160,2084,3.6494727
23,1212,3.9172406
23,2571,3.775121
23,1036,3.678123
23,908,3.5557728
23,1127,3.5203414
23,3000,3.4961064
23,1218,3.3644853
23,610,3.317449
23,3699,3.3049092
23,2997,3.3045146
23,1544,3.2685807
23,1805,3.2648191
23,3503,3.2639074
23,1129,3.2628622
23,3702,3.2455044
23,198,3.2451708
23,2011,3.2393267
23,2871,3.2028716
23,1912,3.0938218
23,3474,3.069747
23,2108,3.0360103
23,1690,3.0294495
23,3618,2.9617553
23,2,2.9250832
23,1747,2.848085
23,2411,2.7895377
4908,2804,4.6041102
4908,1225,4.5822754
4908,551,4.0787983
4908,2889,3.7071824
4908,344,3.3156507
4908,410,2.9038763
4908,1373,2.7158027
5911,2019,4.926902
5911,2324,4.6450624
5911,1249,4.4065423
5911,1089,4.4050293
5911,1077,4.3828015
5911,2336,4.3776484
5911,1240,4.25911
5911,247,4.1847258
5911,1188,4.097005
5911,1215,3.9830704
5911,2916,3.930235
5911,1584,3.922151
5911,1653,3.856239
5911,3176,3.73867
5911,22,3.494674
5911,316,3.4223137
5911,1391,3.1607237
5911,2263,3.013138
5911,2617,3.0119002
5911,2808,1.8087258
5911,519,1.3057888
757,1198,4.223279
757,1136,4.1452885
757,1036,4.024517
757,1097,3.9421844
757,1089,3.940905
757,539,3.8327084
757,2194,3.8119535
757,2302,3.7922087
757,2580,3.7732723
757,1265,3.750318
757,3552,3.7476804
757,2502,3.7067597
757,62,3.6707287
757,32,3.6505003
757,1693,3.649197
757,1517,3.6292577
757,1343,3.5764282
757,141,3.5628736
757,805,3.5434837
757,647,3.5359309
757,3755,3.5291662
757,3033,3.4793003
757,1672,3.4716673
757,780,3.458605
757,2193,3.4486895
757,3686,3.4095862
757,2100,3.4080923
757,1876,3.3542657
757,2002,3.3511803
757,2718,3.2882926
757,1047,3.2858768
757,2539,3.2649336
757,45,3.2210941
757,3219,3.2106543
757,3638,3.1812172
757,2060,3.155752
757,3608,3.0883753
757,1762,2.9869537
757,2598,2.970755
757,2617,2.8986883
757,2862,2.8531044
757,1676,2.8452954
757,2188,2.7896438
757,2806,2.5845523
757,1831,2.4529266
757,256,2.2919722
757,1752,2.2190003
4683,3578,3.693684
4683,590,3.5714386
4683,1372,3.0665264
4683,421,3.0515115
4683,673,2.3557525
1231,1276,4.2503304
1231,2692,4.1706877
1231,3114,4.1084466
1231,1060,3.9854245
1231,2395,3.8234806
1231,1095,3.7949398
1231,2320,2.9904222
1231,1831,2.2130227
161,904,4.9703455
161,1262,4.902109
161,2028,4.877933
161,260,4.8626633
161,1219,4.757924
161,1217,4.7347083
161,670,4.7285295
161,1253,4.7127514
161,1300,4.667614
161,608,4.652246
161,1280,4.59163
161,3481,4.549533
161,914,4.5455637
161,2997,4.542985
161,1361,4.537081
161,1041,4.5084944
161,1210,4.501559
161,293,4.4970417
161,2398,4.432109
161,3160,4.430237
161,58,4.4163823
161,3135,4.4155025
161,101,4.396928
161,3019,4.3925524
161,3521,4.351277
161,2946,4.338649
161,265,4.3014927
161,2730,4.2791014
161,1186,4.1371136
161,342,4.1085753
161,2344,4.08035
387,260,4.310278
387,1219,4.1011205
387,3629,4.058601
387,111,3.9324412
387,2997,3.918991
387,1674,3.8081584
387,265,3.7520187
387,539,3.527492
387,1569,3.1604998
387,469,3.0253181
2562,858,4.6170073
2562,2858,4.366479
2562,2728,4.146059
2562,589,4.1453123
2562,364,4.0846095
2562,3104,4.0538826
2562,2916,3.9107146
2562,1396,3.9067886
2562,2640,3.8774476
2562,661,3.8117428
2562,2889,3.784744
2562,3699,3.7218494
2562,2605,3.6706588
2562,22,3.5926476
2562,2094,3.5598214
2562,1647,3.5161717
2562,153,3.4964135
2562,2054,3.4712396
2562,1590,3.0668163
3137,2692,4.3237896
3137,3543,4.031903
3137,3160,4.0314503
3137,3298,3.3268595
3137,1513,2.6705837
3137,2688,2.4654336
3137,3053,2.4188793
3137,2574,1.479799
5948,912,4.9313383
5948,1219,4.902582
5948,1260,4.814289
5948,1225,4.807534
5948,1278,4.7991076
5948,3114,4.7228413
5948,1944,4.6971974
5948,3911,4.6454144
5948,3359,4.6090894
5948,971,4.5638666
5948,3097,4.5552983
5948,907,4.542385
5948,2599,4.505368
5948,3201,4.4992723
5948,3733,4.4830613
5948,2919,4.4708033
5948,1641,4.3912973
5948,3545,4.383558
5948,235,4.3792286
5948,199,4.3647556
5948,2075,4.3606462
5948,3396,4.356201
5948,3148,4.343734
5948,154,4.283243
5948,2009,4.084758
5948,242,3.9917374
5948,2640,3.9872346
5948,3099,3.957222
5948,2420,3.80037
5948,3033,3.7295995
5948,3036,3.6361852
5948,236,3.5662763
5948,2711,3.3600345
5948,586,3.1605062
5948,3,3.0003998
5948,2241,2.9749746
5948,378,2.970388
5972,260,4.382957
5972,916,4.306423
5972,1304,4.2961025
5972,2788,4.1936884
5972,1132,4.17531
5972,1961,4.100099
5972,1240,4.0883365
5972,3504,4.0852346
5972,3148,4.069667
5972,1270,4.0400486
5972,3347,4.0373597
5972,2194,4.011872
5972,1704,3.994129
5972,1923,3.9769611
5972,180,3.9699047
5972,2948,3.964118
5972,2248,3.9600973
5972,590,3.958091
5972,2355,3.8386872
5972,2908,3.8269558
5972,2333,3.812545
5972,592,3.8073757
5972,3552,3.8072186
5972,2144,3.803752
5972,1673,3.7903192
5972,3203,3.788103
5972,141,3.7848492
5972,1290,3.7433803
5972,1378,3.718015
5972,333,3.71693
5972,2476,3.7107558
5972,1088,3.6912923
5972,2005,3.6854014
5972,3040,3.658101
5972,1587,3.651616
5972,1018,3.6309822
5972,3450,3.610796
5972,3267,3.6104352
5972,3614,3.5579655
5972,2567,3.49103
5972,2044,3.4886215
5972,3698,3.471613
5972,3263,3.413222
5972,1330,3.4036264
5972,3387,3.3809478
5972,3385,3.3022294
5972,2122,2.8660567
5972,2382,2.4623022
5972,2950,2.4386322
5124,908,4.0944905
5124,910,4.0152607
5124,1213,4.000209
5124,903,3.991017
5124,2858,3.9226677
5124,2186,3.8833585
5124,1719,3.8452911
5124,800,3.8113506
5124,457,3.723855
5124,2920,3.7090673
5124,1834,3.661182
5124,3342,3.6091166
5124,1734,3.5720758
5124,3408,3.5390842
5124,440,3.4859781
5124,1396,3.4823534
5124,1177,3.4741085
5124,3361,3.4618688
5124,199,3.4386337
5124,2499,3.3254287
5124,2391,3.2887323
5124,3044,3.2876792
5124,364,3.2865908
5124,1721,3.08822
5124,85,3.0250049
5353,1204,4.372758
5353,912,4.364868
5353,1231,4.068349
5353,1997,3.9085147
5353,2474,3.5549316
5353,2145,3.2954223
5353,3005,3.2922626
5353,2724,3.2556868
5353,70,3.2070165
1825,1198,3.924532
1825,47,3.8450637
1825,3360,3.7846153
1825,1246,3.7158623
1825,2671,3.6446347
1825,2791,3.5865624
1825,3948,3.5452602
1825,171,3.5144968
1825,3256,3.5012655
1825,1396,3.4229813
1825,3253,3.399971
1825,3408,3.392467
1825,998,3.3333583
1825,3418,3.3305645
1825,543,3.2644176
1825,534,3.1426663
1825,144,3.1350245
5473,50,4.529507
5473,904,4.478499
5473,1267,4.3737097
5473,1221,4.3644123
5473,1200,4.295014
5473,2396,4.15026
5473,2819,4.1228685
5473,628,4.099098
5473,1210,3.981876
5473,1374,3.8961577
5473,1748,3.8893611
5473,2288,3.8577762
5473,592,3.7972136
5473,1356,3.707398
5473,2989,3.6519516
5473,1591,2.8653026
4701,1136,4.7306795
4701,1213,4.7276855
4701,1961,4.5159054
4701,3421,4.50598
4701,2716,4.3291454
4701,265,4.2913294
4701,380,4.2268944
4701,2012,3.8833907
4701,1917,3.8351705
3441,1704,3.6376874
3441,1784,3.4683154
3441,2268,3.4575613
3441,3948,3.3481293
3441,780,3.3405397
3441,3255,3.3303275
3441,2125,3.3219087
3441,2686,3.1916356
3441,3513,3.0732694
3441,648,3.0449934
3441,3259,3.03234
3441,1049,2.996307
3441,434,2.963938
3441,3186,2.9356418
3441,2997,2.906914
3441,3798,2.8631673
3441,1597,2.8597443
3441,1821,2.7932665
3441,39,2.7495103
3441,1616,2.6963758
3441,3827,2.6489134
3441,3426,2.6213472
3441,3176,2.600696
3441,3484,2.5955148
3441,224,2.5841348
3441,3869,2.5692694
3441,207,2.511673
3441,3825,2.486462
3441,2272,2.457126
3441,3535,2.441826
3441,3257,2.4340212
3441,1916,2.217523
3441,2497,2.2136104
3441,3824,1.7051486
3412,50,4.8851724
3412,318,4.8408146
3412,47,4.6426964
3412,480,4.5611844
3412,1206,4.470714
3412,1214,4.462169
3412,1610,4.460131
3412,2948,4.4521785
3412,3471,4.450608
3412,1321,4.439978
3412,337,4.333227
3412,1370,4.299591
3412,1748,4.2511506
3412,2916,4.179935
3412,3005,4.149295
3412,3635,4.114569
3412,1093,4.0873604
3412,104,4.0775733
3412,1375,4.0761023
3412,1552,4.059915
3412,848,4.0483146
3412,86,3.9967055
3412,3259,3.9633107
3412,163,3.9038866
3412,1769,3.8815153
3412,3865,3.8561647
3412,2334,3.8000312
3412,3525,3.5473228
3412,731,3.5465617
1091,2028,3.603299
1091,480,3.3232555
1091,1792,2.9492548
1091,2858,2.916046
1091,2033,2.7200906
1091,415,2.0213313
3186,1248,4.225378
3186,2726,4.1896772
3387,912,4.1768684
3387,2858,3.9619927
3387,2028,3.8920298
3387,1222,3.7348237
3387,1625,3.502498
3387,1188,3.4674308
3387,2268,3.4246805
3387,2542,3.3434
3387,1732,3.3160539
3387,589,3.293335
3387,3176,3.0067458
3387,1711,2.8167593
3387,695,2.1127665
3387,2875,1.6813244
2486,1945,4.3572326
2486,1300,4.0753555
2486,909,4.0428658
2486,529,3.9701753
2486,1245,3.9378474
2486,3424,3.8800185
2486,3347,3.876847
2486,3160,3.804339
2486,3174,3.3614979
2486,3319,2.0626924
1777,1225,4.1205516
1777,1206,3.9657958
1777,1240,3.926544
1777,1406,3.0531373
1527,527,4.118461
1527,1214,3.5509036
1527,1213,3.4618576
1527,1208,3.3667643
1527,1080,3.0887694
1527,2728,3.0783753
1527,648,2.8370204
1527,3457,2.1342978
1527,2412,1.2073607
5785,296,4.770767
5785,2858,4.7141514
5785,1200,4.5621805
5785,2396,4.5369663
5785,1240,4.492698
5785,1784,4.462584
5785,3418,4.2789364
5785,2763,4.2148914
5785,2353,4.1433992
5785,164,4.1307497
5785,3358,4.1252975
5785,524,4.0983353
5785,1615,4.0863543
5785,3513,3.8506718
575,3510,4.0515795
575,539,3.993694
575,1396,3.990585
575,3948,3.9158099
575,1917,3.9127436
575,2916,3.9017687
575,1527,3.8880424
575,1376,3.858157
575,2355,3.8480628
575,2700,3.8148475
575,316,3.8041356
575,2763,3.7954335
575,2861,3.652704
575,2605,3.6050324
575,2881,3.5886583
575,2321,3.5639012
575,3898,3.350399
575,2642,2.945259
2523,1247,4.4134226
2523,2791,4.173464
2523,778,4.117955
2523,223,4.0448833
2523,1282,4.0345044
2523,2000,3.9206002
2523,481,3.5025496
2523,2105,3.4931304
2523,2628,3.3134294
2523,1970,2.3843584
4878,1234,4.160781
4878,111,3.8166742
4878,539,3.7108688
4878,11,3.6767247
4878,2352,3.6419506
4878,2355,3.6230705
4878,2470,3.4907918
4878,3591,3.2479317
4878,39,3.243944
4878,766,3.230701
4878,537,2.8735108
3587,587,4.40718
3587,3809,4.0452375
3587,3802,3.698709
4476,527,4.5665636
4476,908,4.5581455
4476,1136,4.496774
4476,608,4.4830294
4476,2858,4.394699
4476,1247,4.346137
4476,1952,4.2781982
4476,3504,4.1750464
4476,1214,4.158611
4476,2289,4.1023726
4476,2238,4.0178475
4476,1270,3.9925416
4476,1265,3.926401
4476,2075,3.8919892
4476,2968,3.8761725
4476,3133,3.8651414
4476,2529,3.619177
4476,1019,3.5950367
4476,1584,3.5239072
4476,3700,3.454547
4476,3702,3.4205155
4476,2287,3.281008
4476,3624,3.1694083
4476,2553,2.9869063
4476,1573,2.9060118
4476,1334,2.808693
4476,2666,2.6692948
4476,2428,1.6795993
5745,318,4.549306
5745,2762,4.3285117
5745,2858,4.2274513
5745,1610,3.9694018
5745,2115,3.556108
5745,3052,3.5291476
5745,2161,3.4619665
5745,507,3.4547415
5745,2058,3.3878345
1049,2858,4.382937
1049,994,4.1422086
1049,866,3.8598542
1049,2144,3.6871388
1049,1653,3.672842
1049,1372,3.0532477
1049,3099,2.8551445
1049,1676,2.0926218
568,3198,4.4881964
568,110,4.472914
568,356,4.3497977
568,124,3.6525671
4205,2968,3.8605773
4205,2193,3.6993246
4205,2628,3.325861
4205,2826,3.0272622
4205,3615,2.8010786
4205,2147,2.628893
4298,1212,4.843974
4298,260,4.792711
4298,950,4.65017
4298,1358,4.639349
4298,1278,4.568996
4298,111,4.565522
4298,593,4.552305
4298,1211,4.5170903
4298,1041,4.503517
4298,1265,4.437785
4298,1079,4.420994
4298,2729,4.4115
4298,1210,4.394309
4298,3361,4.357357
4298,2139,4.313979
4298,2085,4.238431
4298,2931,4.225508
4298,2968,4.2149725
4298,1029,4.181242
4298,1916,4.092533
4298,2100,4.0899725
4298,441,4.032678
4298,2021,3.9178624
4298,2469,3.904233
4298,1091,3.8019063
4298,2122,3.7047276
4298,2380,3.3297398
4298,2383,2.8396926
4881,527,4.6735363
4291,1198,4.6310887
4291,1199,4.3265653
4291,1036,4.32125
4291,924,4.307881
4291,1200,4.283647
4291,1270,4.195849
4291,3471,4.1551123
4291,1374,4.057384
4291,3793,4.035041
4291,1527,4.0341797
4291,1097,4.0163274
4291,1019,3.968257
4291,2232,3.779565
4291,2454,3.7722716
4291,1101,3.7362483
4291,494,3.6580694
4291,3745,3.648349
4291,1876,3.6236029
4291,1371,3.586613
4291,3269,3.5612416
4291,3701,3.5460033
4291,2533,3.3286934
4291,512,3.0974064
4291,1377,3.0763268
4291,2526,1.9250766
4291,1389,1.5260931
5604,1212,4.2528663
5604,969,4.252371
5604,1250,4.186167
5604,47,4.045401
5604,356,3.9704115
5604,920,3.9158516
5604,2686,3.8685431
5604,539,3.8666701
5604,2248,3.8392038
5604,2467,3.781494
5604,1784,3.7571084
5604,3074,3.653339
5604,1732,3.6509116
5604,523,3.638559
5604,2081,3.608509
5604,3342,3.6037579
5604,2355,3.5986755
5604,1397,3.5864887
5604,1125,3.5752196
5604,1186,3.539169
5604,1959,3.5347397
5604,1922,3.4456084
5604,1544,3.4162555
5604,862,3.4102256
5604,2939,3.3602104
5604,468,3.289934
5604,362,3.1713002
5604,2340,3.145162
5604,1919,3.07053
5604,2427,3.0024488
5604,1894,2.8584414
5604,2805,2.8191383
508,527,4.5854487
508,1197,4.4345117
508,1196,4.382658
508,3897,4.263329
508,1097,4.206702
508,2797,4.089952
508,247,4.0202384
508,1265,4.005975
508,2406,3.8686457
508,1580,3.8436158
508,2117,3.8425162
508,1374,3.8344183
508,1356,3.803883
508,2140,3.7955334
508,1376,3.6873624
508,1527,3.6751301
508,3142,3.637698
508,2344,3.6354094
508,3479,3.5856864
508,2600,3.4625854
508,2528,3.4553487
508,2628,3.4463754
508,2393,3.4358683
508,2021,3.2431476
508,2410,3.0319698
508,2699,3.016412
508,24,2.8942695
508,185,2.5797632
508,1920,2.365617
508,2815,2.2883987
3935,1201,4.1405416
3935,47,4.0936494
3935,1270,4.055003
3935,34,3.7566104
3935,500,3.6106048
3935,2391,3.5563552
3935,2463,3.5525713
3935,514,3.5432966
3935,1645,3.5162973
3935,1620,3.458463
3935,2023,3.3462791
3935,707,3.2818031
3935,3176,2.9722166
3935,3752,2.9496675
937,1225,4.541688
937,1206,4.32314
937,924,4.264694
937,2761,4.194923
937,1580,4.1177683
937,2268,4.092413
937,1261,4.0793576
937,3751,4.0553837
937,1673,4.0537133
937,1275,4.0507016
937,2000,4.0485406
937,2406,3.9903517
937,968,3.9806547
937,1527,3.9208734
937,1393,3.899605
937,380,3.897049
937,2916,3.8811493
937,1297,3.8784099
937,2455,3.8544893
937,1092,3.816649
937,3430,3.7903116
937,2926,3.7215054
937,3786,3.6995983
937,3755,3.6851654
937,1129,3.6830406
937,2135,3.6450493
937,1552,3.6370263
937,1255,3.6175911
937,2617,3.6138964
937,1385,3.482916
937,1330,3.4816084
937,3016,3.4579914
937,1544,3.3939319
937,2826,3.2382677
937,2699,3.2201304
937,1983,3.0699005
937,1037,3.0407507
937,3857,2.9004874
937,1977,2.8099508
937,3710,2.5206811
937,3695,2.0523858
4418,1262,4.4754314
4418,50,4.378868
4418,3030,4.3301234
4418,919,4.2644157
4418,3897,4.2502174
4418,1284,4.244401
4418,1278,4.221749
4418,2396,4.1768665
4418,1617,4.096509
4418,36,4.0869603
4418,2935,4.086287
4418,800,4.0729628
4418,3504,4.019043
4418,994,3.9891706
4418,2940,3.98403
4418,2010,3.9821405
4418,2917,3.9531865
4418,2932,3.9530892
4418,3135,3.9202983
4418,2890,3.8973937
4418,3536,3.838893
4418,3713,3.8370957
4418,2511,3.8312063
4418,3310,3.7986915
4418,417,3.798303
4418,1729,3.7906532
4418,3948,3.7876968
4418,440,3.7722418
4418,412,3.7524428
4418,2697,3.6773098
4418,1395,3.661118
4418,3880,3.6156816
4418,986,3.5850086
4418,1614,3.5252495
4418,3719,3.4489417
1940,1196,4.7831416
1940,110,4.673312
1940,1201,4.626335
1940,1094,4.3199105
1940,2941,4.265698
1940,3476,4.0908065
1940,3763,4.071866
2628,2959,4.1834927
2628,36,4.08755
2628,1242,4.0669813
2628,3498,3.9572415
2628,3019,3.937917
2628,3060,3.914123
2628,1968,3.900074
2628,2076,3.8074653
2628,866,3.7961788
2628,509,3.7349925
2628,1094,3.716143
2628,1959,3.5144076
2628,151,3.4331176
2628,21,3.2719173
2628,1051,3.227416
2628,1840,3.1926956
2628,2474,3.183705
2628,3684,2.822772
2628,454,2.821501
2628,3272,2.5432658
2628,350,2.3120718
2628,3584,2.148306
2628,1783,2.0839672
2628,78,2.046174
2628,1888,1.9628859
3432,1240,3.7721071
3432,1275,3.596775
3432,3039,3.526536
3432,1527,3.4494336
3432,2599,3.4172444
3432,380,3.3913765
3432,1396,3.311482
3432,2916,3.3105743
3432,2735,3.2044792
3432,3841,2.8751688
3432,196,2.658821
5861,903,4.2872205
5861,2324,4.282463
5861,2203,4.255742
5861,913,4.219305
5861,2208,4.1517324
5861,947,4.0166807
5861,2819,3.991045
5861,1240,3.981019
5861,2917,3.9277601
5861,3044,3.8641157
5861,2212,3.8422012
5861,2967,3.695937
5861,357,3.6193745
5861,349,3.617979
5861,1732,3.6160345
5861,3082,3.322422
5861,2110,3.0907388
5861,1894,3.0127227
5861,160,2.6426725
384,2896,3.0738568
4050,1198,4.6585712
4050,3683,4.4741197
4050,1269,4.429427
4050,1287,4.4289293
4050,1084,4.394535
4050,1947,4.332841
4050,1240,4.2233934
4050,2871,4.136587
4050,3703,4.0573215
4050,3068,4.0556083
4050,2020,3.9814026
4050,1909,3.9414403
4050,217,3.536571
3087,318,4.945951
3087,1104,4.695238
3087,1394,4.524995
3087,593,4.5232787
3087,3114,4.489667
3087,2918,4.451335
3087,1291,4.425231
3087,2352,4.4046626
3087,595,4.321956
3087,3175,4.2786074
3087,364,4.2779775
3087,1923,4.264782
3087,3044,4.2312374
3087,1641,4.2088423
3087,733,4.206817
3087,1094,4.14939
3087,671,4.142415
3087,25,4.1118937
3087,832,4.109826
3087,491,4.0164185
3087,2006,3.9926865
3087,2640,3.9886148
3087,2394,3.9725974
3087,1101,3.9648569
3087,780,3.9534452
3087,2205,3.9493864
3087,2424,3.9295382
3087,1619,3.8833938
3087,60,3.8795884
3087,1573,3.841908
3087,2294,3.8374918
3087,691,3.7671475
3087,1888,3.6667879
3087,2469,3.651172
3087,74,3.606267
3087,378,3.5225189
3087,3285,3.2740371
3087,2497,3.1211953
3087,2385,2.821569
3087,360,2.6666677
3087,3824,2.404761
887,858,4.304453
887,457,3.8375583
887,1610,3.6836495
887,1466,3.6601157
887,1356,3.4630666
887,832,3.3990104
887,141,3.3712614
887,1645,3.3166423
887,3712,3.171957
887,2023,2.838215
3653,50,4.9437876
3653,1304,4.694237
3653,2918,4.6232824
3653,1294,4.579471
3653,32,4.4827113
3653,1288,4.4814415
3653,1265,4.417478
3653,3871,4.3972626
3653,1270,4.379902
3653,3471,4.3743305
3653,3681,4.349519
3653,3703,4.213617
3653,2000,4.1567388
3653,2455,4.1059203
3653,3087,3.969047
4152,1221,4.515748
4152,1200,4.3247833
4152,1266,4.284691
4152,2997,4.2692604
4152,2788,4.2225046
4152,3363,4.070815
4152,3735,4.0457067
4152,34,4.043865
4152,2352,4.038892
4152,2278,3.5365558
4152,2085,3.3540702
4152,1092,3.322754
4152,3649,3.1761012
4152,2694,2.1234903
2611,1148,4.25974
2611,1252,4.1953106
2611,1193,4.1717577
2611,1704,4.0708137
2611,1200,3.9668484
2611,2804,3.9577556
2611,1201,3.9448044
2611,1293,3.9168143
2611,1960,3.9112875
2611,2762,3.8621492
2611,1663,3.8313422
2611,1357,3.8058197
2611,474,3.7884626
2611,3098,3.766422
2611,3551,3.7602277
2611,2071,3.7325258
2611,47,3.714666
2611,2797,3.7106025
2611,1873,3.6835294
2611,3418,3.6809921
2611,73,3.6730556
2611,2366,3.6099036
2611,3039,3.6083622
2611,1393,3.6034079
2611,1215,3.5101123
2611,2371,3.5020409
2611,3213,3.453967
2611,3702,3.4537802
2611,3052,3.445858
2611,2427,3.4409928
2611,2987,3.3836858
2611,3176,3.33572
2611,3300,3.3133295
2611,2335,3.1421828
2611,2416,3.129631
2611,2985,3.110189
2611,2410,3.05938
2611,2694,2.7254732
2611,1377,2.6438327
2611,1609,1.9824209
2611,2122,1.631481
2611,3877,1.452924
5938,608,4.672281
5938,2194,4.3116264
5938,3859,4.2565966
5938,440,4.2208576
5938,1517,4.0962515
5938,2690,4.0589294
5938,349,3.9275951
5938,2115,3.2581787
5938,1009,2.8094087
2936,318,4.810012
2936,903,4.642006
2936,3114,4.5195003
2936,306,4.5110836
2936,2997,4.4198723
2936,3088,4.4034805
2936,1719,4.339907
2936,34,4.2540054
2936,1665,2.3527174
36,260,4.6655617
36,3196,4.6460657
36,1299,4.625139
36,2858,4.553868
36,2194,4.5258875
36,1307,4.432534
36,480,4.4260473
36,2391,4.4043803
36,1266,4.3776836
36,3052,4.3393354
36,6,4.3276825
36,2671,4.311437
36,3952,4.2839723
36,1370,4.2725058
36,2797,4.264204
36,30,4.2606344
36,1663,4.2543154
36,2424,4.218887
36,1608,4.206193
36,3087,4.1959906
36,647,4.1751604
36,1645,4.1637926
36,2774,4.115856
36,2916,4.093936
36,1573,4.028215
36,708,3.9744766
36,1676,3.9150114
36,3863,3.891046
36,1135,3.8657951
36,1920,3.8402917
36,2369,3.810763
36,2269,3.7428107
36,466,3.595852
4087,1198,4.17027
4087,3578,3.8857203
4087,2694,2.7553766
4087,3005,2.7021842
4087,2428,2.180604
178,1304,4.3992124
178,1956,4.2174606
178,3467,4.2171197
178,3545,4.040819
178,2083,3.9433997
178,2311,3.80236
178,2100,3.74594
1353,2804,3.7348523
1353,3751,3.3998597
1353,1032,2.6617744
1353,1033,2.399343
1133,527,4.4897914
1133,2804,4.3390846
1133,593,4.3352833
1133,541,4.2644525
1133,1200,4.230347
1133,1263,4.177155
1133,1222,4.160942
1133,1259,4.1213264
1133,3552,3.934208
1133,2948,3.8310647
1133,1034,3.7143166
1133,2000,3.6153288
1133,3706,3.5568848
1133,2476,3.161842
1133,1061,3.1258268
1133,266,3.1061444
1133,707,2.9484212
1133,780,2.903959
1133,1352,2.8762326
1133,466,2.380515
1133,240,2.0439057
1133,2986,1.8934143
1133,1986,1.3064387
1133,762,1.2081362
2817,1266,4.425233
2817,150,4.3640537
2817,1210,4.3413553
2817,2997,4.3190556
2817,497,4.282508
2817,1584,4.1142693
2817,3052,4.063752
2817,2353,3.9895942
2817,1356,3.9815493
2817,377,3.9376533
1746,1196,5.035369
1746,1288,4.9457664
1746,2300,4.896635
1746,678,4.879447
1746,541,4.829844
1746,1274,4.731018
1746,595,4.7264214
1746,2687,4.635093
1746,3213,4.6132584
1746,1907,4.5819597
1746,3703,4.554603
1746,2664,4.5545635
1746,2981,4.526918
1746,551,4.520762
1746,3159,4.5124173
1746,223,4.5043135
1746,3397,4.5005226
1746,2926,4.4787445
1746,2321,4.4773345
1746,2640,4.423824
1746,968,4.3734174
1746,2430,4.2577114
1746,1191,4.2032337
1746,1030,4.134236
1746,586,4.131542
1746,1320,4.125704
1746,1391,4.0601025
1746,2532,4.012098
1746,1373,3.9203265
1746,2428,3.8892412
1746,1882,3.7151191
1746,2034,3.7053905
1746,405,3.6728067
1746,3572,3.312344
1746,519,3.053106
5249,1198,4.147961
5249,2571,4.054064
5249,539,3.7210217
5249,1275,3.6905355
5249,11,3.5898356
5249,2716,3.5875635
5249,1127,3.512982
5249,349,3.4913278
5249,1527,3.4756522
5249,7,3.4342046
5249,1909,3.4151206
5249,1183,3.398191
5249,1396,3.3268938
5249,1466,3.285071
5249,695,3.279385
5249,2567,3.2766917
5249,282,3.263414
5249,1409,3.2363205
5249,2735,3.2268136
5249,2956,3.2263012
5249,1801,3.2185888
5249,2749,3.1448245
5249,3879,3.008301
5249,1687,3.0018775
5249,9,2.9206014
5249,2463,2.8858333
5249,276,2.6429226
5249,3130,2.5815053
5249,405,2.277878
3577,3578,4.255181
3577,1408,3.9757226
3577,289,3.6718788
3577,3269,3.6702602
3577,361,3.6428106
3577,140,3.6327128
3577,2485,3.5962903
3577,74,3.5787327
5283,1248,4.3191257
5283,919,4.265552
5283,3000,4.102083
5283,1222,4.0914145
5283,3578,4.087412
5283,1240,4.0397234
5283,1214,4.024318
5283,2010,4.0003185
5283,364,3.9729614
5283,968,3.9406834
5283,1022,3.9253683
5283,1374,3.8812695
5283,3159,3.8061786
5283,733,3.8060095
5283,3039,3.7689307
5283,1527,3.766296
5283,1019,3.5884113
5283,1088,3.564653
5283,3565,3.42958
5283,2617,3.2609422
5283,736,3.2496445
5283,1334,3.111422
5283,434,2.949974
5283,153,2.8367772
5283,1391,2.7669668
5283,1373,2.5963376
5283,2549,2.4234753
5283,3705,2.407889
5283,172,2.2853608
5283,1590,2.1489193
1905,3089,4.3790693
1905,750,4.3591547
1905,951,4.220621
1905,1238,3.8324714
5775,858,4.5602093
5775,1193,4.422058
5775,1089,4.25021
5775,2788,4.1528234
5775,1304,4.1427593
5775,994,4.098732
5775,921,3.9702737
5775,16,3.95928
5775,1285,3.936458
5775,1220,3.9181185
5775,3104,3.9119134
5775,1171,3.9077723
5775,2302,3.8576272
5775,1125,3.8542109
5775,535,3.824679
5775,1393,3.7408533
5775,733,3.723363
5775,3524,3.6311274
5775,2174,3.6109605
5775,1701,3.5930972
5775,81,3.5855331
5775,1404,3.4482412
5952,1136,4.6709757
5952,3462,4.631995
5952,457,4.579753
5952,1944,4.564357
5952,1206,4.5035563
5952,3093,4.2033377
5952,1179,4.1873
5952,2968,4.162636
5952,671,4.0043783
5952,368,3.9612398
5952,1876,3.8012528
3496,2858,4.178501
3496,1500,3.7063336
4728,527,4.1955075
4728,2762,4.020341
4728,1358,3.9349785
4728,2300,3.8953543
4728,608,3.8691995
4728,912,3.850914
4728,150,3.8287122
4728,1610,3.7669735
4728,497,3.7503963
4728,2020,3.718232
4728,1680,3.6960373
4728,1580,3.6911244
4728,3479,3.6700244
4728,474,3.6403937
4728,1380,3.6293452
4728,3702,3.6115487
4728,1345,3.5942197
4728,171,3.5871198
4728,1073,3.5801573
4728,3408,3.5693374
4728,3552,3.5643194
4728,377,3.5530717
4728,1897,3.5527732
4728,69,3.5477602
4728,302,3.5347183
4728,1672,3.5231595
4728,7,3.510264
4728,2109,3.5070343
4728,3033,3.4939828
4728,1959,3.481996
4728,3107,3.4729998
4728,2527,3.4626765
4728,236,3.4477224
4728,1346,3.4415336
4728,3623,3.4358866
4728,2683,3.4208353
4728,3087,3.4152946
4728,329,3.413815
4728,2013,3.4137177
4728,2025,3.4054601
4728,2335,3.4016037
4728,86,3.3938756
4728,1347,3.3921726
4728,525,3.390254
4728,2657,3.3898711
4728,3261,3.382897
4728,2672,3.381103
4728,3247,3.3213918
4728,1352,3.3107023
4728,694,3.2909155
4728,3791,3.288721
4728,3693,3.2740433
4728,2269,3.2574599
4728,44,3.252758
4728,2427,3.2355862
4728,132,3.2192564
4728,2107,3.2000618
4728,3802,3.1806197
4728,166,3.177694
4728,2123,3.1595078
4728,1644,3.1381567
4728,1405,3.089438
4728,1091,3.0275629
4728,1681,2.966647
4283,3114,4.076545
4283,3450,3.8069086
4283,10,3.7700734
4283,1476,3.7657118
4987,480,3.9457362
4987,377,3.674932
4987,2916,3.6493754
4987,2353,3.6222963
4987,648,3.5593042
4987,112,3.4470549
4987,1047,3.4400637
2453,2357,4.0708475
2453,2692,4.04897
2453,1213,3.960074
2453,111,3.9092507
2453,1245,3.8900158
2453,2194,3.888004
2453,3897,3.8507276
2453,1610,3.847383
2453,1968,3.8458688
2453,475,3.8379772
2453,1376,3.812799
2453,2611,3.7724428
2453,162,3.749661
2453,2908,3.7270262
2453,1580,3.711528
2453,1921,3.7076907
2453,1103,3.7055578
2453,3078,3.7049086
2453,2243,3.696144
2453,493,3.6902888
2453,3408,3.6898885
2453,1542,3.666736
2453,2395,3.666274
2453,2321,3.639328
2453,1966,3.625358
2453,3915,3.5848947
2453,2690,3.5847838
2453,3255,3.5822957
2453,1633,3.574855
2453,1660,3.5542512
2453,2470,3.5532613
2453,1799,3.5503292
2453,2240,3.5460258
2453,367,3.5433378
2453,509,3.5345047
2453,377,3.5267885
2453,1088,3.5243015
2453,2006,3.4647272
2453,266,3.4474468
2453,1769,3.4325666
2453,3863,3.4176316
2453,3082,3.3800368
2453,2976,3.3775039
2453,2420,3.374981
2453,2822,3.3606915
2453,3785,3.35881
2453,3249,3.3279333
2453,1385,3.2836223
2453,517,3.2522109
2453,2833,3.2243934
2453,270,3.204886
2453,2688,3.1980524
2453,2787,3.1859193
2453,2393,3.184114
2453,466,3.155033
2453,3316,3.1018744
2453,3835,3.034003
2453,288,3.031825
2453,1833,3.0103405
2453,1562,2.9813337
2453,19,2.971531
2453,3752,2.9479656
2453,704,2.8161228
2453,2906,2.7255237
2453,1626,2.718255
2453,2950,2.4362407
2453,173,2.4244018
2453,2643,2.180455
2123,2671,4.26976
2123,2424,4.2357845
2123,2875,4.1305547
2123,1894,3.8862092
2123,1453,3.5936239
5226,1201,4.163527
5226,1610,3.9219756
5226,1643,3.838155
5226,2076,3.7963812
5226,3635,3.4336386
5226,3702,3.2153823
5226,377,3.1399822
5226,2418,2.9093075
345,1247,4.6822157
345,1228,4.549999
345,2362,2.9254136
5442,858,4.6692405
5442,2762,4.529053
5442,2858,4.4053793
5442,47,4.270831
5442,16,4.0086155
5442,2700,3.8949845
5442,2763,3.7850761
5442,235,3.6253247
5442,2881,3.1073751
3437,1197,4.7825947
3437,3052,4.279292
3437,1500,4.1773005
1188,260,4.500429
1188,1304,4.221059
1188,457,4.1329784
1188,1036,4.126108
1188,2268,3.913582
4362,858,4.213514
4362,1196,3.9418697
4362,1236,3.8740067
4362,1537,3.8277926
4362,3728,3.6714768
4362,2359,3.6702259
4362,1240,3.639083
4362,290,3.588114
4362,337,3.526656
4362,1517,3.0682964
4362,1563,2.9104652
4362,2640,2.7497265
4362,480,2.6197734
4362,1437,2.560011
4362,1371,2.2808218
4362,434,2.1743855
4362,1378,2.1263206
4362,13,1.8742695
4362,3208,1.708475
4362,327,1.6864779
4362,2616,1.643964
4362,2713,1.4708245
4064,720,4.099819
4064,954,4.0954256
4064,2858,4.0389595
4064,1104,4.0255218
4064,1136,4.018029
4064,913,3.9959984
4064,3307,3.9773393
4064,1278,3.9008245
4064,1242,3.8467772
4064,3471,3.762743
4064,3462,3.736185
4064,2396,3.713659
4064,1348,3.6856604
4064,1243,3.6855192
4064,2194,3.6806896
4064,2248,3.6663685
4064,356,3.6612349
4064,2176,3.6358309
4064,247,3.6338813
4064,6,3.6237621
4064,3551,3.6237288
4064,2919,3.5945628
4064,1913,3.5734963
4064,562,3.5461473
4064,1179,3.497642
4064,551,3.4948466
4064,1962,3.4720683
4064,2118,3.4271157
4064,190,3.3971477
4064,1734,3.389341
4064,594,3.3728976
4064,364,3.3715076
4064,3163,3.3703322
4064,2390,3.3127618
4064,1357,3.3075886
4064,1032,3.2887497
4064,2779,3.2425146
4064,1730,3.2423515
4064,3069,3.2342947
4064,1171,3.2297146
4064,1517,3.2279112
4064,1396,3.2208774
4064,508,3.2126222
4064,345,3.2123175
4064,1321,3.2021375
4064,2348,3.1755147
4064,1035,3.1746476
4064,1025,3.121582
4064,346,3.1049523
4064,3178,3.0901265
4064,2423,3.0701487
4064,141,3.0585463
4064,3398,3.049745
4064,3110,2.9387903
4064,316,2.8482037
4064,2420,2.7867281
4064,2414,2.773682
4064,2406,2.7591884
4064,2250,2.7584624
4064,2781,2.7566059
4064,198,2.7522252
4064,1024,2.751657
4064,2554,2.738308
4064,1135,2.7157235
4064,2634,2.7102504
4064,3676,2.69928
4064,3099,2.6811054
4064,371,2.6546412
4064,2683,2.6428182
4064,2454,2.631496
4064,282,2.6148322
4064,2356,2.5827093
4064,3445,2.5568328
4064,2424,2.5515783
4064,3704,2.481225
4064,1487,2.480531
4064,2249,2.4520206
4064,1876,2.4458447
4064,1917,2.4263597
4064,3264,2.370123
4064,3732,2.3484867
4064,1015,2.292799
4064,2266,2.2765536
4064,2,2.2722306
4064,1391,2.1818237
4064,2430,2.1741188
4064,5,2.127314
4064,2638,2.0833893
4064,2035,2.0786207
4064,3388,2.0594401
4064,455,1.9612553
4064,239,1.9050888
4064,436,1.9030585
4064,2986,1.8867414
4064,637,1.850513
4064,2523,1.7708149
4064,711,1.6603928
4064,3710,1.6022241
3712,1196,4.33985
3712,1262,4.3338985
3712,1270,4.02985
3712,480,3.9686522
3712,1276,3.962385
3712,733,3.9424872
3712,1265,3.910972
3712,1663,3.8855677
3712,2248,3.881471
3712,2302,3.8425422
3712,380,3.7847543
3712,1073,3.7023516
3712,780,3.7006464
3712,1080,3.698762
3712,368,3.6744075
3712,3461,3.6551132
3712,2617,3.5049558
3712,3809,3.5034719
3712,494,3.4968944
3712,3036,3.47288
3712,852,3.4477105
3712,2735,3.4261253
3712,2094,3.2460976
3712,434,3.2405121
3712,1513,3.1752255
3712,788,3.169979
3712,1037,2.9062862
3712,1377,2.811038
4950,1207,4.4024343
4950,912,4.3166285
4950,1221,4.313569
4950,1198,4.299961
4950,1234,4.246335
4950,1197,4.1693316
4950,2300,4.1387424
4950,2064,4.1160774
4950,2206,4.0928946
4950,1358,4.0864797
4950,2396,4.057277
4950,3338,4.0528684
4950,1206,4.0169454
4950,1086,3.966663
4950,1097,3.9562356
4950,2020,3.8653853
4950,1282,3.8386045
4950,34,3.8101711
4950,235,3.7839456
4950,1270,3.7686534
4950,223,3.7660706
4950,337,3.742871
4950,41,3.7408915
4950,1845,3.7391908
4950,1050,3.6970773
4950,1777,3.6594
4950,2000,3.6339936
4950,3052,3.6232533
4950,1580,3.6106434
4950,3358,3.5986638
4950,3386,3.5700057
4950,2022,3.5502787
4950,2746,3.461832
4950,3186,3.4382794
4950,2474,3.4351916
4950,3608,3.378449
4950,2640,3.3635721
4950,3555,3.3413477
4950,3070,3.272337
4950,2759,3.1970353
4950,736,3.1491845
4950,3745,3.1383898
4950,1479,3.0122259
4950,2082,2.7837927
4950,2505,2.7807362
4950,3798,2.642343
4950,2724,2.6390464
4950,2794,2.3651493
4950,1806,2.040623
2114,2858,4.385908
2114,1617,4.3011804
2114,47,4.234028
2114,2716,3.9860454
2114,1994,3.9359128
2114,2640,3.7814093
2114,1912,3.7792602
2114,524,3.7633247
2114,3450,3.7438369
2114,2023,3.6803608
2114,2628,3.6619992
2114,1573,3.4576511
2114,748,3.3468335
2114,303,3.2823033
2114,3909,3.1916592
2114,2471,3.1877031
2114,1552,3.1335092
2114,1681,2.065782
4626,50,4.4232926
4626,318,4.4011374
4626,2571,4.162511
4626,1961,4.1436086
4626,590,4.057247
4626,150,4.0565376
4626,1240,3.997469
4626,356,3.98161
4626,1259,3.9516077
4626,1185,3.9333484
4626,497,3.898716
4626,589,3.8977594
4626,2918,3.8542905
4626,2947,3.8426015
4626,1095,3.8173776
4626,16,3.7918885
4626,265,3.787181
4626,2716,3.7809286
4626,1641,3.7455993
4626,474,3.7267802
4626,3358,3.691166
4626,3039,3.6725135
4626,1500,3.668389
4626,1672,3.5863552
4626,350,3.5321987
4626,2371,3.4980083
4626,2245,3.4276736
4626,14,3.4274604
4626,2463,3.4164097
4626,2249,3.4005492
4626,2420,3.3732862
4626,2002,3.370259
4626,3712,3.3444886
4626,2094,3.2758222
4626,100,3.2672899
4626,3254,3.2467506
4626,3686,3.2153642
4626,1422,3.1972928
4626,3219,3.165841
4626,3263,3.1357257
4626,2410,3.0374594
4626,2524,3.0046341
4626,1552,2.7387965
4626,2411,2.6643531
3654,969,4.198995
3654,1304,4.1703653
3654,541,4.1602283
3654,3114,4.1381807
3654,1291,4.040539
3654,29,3.9407754
3654,1079,3.9293056
3654,589,3.905471
3654,2951,3.8673182
3654,2194,3.864031
3654,3677,3.837207
3654,1374,3.8242235
3654,2662,3.7997024
3654,3181,3.764256
3654,1610,3.4768543
3654,2278,3.4255674
3654,493,3.4155397
3654,2193,3.4134781
3654,1356,3.3952963
3654,592,3.3613791
3654,2734,3.3081994
3654,112,3.2622733
3654,2470,3.1982024
3654,165,3.0023685
3654,1866,2.8704152
3654,1438,2.1978588
4889,858,4.9990907
4889,923,4.8279505
4889,1240,4.6762633
4889,1172,4.648327
4889,1200,4.602231
4889,1961,4.5590277
4889,1265,4.4915557
4889,11,4.479221
4889,1580,4.430075
4889,1376,4.4264226
4889,364,4.4082355
4889,1873,4.37632
4889,592,4.297865
4889,780,4.274134
4889,2989,4.234175
4889,2174,4.220111
4889,3107,4.1413584
4889,3259,4.1246243
4889,292,4.0904455
4889,3623,4.090252
4889,105,3.976068
4889,2404,3.2350895
1311,527,4.6004906
1311,1213,4.353324
1311,1197,4.351289
1311,1287,4.225153
1311,3793,3.8632426
1311,1380,3.839997
1311,364,3.830243
1311,2470,3.7781208
1311,2087,3.7472124
1311,780,3.6603372
1311,2002,3.6149015
1311,736,3.6133864
1311,1909,3.567317
1311,2057,3.5141065
1311,2012,3.4940825
1311,2641,3.4849682
1311,1552,3.3369327
1311,1024,3.3203168
1311,158,3.2253916
1311,303,2.954822
1311,1391,2.863776
1311,2389,2.8030336
1311,435,2.7872002
1311,2091,2.6757436
1311,2530,2.6359181
1311,3781,2.6331012
1311,885,2.4805179
1311,2701,2.4118073
80,527,4.623107
80,3418,3.8930352
80,1356,3.805531
5663,2571,4.411516
5663,1196,4.3225546
5663,2396,4.146668
5663,1275,3.9317255
5663,6,3.9023774
5663,2716,3.8937838
5663,1370,3.8322468
5663,3098,3.8281279
5663,2020,3.8076606
5663,2739,3.8018022
5663,1374,3.7952511
5663,1917,3.788126
5663,34,3.7632377
5663,3260,3.7563887
5663,2826,3.7269037
5663,2393,3.6913676
5663,648,3.6856077
5663,164,3.6814833
5663,3635,3.6772318
5663,3107,3.5905979
5663,151,3.5886257
5663,3005,3.555369
5663,3703,3.5244396
5663,2294,3.52007
5663,2089,3.4132123
5663,2,3.3068848
5663,3354,3.1973596
5663,1779,3.1970558
5663,2279,3.114013
5663,2053,3.038141
5663,126,2.4464028
306,2571,4.5311413
306,1228,4.3867874
306,1625,4.2158537
306,628,4.1205835
306,2268,4.1139097
306,3448,4.101423
306,3552,4.021034
306,3868,4.0205946
306,6,4.0045996
306,349,3.955737
306,216,3.9202108
306,2167,3.890074
306,1552,3.8727198
306,3409,3.789867
306,996,3.7476745
306,3177,3.3950486
306,288,3.322545
306,2701,3.157962
2472,1204,4.376607
2472,1234,4.2646813
2472,3198,4.1171284
2472,2918,4.0579433
2472,3421,4.0180798
2472,1222,4.0144663
2472,590,4.006221
2472,2871,3.9465861
2472,16,3.8032377
2472,3424,3.7577057
2472,2150,3.727458
2472,2108,3.7185268
2472,1285,3.7155366
2472,3252,3.6831024
2472,597,3.6764934
2472,3868,3.6639526
2472,1693,3.6227405
2472,2706,3.6197433
2472,3753,3.5711613
2472,180,3.4750333
2472,3176,3.4342632
2472,1824,3.3837132
2472,1407,3.3832526
2472,1615,3.3744416
2472,2916,3.364491
2472,1883,3.3118382
2472,3712,2.9846907
2472,3534,2.8891156
2472,3917,2.8263087
2472,1130,2.7565832
2472,2513,2.5672252
2472,662,2.5192041
2905,904,4.5077295
2905,1086,4.143756
2905,1259,4.0641646
2905,2797,4.0031557
2905,1580,3.5605197
2905,1909,3.4505246
2905,3591,3.4271321
2905,1589,3.3287697
3131,2324,3.8744624
3131,1953,3.66086
3131,1263,3.4011827
3131,3788,3.3867369
3131,1305,3.2191558
1975,920,3.9132922
1975,2542,3.9093242
1975,1914,3.8432844
2004,1253,4.282411
2004,1270,4.2339973
2004,3793,4.2040834
2004,1282,4.0506716
2004,3033,3.913494
2004,1653,3.8490953
2004,2046,3.8446012
2004,3638,3.7493079
2004,2641,3.6390905
2004,256,3.5320435
2004,3354,3.1741958
2004,2643,2.6100595
97,296,4.7696657
97,930,4.747984
97,919,4.6939955
97,898,4.688237
97,111,4.6756105
97,1069,4.386843
97,2565,4.3015466
97,2210,4.2747955
97,3932,4.2639227
97,3087,3.8583117
1762,260,4.4997654
1762,1193,4.449354
1762,1952,4.1270766
1762,1036,4.091218
1762,589,3.9483387
1762,555,3.8505373
1762,1408,3.8337777
1762,3178,3.7878814
1762,2529,3.723082
1762,493,3.6127605
1762,1101,3.6079817
1762,2353,3.4232981
2595,296,4.112876
2595,110,3.9561796
2595,2762,3.877205
2595,1682,3.6744561
2595,1625,3.6213207
2595,1921,3.5887096
2595,1552,3.4991844
2595,1376,3.4756484
2595,2393,3.2947388
2595,344,3.105943
2595,3785,3.0320053
2595,3764,2.9220848
2595,2042,2.7691383
3528,1214,3.6498296
3528,1327,2.8588111
3528,2901,2.501697
3528,1128,2.2890706
3528,2790,2.177695
3528,1987,2.0115309
3528,2149,1.9267906
3528,2614,1.703377
3528,1322,1.613671
5266,527,4.621505
5266,1213,4.4063253
5266,1617,4.241907
5266,3418,3.8343701
1033,1204,4.3689795
1033,599,4.250602
1033,3037,4.10072
1033,2761,4.057466
1033,3481,3.9623346
1033,3681,3.9167972
1033,3751,3.762931
1033,1580,3.7062187
1033,2291,3.6842241
1033,2527,3.6492257
1033,2455,3.3905244
1033,1676,3.318582
1033,3301,3.2987046
1033,3519,3.2813082
1033,2012,3.1643152
1033,3173,3.0408187
1033,3441,2.9930592
1033,2322,2.8900847
1033,466,2.7812753
1033,3511,2.3527422
1033,3692,2.0225444
1033,2404,1.9943585
715,2064,4.3075824
715,2966,4.2143555
715,1673,4.0569143
715,1171,3.9288018
715,3952,3.8278005
715,367,3.34741
5327,1036,4.8462973
5327,1288,4.781767
5327,1200,4.742111
5327,2336,4.566077
5327,1968,4.5378656
5327,2150,4.429824
5327,1965,4.406661
5327,2081,4.4001193
5327,3703,4.39496
5327,2763,4.3820324
5327,3527,4.180235
5327,2193,4.1034527
5327,2683,3.5432615
5327,3157,3.0377007
5327,2050,2.1750152
5327,3438,2.0298607
5327,2907,1.6930913
5327,2449,1.2347146
2781,904,4.679532
2781,923,4.640378
2781,1228,4.6300297
2781,913,4.5529776
2781,1147,4.5140624
2781,593,4.475416
2781,1674,4.4314895
2781,111,4.3835144
2781,1244,4.366173
2781,1209,4.3560266
2781,741,4.2903204
2781,1348,4.2223816
2781,2871,4.216308
2781,2686,4.2130113
2781,2677,4.1942987
2781,2288,4.1177597
2781,2861,4.06229
2781,3751,4.0414305
2781,458,3.763279
2781,2827,3.4514823
2781,2574,3.4481897
2781,2710,3.379936
3717,745,4.2347217
3717,1270,4.0411777
3717,3471,3.9568245
3717,1956,3.9314623
3717,36,3.9075499
3717,3159,3.8969715
3717,3952,3.8715658
3717,1954,3.8704193
3717,1994,3.752466
3717,2916,3.7509296
3717,3420,3.7457864
3717,866,3.7439442
3717,671,3.5828536
3717,3555,3.5604305
3717,2407,3.5471416
3717,1500,3.520282
3717,2985,3.5161762
3717,2490,3.5062141
3717,2133,3.4650564
3717,2617,3.437567
3717,198,3.435476
3717,3534,3.3733675
3717,2746,3.3244824
3717,3791,3.224175
3717,1371,3.1687293
3717,1995,3.1192613
1897,260,4.394394
1897,912,4.345756
1897,750,4.3084836
1897,1267,4.27397
1897,1197,4.2011747
1897,3470,4.1658516
1897,296,4.1316953
1897,3006,4.022994
1897,924,4.00937
1897,1096,3.9790893
1897,1952,3.9637294
1897,3671,3.959576
1897,1259,3.9490595
1897,307,3.942473
1897,1300,3.9234748
1897,1246,3.8934584
1897,1176,3.8809986
1897,3201,3.8792965
1897,2917,3.8590052
1897,3510,3.858446
1897,615,3.8473449
1897,2575,3.8438668
1897,529,3.8296344
1897,1073,3.7717056
1897,2730,3.7674985
1897,2160,3.7618933
1897,3098,3.755327
1897,1094,3.74015
1897,1964,3.73992
1897,3060,3.7389855
1897,538,3.7311485
1897,2239,3.7158785
1897,3788,3.7112422
1897,121,3.7108483
1897,2872,3.707664
1897,1955,3.7025638
1897,2442,3.7010617
1897,2355,3.6864884
1897,515,3.6837645
1897,1082,3.66711
1897,3951,3.6361136
1897,2083,3.628059
1897,263,3.6213217
1897,1533,3.6122408
1897,300,3.6105573
1897,3538,3.584147
1897,2708,3.5821106
1897,141,3.578436
1897,621,3.5714178
1897,3320,3.5231073
1897,3158,3.5219173
1897,2276,3.5162177
1897,3125,3.5043597
1897,2443,3.5040603
1897,2349,3.4883666
1897,3211,3.458931
1897,1875,3.4339895
1897,3827,3.4132068
1897,3588,3.3900213
1897,3112,3.3690655
1897,2976,3.3630939
1897,3308,3.3575811
1897,3473,3.3441863
1897,3756,3.310327
1897,2770,3.274037
1897,3943,3.2546816
1897,2424,3.1772275
1897,2688,3.1072042
1897,2758,3.0738583
1897,3264,3.0646858
1897,1677,2.8823693
1201,1617,4.2570014
1201,2959,4.1885967
1201,3578,4.040579
1201,3793,3.83285
1201,3298,3.5595093
1201,2683,3.4601116
3471,2571,4.106894
3471,2324,4.0234385
3471,3730,3.8653367
3471,3147,3.8517363
3471,3000,3.8425744
3471,293,3.8178906
3471,3578,3.7219338
3471,2268,3.687396
3471,3479,3.6812835
3471,535,3.6792703
3471,2797,3.6525054
3471,2721,3.639434
3471,2908,3.6343803
3471,902,3.6228201
3471,17,3.610542
3471,1834,3.6098142
3471,223,3.5781457
3471,474,3.5648026
3471,539,3.5588827
3471,3252,3.5394723
3471,1721,3.5153995
3471,480,3.486353
3471,2176,3.478595
3471,2700,3.4619253
3471,2193,3.4459124
3471,349,3.4411201
3471,1732,3.420393
3471,125,3.396821
3471,610,3.3665721
3471,1120,3.3410091
3471,1370,3.3119133
3471,650,3.3000872
3471,2628,3.29246
3471,3274,3.266083
3471,1619,3.2597022
3471,253,3.2250905
3471,39,3.1983085
3471,1858,3.193255
3471,3081,3.176504
3471,2976,3.165361
3471,2134,3.1645133
3471,2826,3.1493855
3471,2271,3.1358407
3471,2124,3.12559
3471,2128,3.1212492
3471,3809,3.1095228
3471,2294,3.1025639
3471,3893,3.101315
3471,802,3.1010566
3471,3444,3.0558405
3471,3005,3.0547707
3471,1883,3.0330381
3471,2794,2.9647532
3471,511,2.9479017
3471,1895,2.9263837
3471,2836,2.8996453
3471,317,2.8536372
3471,2384,2.8486943
3471,3478,2.8442953
3471,3113,2.8223503
3471,2427,2.8118064
3471,1686,2.7985296
3471,23,2.7661917
3471,2328,2.7200298
3471,2374,2.684036
3471,2717,2.5895185
3471,1801,2.5769517
3471,2263,2.5435865
3471,379,2.4688165
3471,2713,2.362319
3471,1461,2.319591
3471,3316,2.273314
3471,2906,1.9423118
3471,2719,1.921523
3471,1623,1.9180944
3471,704,1.7696882
434,923,4.5630503
434,2920,4.3983345
434,1028,4.1675296
434,596,4.044297
434,2355,4.0336657
434,2085,3.7320879
434,2098,3.1396322
1176,1204,4.7454853
1176,110,4.45815
1176,1200,4.458129
1176,2947,4.3009534
1176,2795,4.276776
1176,1240,4.219486
1176,3039,4.1620073
1176,34,4.1148214
1176,2968,4.1083784
1176,1959,4.059662
1176,2011,4.0273523
1176,2174,3.872339
1176,2640,3.8639112
1176,1371,3.7961273
2539,2571,4.2086353
2539,1287,4.0302243
2539,2872,3.7034984
2539,3418,3.4806151
2539,2529,3.4520342
2539,3527,3.3245625
2539,377,3.203887
282,2858,4.3667517
282,3256,3.7411637
282,832,3.3649514
282,1438,2.6237574
1207,318,3.592038
1207,3578,3.4954617
1207,1961,3.4701524
1207,1225,3.4232888
1207,2571,3.4152656
1207,1028,3.124516
1207,16,2.994741
1207,32,2.8971975
1207,1215,2.8867834
1207,1393,2.8299556
1207,1416,2.829507
1207,1356,2.8099163
1207,2058,2.7984316
1207,3203,2.7808218
1207,2243,2.7660801
1207,2178,2.7564924
1207,2080,2.750743
1207,2003,2.7264283
1207,524,2.6974416
1207,1619,2.6333504
1207,1518,2.6029859
1207,986,2.571426
1207,2391,2.5636225
1207,410,2.532153
1207,1895,2.5260544
1207,2087,2.4928517
1207,2002,2.4913974
1207,1690,2.4823172
1207,648,2.4121332
1207,1885,2.4062543
1207,828,2.3518405
1207,3917,2.330707
1207,2316,2.2500362
1207,2004,2.2444038
1207,434,2.2397184
1207,3699,2.2283306
1207,2262,2.2277055
1207,786,2.2157168
1207,1405,2.193266
1207,203,2.1104941
1207,153,2.0565243
1207,317,2.0430331
1207,1352,2.0230527
1207,2428,2.0081587
1207,3249,1.9781551
1207,3660,1.9661218
1207,3918,1.9308764
1207,330,1.8931944
1207,2335,1.8444917
1207,2107,1.8221251
1207,1746,1.7715256
1207,1037,1.7614385
1207,19,1.717375
1207,1644,1.6759725
1207,1717,1.635649
1207,688,1.6090682
1207,2851,1.5793922
1207,12,1.4701524
1207,3180,1.4650983
1207,2514,1.3198402
1207,1005,1.3140638
1207,1381,1.2844106
1207,2315,1.2689717
1207,1731,1.1741829
61,3753,3.6698685
61,1721,3.6060572
61,3948,3.5396924
61,3252,3.5358002
61,3882,3.246902
61,3784,2.9274004
61,786,2.525103
4260,1197,3.8567321
4260,3360,3.8176572
4260,1960,3.7597814
4260,2797,3.6778255
4260,3175,3.6462955
4260,3039,3.556894
4260,3499,3.5457225
4260,1220,3.5330224
4260,1407,3.4043667
4260,2065,3.4023182
4260,2427,3.38294
4260,3608,3.3651533
4260,163,3.34025
4260,610,3.3174636
4260,253,3.2960496
4260,2406,3.2377934
4260,852,3.197105
4260,736,3.1444032
4260,3638,3.1137698
4260,1441,3.0428205
4260,3053,3.0179834
4260,2901,2.9875402
4260,3013,2.9646735
4260,2405,2.93472
4260,273,2.7657216
4260,2517,2.7475774
4260,2789,2.735364
4260,3752,2.7222698
4260,2327,2.6788416
4260,1468,2.6659102
4260,3918,2.625642
4260,2402,2.4732213
4260,12,2.4119306
4260,3572,2.020263
1852,3793,3.6317637
1852,3702,3.4303012
1852,3704,2.7632432
1875,1247,4.2740107
1875,930,4.200834
1875,3114,4.1806397
1875,909,4.093739
1875,1947,4.0558815
1875,1259,3.9871483
1875,2791,3.956392
1875,2948,3.933404
1875,3421,3.9231234
1875,597,3.9002905
1875,1923,3.8839772
1875,2115,3.713058
1875,3494,3.6965594
1875,1380,3.5894046
1875,1535,3.5548282
1875,2985,3.4853547
1875,3591,3.4659863
1875,2541,3.453283
1875,2424,3.4485078
1875,780,3.4317098
1875,10,3.431434
1875,2105,3.3523355
1875,2805,3.2766185
1875,1573,3.263352
1875,2247,3.2605805
1875,2002,3.259016
1875,3534,3.2358677
1875,1894,3.1331778
1875,2724,3.089519
1875,1381,1.8586822
3130,1263,3.4977474
3130,69,3.436815
3830,908,4.7821617
3830,608,4.5750327
3830,593,4.5497613
3830,1617,4.499101
3830,3683,4.4964266
3830,28,4.4245443
3830,1089,4.414363
3830,2728,4.371476
3830,3083,4.3274803
3830,1210,4.319322
3830,2843,4.020362
3830,1910,4.013167
3830,233,3.9686935
3830,1695,3.9630961
3830,3794,3.8725224
3830,2801,3.8592215
3830,1919,3.6556308
3830,3355,3.5788212
3830,3276,3.3842382
685,1291,3.7526815
685,480,3.702126
685,2406,3.5477445
685,10,3.449497
685,497,3.3968568
685,1200,3.341754
685,2145,3.2800536
685,2423,3.0863335
685,2617,3.068839
5410,356,4.1802807
5410,3685,3.7732048
5410,2710,3.1640167
5410,1911,2.812405
5410,3705,2.1254325
4591,1198,4.2884836
4591,2028,4.124639
4591,593,3.9869523
4591,914,3.9783244
4591,3006,3.9092426
4591,1,3.8673337
4591,1222,3.7831144
4591,595,3.7741838
4591,1244,3.7586107
4591,1931,3.6726665
4591,1639,3.611017
4591,1921,3.571245
4591,2716,3.5639882
4591,368,3.4563732
4591,1721,3.452726
4591,2455,3.4519901
4591,25,3.4432104
4591,1307,3.4410655
4591,1093,3.4018393
4591,3831,3.4006705
4591,2683,3.392315
4591,1909,3.3664904
4591,2640,3.366203
4591,3082,3.345222
4591,1645,3.2611785
4591,3812,3.252209
4591,163,3.2510102
4591,1566,3.2060099
4591,3514,3.1440477
4591,2581,3.0939822
4591,2123,3.067997
4591,968,3.0135632
4591,3638,2.9800136
4591,2402,2.9169822
4591,2641,2.8983483
4591,2717,2.775812
4591,1030,2.741602
4591,2448,2.6318183
4591,485,2.5490777
4591,3764,2.4941237
4591,2404,2.320339
4591,258,2.3005583
4591,1606,2.1619937
4591,1862,2.148571
4591,2373,2.131534
4591,2525,2.1010032
4591,2412,1.9196197
4591,2498,1.8799868
5129,541,4.243104
5129,1617,4.20991
5129,111,4.185312
5129,1214,4.1262636
5129,1097,4.0729804
5129,3527,3.8928113
5129,671,3.7578835
5129,2495,3.7448099
5129,1517,3.6140246
5129,3176,3.6066506
5129,2770,3.5368745
5129,1327,3.2563825
5129,344,3.24875
5129,3113,2.9419508
5129,1590,2.495799
3585,908,4.310602
3585,1945,4.2001677
3585,954,4.1541653
3585,1949,4.0879345
3585,1276,4.05669
3585,899,4.0416455
3585,1231,3.983028
3585,971,3.8412137
3585,3654,3.7873821
3585,1103,3.7769043
3585,3668,3.7690222
3585,2080,3.7321262
3585,1946,3.7133977
3585,2070,3.6849928
3585,3069,3.678876
3585,1639,3.6776588
3585,1683,3.615223
3585,803,3.5569978
3585,2939,3.407229
3585,2929,3.3996406
3585,1465,3.3630266
3585,2250,3.3602538
3585,2145,3.3277647
3585,1600,3.2270432
3585,3414,3.1984599
5502,1639,3.9554882
5502,3052,3.9287663
5502,3328,3.8658
5502,3125,3.7453895
5502,3702,3.5730624
5502,3565,3.4802043
5502,1733,3.457531
5502,1829,3.1966465
1960,2762,4.4791603
1960,951,4.3545446
1960,1197,4.2976885
1960,3363,4.006104
1960,3019,3.9987514
1960,3405,3.9815156
1960,2948,3.965732
1960,2739,3.9580545
1960,1302,3.9436784
1960,150,3.9270287
1960,3068,3.915029
1960,265,3.897098
1960,2757,3.8219566
1960,3361,3.794561
1960,2000,3.7458074
1960,1295,3.7113445
1960,2774,3.6850443
1960,480,3.6032739
1960,2291,3.5834255
1960,2987,3.5608873
1960,3684,3.5296302
1960,1721,3.4880378
1960,2707,3.3633878
1960,3301,3.2149768
1960,1088,3.132332
1560,913,4.311269
1560,2858,4.2792106
1560,969,4.2541046
1560,1036,4.12485
1560,2997,4.095893
1560,1220,3.9788556
1560,1387,3.9607215
1560,3516,3.8308337
1560,2395,3.7473097
1560,2406,3.7365522
1560,2167,3.720416
1560,1374,3.715477
1560,2707,3.6942708
1560,2640,3.6609817
1560,2622,3.5954447
1560,2006,3.5559084
1560,3534,3.2816758
1560,3519,3.2014294
1560,2713,2.8466885
1560,2699,2.6347282
1560,3646,2.5329337
1560,2147,2.2855198
5357,2541,3.6837766
5357,1513,3.419111
5357,2126,3.1226997
1256,1953,4.5060563
1256,1210,4.0836973
5133,2762,4.794214
5133,3176,3.8518565
5133,3174,3.7686024
5133,3186,3.6765609
5133,2996,3.3182197
5133,733,3.1785376
5133,2628,2.8226414
2725,589,4.0782757
2725,3868,3.8485603
2725,70,3.0357695
2725,3869,2.932625
3926,1732,4.107622
3926,3844,3.9830217
3926,1587,3.9563024
3926,3807,3.7482724
3926,3826,2.7208395
1843,2804,4.4689827
1843,1244,4.3598027
1843,3920,3.9504685
1843,2022,3.6151023
1843,480,3.4315472
1843,1580,3.2725062
1843,70,3.0600212
1843,3617,2.776985
1843,3753,2.675239
5135,1961,4.2613673
5135,1210,4.080571
5135,2117,3.8776739
5135,2003,3.6229997
5135,2792,3.4827204
701,527,4.3229856
701,2324,4.0927005
701,47,3.7688918
701,223,3.548768
701,2959,3.455194
701,2108,3.408633
701,3270,3.3223996
701,2431,3.3119287
701,3707,2.798708
5530,2571,4.1847124
5530,919,4.1609306
5530,1225,4.1115937
5530,1288,4.0880604
5530,1036,3.9134083
5530,1060,3.8698626
5530,3007,3.859621
5530,3317,3.8375866
5530,1265,3.8056707
5530,1282,3.8048544
5530,1302,3.7844691
5530,1289,3.7449312
5530,555,3.7289467
5530,2502,3.7105556
5530,2295,3.6904178
5530,1392,3.639665
5530,1885,3.601387
5530,588,3.592087
5530,3723,3.5858707
5530,342,3.5544126
5530,1693,3.5352798
5530,3386,3.5021186
5530,1959,3.4488063
5530,222,3.427718
5530,3167,3.419383
5530,1285,3.3947
5530,94,3.373514
5530,1580,3.3600292
5530,1407,3.3478525
5530,280,3.3152092
5530,3020,3.1998703
5530,72,3.1935942
5530,539,3.1888175
5530,2085,3.1867418
5530,2025,3.160049
5530,1836,3.1444674
5530,3712,3.132639
5530,1672,3.1296134
5530,1345,3.1147172
5530,2916,3.088584
5530,2134,3.0425704
5530,1031,2.9241345
5530,2011,2.7911465
5530,2506,2.6438975
5530,450,2.6391852
5530,2090,2.6033854
5530,2581,2.5952666
5530,3138,2.5814655
5530,1088,2.5160773
5530,500,2.5135381
5530,2147,2.4676423
5530,292,2.4128633
5530,2106,2.3978415
5530,724,2.2964048
5530,2410,2.213301
5530,2717,2.2015555
5530,170,2.1946752
5530,270,2.0451314
5530,1043,2.0425587
5530,1605,2.0308337
5530,1586,1.9994359
5530,153,1.928077
5530,2961,1.8637537
5530,2322,1.8393773
5530,498,1.812161
5530,1726,1.7123845
5530,489,1.5830146
5530,2568,1.3896155
679,1198,4.4175477
679,1219,4.166383
679,1090,4.070364
679,1214,4.06283
679,2918,4.0486703
679,47,4.046439
679,1275,3.876306
679,2664,3.8382473
679,592,3.423043
679,3930,3.3276153
679,1191,3.0668736
4499,260,4.7212305
4499,1213,4.6383514
4499,1625,4.3042016
4499,2118,4.0400043
4499,1061,3.8173296
4499,780,3.7333374
5063,260,4.835601
5063,2186,4.746596
5063,1203,4.7023067
5063,110,4.58009
5063,3088,4.522754
5063,2959,4.4830112
5063,2565,4.383872
5063,915,4.291548
5063,1270,4.233268
5063,1959,3.493762
5063,3109,3.4142745
5063,3157,3.046033
5063,2724,2.6951158
5063,3273,1.9051694
5063,1877,1.2246361
4014,1517,4.290556
4014,3253,4.1420493
4014,1356,4.053422
4014,1375,3.9593978
4014,2002,3.9307532
4014,187,3.9017763
4014,3639,3.885135
4014,88,3.8286722
4014,1128,3.765376
4014,2793,3.7080777
4014,1503,3.6079018
4014,330,3.5497875
4014,466,3.529202
4014,327,3.501305
4014,1468,3.4617236
4014,1602,3.289991
4014,1623,3.271171
4014,3031,3.1703863
4014,2380,3.156477
4014,2392,3.1212924
4014,1976,2.949262
4014,3694,2.6608386
4014,2383,2.5873117
3658,318,4.813182
3658,1219,4.617417
3658,2571,4.609902
3658,527,4.586182
3658,2351,4.4963827
3658,2858,4.4952626
3658,608,4.4554462
3658,1269,4.454021
3658,2300,4.4332995
3658,541,4.387709
3658,1201,4.3838596
3658,3341,4.288726
3658,1259,4.2883205
3658,3471,4.2199483
3658,1673,4.1360598
3658,2160,4.1039233
3658,1936,4.0528493
3658,1913,4.0169272
3658,2285,4.012439
3658,3447,3.963805
3658,3844,3.8863473
3658,2361,3.820902
3658,2455,3.7170181
3658,198,3.69607
3658,3033,3.6814342
3658,1194,3.6809664
3658,2985,3.6717272
3658,3809,3.60824
3658,3649,3.5760772
3658,2781,3.5654714
3658,2369,3.4112263
3658,1690,2.9539125
5697,3578,4.2365665
5697,3360,4.046051
5697,3102,3.7181964
5697,552,3.5826561
4762,1207,4.496733
4762,1131,4.285431
4762,1104,4.187849
4762,945,4.1698637
4762,1211,4.057659
4762,300,3.7958593
4762,3424,3.7549963
4762,3118,3.611263
4762,573,3.5641828
5031,2028,4.7290316
5031,2324,4.6807876
5031,58,4.3647885
5031,838,4.2138667
5031,1968,4.1953583
5031,1183,4.031069
5031,3108,3.9870625
5031,3426,3.765051
5031,1496,2.9849865
1380,1610,3.9243617
1380,150,3.9106474
1380,1073,3.7639542
1380,3916,3.683282
1380,2890,3.5961993
1380,671,3.593874
1380,2273,3.547397
1380,2167,3.5399566
1380,1356,3.535965
1380,1597,3.5119677
1380,1372,3.4258692
1380,368,3.2801836
1380,2723,3.2717195
1380,1806,3.220053
1380,3438,3.169364
1380,2094,3.1528172
1380,3889,2.9532542
1380,2701,2.9292958
1380,2053,2.8580005
1380,1126,2.756284
1380,3439,2.744408
1380,1739,1.6582028
3745,2336,3.9350743
3745,2502,3.9030113
3745,3793,3.8526554
3745,2542,3.8475142
3745,1500,3.7444494
3745,2987,3.734767
3745,3253,3.674747
3745,2490,3.5105886
3745,1883,3.4647906
3745,3614,3.444647
3745,586,3.3325684
3745,453,3.3029478
3745,2694,3.2760034
3745,1020,3.2375355
3745,830,3.2057948
3745,2252,3.1787395
3745,370,3.0847309
3745,2699,2.9293404
3745,3841,2.8959262
3745,2995,2.1092813
423,2694,2.788794
423,2492,2.7207508
423,2336,2.6244593
423,2568,2.4205801
929,50,4.336897
929,1136,4.321373
929,1197,4.3199596
929,296,4.2925487
929,1208,4.2909627
929,1288,4.1909146
929,1617,4.1794844
929,1225,4.151518
929,457,4.0738416
929,150,4.0575066
929,1923,4.020126
929,2947,3.9991891
929,1240,3.987856
929,1610,3.9114475
929,1125,3.7594368
929,2915,3.7472548
929,2987,3.7373106
929,1407,3.7258
929,3087,3.686487
929,21,3.6448627
929,1370,3.643162
929,760,3.6236417
929,3760,3.615044
929,2403,3.5869608
929,1587,3.5814455
929,1375,3.5472827
929,3704,3.4248512
929,145,3.4121225
929,2059,3.327589
929,1405,3.1962323
929,1690,3.1109498
929,1627,2.964866
929,3497,2.792836
929,2816,2.124116
3416,2289,4.082761
3416,6,4.0524263
3416,3499,4.027901
3416,1376,3.9656641
3416,380,3.891806
3416,1407,3.8766775
3416,1584,3.8733366
3416,1370,3.8711705
3416,2139,3.8552194
3416,3052,3.8459625
3416,441,3.7889357
3416,1693,3.759719
3416,2009,3.7520247
3416,342,3.7380486
3416,3358,3.6747293
3416,1544,3.6629121
3416,3476,3.5418591
3416,580,3.522085
3416,2598,3.5155063
3416,3489,3.4806476
3416,3698,3.4526527
3416,2613,3.3509982
3416,2279,3.3500268
3416,2322,3.3081293
3416,564,3.2223186
3416,849,3.2124555
3416,23,3.1761713
3416,2606,3.1504102
3416,1831,3.121879
3416,2548,3.054408
3416,1849,3.0514205
3416,3802,2.9850292
3416,464,2.79802
3416,436,2.7685225
3416,2153,2.222902
3416,1599,1.6984476
44,858,4.595234
44,1304,4.350994
44,2918,4.157598
44,1394,4.1522713
44,2716,4.069456
44,2872,3.9647155
44,1282,3.9282963
44,3396,3.9067616
44,3011,3.7956011
44,1527,3.7210255
44,592,3.6984637
44,2321,3.6650453
44,2407,3.6481438
44,1754,3.6265485
44,2470,3.5987158
44,3927,3.5744305
44,1030,3.2715912
44,736,3.1750438
2679,953,4.4068336
2679,296,4.345953
2679,916,4.320116
2679,969,4.2749743
2679,2396,4.1107044
2679,1080,4.0224514
2679,949,3.9872012
2679,2599,3.9865549
2679,17,3.9742014
2679,1103,3.9011953
2679,2352,3.8965697
2679,588,3.8697624
2679,1282,3.851994
2679,364,3.8310308
2679,2565,3.7870064
2679,474,3.7220042
2679,2144,3.7194579
2679,3175,3.7065897
2679,543,3.2619781
2679,3070,3.1050978
2679,2712,2.8951652
2679,3489,2.5661974
3890,2997,4.3855743
3890,3362,4.3432407
3890,2542,4.3011107
3890,2797,4.2799845
3890,1441,3.8664212
3890,3263,3.6187565
3754,1136,4.243622
3754,541,4.136095
3754,3683,4.1053767
3754,1263,4.1009083
3754,1240,4.0780964
3754,1210,4.0318604
3754,2921,4.014491
3754,1293,4.008153
3754,2797,3.9941359
3754,3201,3.9339275
3754,2352,3.915139
3754,2312,3.8558278
3754,1376,3.843985
3754,2971,3.833372
3754,2406,3.832267
3754,1962,3.8198652
3754,3424,3.8148594
3754,1374,3.8009853
3754,2401,3.7966127
3754,2109,3.7438993
3754,3635,3.7062025
3754,2866,3.6946898
3754,2528,3.625429
3754,1034,3.6167226
3754,2001,3.5355062
3754,2240,3.5261831
3754,3524,3.5073407
3754,3261,3.4865074
3754,1375,3.4748557
3754,2021,3.450748
3754,2466,3.4223123
3754,2346,3.3979616
3754,2956,3.293798
3754,2459,3.2865665
3754,2416,3.2320838
3754,2051,2.800617
3754,3688,2.7991562
3754,2163,2.4549098
1923,3851,3.621934
1923,3928,3.4383614
1923,3827,3.2725644
1923,3764,3.20826
1923,1327,3.1668925
390,1252,4.469595
390,1219,4.455083
390,1193,4.4507074
390,923,4.449479
390,1248,4.4294796
390,2858,4.340554
390,2664,4.1588306
390,1175,4.1556735
390,3747,4.082073
390,2657,3.8722272
390,3569,3.867983
390,3751,3.8640506
390,3676,3.850897
390,3893,3.8308876
390,2097,3.7506437
390,2291,3.718225
390,2003,3.6448658
390,2148,3.6277897
390,2853,3.574974
390,2746,3.4675853
390,1327,3.393355
390,3919,3.1158557
390,2460,2.965665
390,2614,2.8811593
5937,750,3.85299
5937,1233,3.749367
5937,1036,3.6197581
5937,1258,3.5562992
5937,1997,3.4621034
5937,1663,3.375186
5937,1222,3.325779
5937,441,3.3136663
5937,610,3.2172492
5937,2150,3.215802
5937,3039,3.1894855
5937,3398,3.062398
5937,2797,2.9694903
5937,2468,2.7576387
5937,3552,2.7135408
339,912,4.581234
339,923,4.450526
339,1272,4.438588
339,1104,4.4245653
339,1949,4.389939
339,1196,4.387542
339,2238,3.919707
339,1295,3.8339944
339,25,3.7379088
339,2929,3.6931596
339,851,3.580126
5806,922,4.3838854
5806,1178,4.3537965
5806,1237,4.297847
5806,1104,4.2867837
5806,2804,4.2069693
5806,670,4.1973634
5806,924,4.072508
5806,3350,4.0130563
5806,1245,3.9723625
5806,1176,3.962129
5806,1946,3.9150453
5806,3224,3.8765
5806,1683,3.8352883
5806,1103,3.793506
5806,80,3.7798636
5806,1730,3.7347972
5806,3371,3.6970346
5806,1397,3.6746542
5806,2065,3.6389832
4458,50,4.2245536
4458,1148,4.175392
4458,1200,3.9321141
4458,1199,3.931457
4458,1288,3.9115837
4458,593,3.8968759
4458,1674,3.7499094
4458,1179,3.6263864
4458,235,3.5588808
4458,501,3.4917827
4458,661,3.4677794
4458,2657,3.45359
4458,1101,3.4405801
4458,180,3.4018486
4458,288,3.38695
4458,1711,3.3854785
4458,346,3.3825672
4458,1190,3.3593402
4458,3706,3.350197
4458,21,3.3446255
4458,3082,3.258141
4458,1884,3.200295
4458,2159,3.1912746
4458,380,3.1672046
4458,2826,3.0801466
4458,1339,3.0283937
4458,510,2.9149992
4458,2163,2.7396095
4458,107,2.6094582
4458,1100,2.4320512
2282,110,4.6681204
2282,1097,4.5459228
2282,1265,4.458524
2282,34,4.420519
2282,1909,4.2608976
2282,1127,4.2573147
2282,2424,4.2149773
2282,2640,4.212153
2282,2875,4.162476
2282,2454,4.13869
2282,3863,4.033667
2282,3698,3.9701834
2282,231,3.9070678
2282,1379,3.8409472
2282,379,3.835175
2282,2616,3.65384
3850,508,4.21714
3850,1732,4.1028104
3850,1370,4.0706396
3850,1500,4.044438
3850,1777,4.032317
3850,866,4.0312977
3850,2763,3.9965708
3850,2171,3.9944215
3850,72,3.9026484
3850,2236,3.899551
3850,1799,3.886119
3850,353,3.8643007
3850,18,3.859611
3850,764,3.8394241
3850,1441,3.8207076
3850,3409,3.7182565
3850,2770,3.7166913
3850,358,3.6829557
3850,2975,3.6735492
3850,3254,3.6651976
3850,2840,3.633772
3850,1816,3.5788894
3850,3620,3.5760436
3850,1629,3.5730348
3850,3173,3.473678
3850,408,3.3432229
3850,2188,3.3258746
4726,2762,4.3750925
4726,1196,4.293463
4726,1617,4.2140036
4726,589,4.159461
4726,32,4.1062136
4726,1041,4.0793357
4726,508,4.071667
4726,34,4.044717
4726,262,3.9362679
4726,3271,3.886327
4726,1732,3.8276348
4726,733,3.7835433
4726,346,3.7716982
4726,1187,3.761845
4726,1396,3.7059932
4726,1810,3.6325543
4726,3176,3.5545053
4726,650,3.511705
4726,2433,3.5087838
4726,2424,3.4658587
4726,105,3.457592
4726,2012,3.4511452
4726,1686,3.4079409
4726,3810,3.3579216
4726,2581,3.3514705
4726,2314,3.3265681
4726,852,3.27662
4726,2190,3.2304347
4726,3623,3.1779907
4726,195,2.9375618
4726,2266,2.8375282
4726,528,2.7762334
4726,415,2.5330687
1806,1213,4.749343
1806,3147,4.7016883
1806,539,4.513167
1806,597,4.4603643
1806,3481,4.4094563
1806,587,4.397183
1806,2693,4.2848473
1806,2763,4.250932
1806,2012,4.234952
1806,1653,4.229966
1806,2394,4.1941614
1806,986,4.154696
1806,292,4.0229635
1806,163,3.967218
1806,1429,3.884426
1806,442,3.7681706
1806,2094,3.6051867
5929,2118,3.834323
5929,3576,3.751385
5929,3081,3.678392
5929,2454,3.6633923
5929,1339,3.6624305
5929,2554,3.5106516
5929,2781,3.4810774
5929,2900,3.3057327
5929,2783,3.2204263
5929,70,2.9208155
5929,2004,2.8900886
5929,1995,2.3191981
5929,2456,2.2648718
5864,1221,4.4920154
5864,497,4.1432004
5864,531,3.8810065
5864,2882,3.4745584
3414,923,4.873022
3414,3578,4.6565433
3414,2194,4.576773
3414,3471,4.5189533
3414,3948,4.4174633
3414,161,4.384736
3414,1092,4.358302
3414,1682,4.284648
3414,1721,4.2749796
3414,2167,4.2228765
3414,1777,4.168819
3414,2278,4.1393785
3414,648,4.121372
3414,2,4.092535
3414,3409,4.0694237
3414,2409,4.063335
3414,2334,3.9896433
3414,786,3.9132535
3414,2143,3.8795826
3414,2405,3.8737566
3414,145,3.873241
3414,1690,3.796621
3414,2558,3.6412768
3414,849,3.392253
3414,2807,2.4134586
3092,260,4.716189
3092,1206,4.396327
3092,1175,4.328451
3092,1270,4.224927
3092,1274,4.1942635
3092,1374,4.0675116
3092,3175,4.0012045
3092,3658,3.9017296
3092,2628,3.5332532
3092,2455,3.4940825
29,260,4.268261
29,969,4.123545
29,1262,4.0764103
29,1222,3.810087
29,2948,3.724279
29,1215,3.4908576
29,1085,3.4552488
29,3726,3.3343878
29,1799,3.3170483
29,733,3.3101723
29,2406,3.3065035
29,377,3.2242417
29,2490,3.1621552
29,3197,2.8785615
2409,2918,4.163661
2409,3897,4.1564646
2409,3504,4.1444836
2409,1246,4.094723
2409,3408,3.9519572
2409,3948,3.8888178
2409,2005,3.7582214
2409,2915,3.7536924
2409,3852,3.7272086
2409,3591,3.6422718
2409,3501,3.623816
2409,2746,3.5537221
2409,2639,3.526138
3917,50,4.482496
3917,2571,4.3982816
3917,17,3.9749284
3917,497,3.9413795
3917,1639,3.9062996
3917,377,3.646138
3917,1615,3.6378515
3917,3176,3.2241356
3917,2881,2.8477075
3917,79,2.8094387
4030,3897,3.824438
4030,2918,3.6960447
4030,1387,3.6581936
4030,1288,3.6458392
4030,1226,3.5933595
4030,1946,3.4815037
4030,2391,3.3879354
4030,333,3.3331304
4030,2403,3.314518
4030,3608,3.227041
4030,3525,3.0031
4030,3688,2.882752
4030,3273,2.8503098
2724,2501,4.312257
2724,2300,4.2718797
2724,2966,4.2457323
2724,2686,4.0896373
2724,539,4.035559
2724,2946,4.019872
2724,2863,4.0162916
2724,2857,3.9821143
2724,907,3.9674487
2724,1500,3.9535234
2724,1380,3.9459548
2724,1732,3.9091601
2724,272,3.8501446
2724,1569,3.834651
2724,2696,3.8335974
2724,543,3.806003
2724,1088,3.8024964
2724,2390,3.780662
2724,43,3.6671178
2724,2622,3.6098638
2724,3247,3.5935454
2724,107,3.555039
2724,516,3.3916616
5786,1237,4.242636
5786,2858,4.1437635
5786,1287,4.012669
5786,232,3.9735336
5786,1036,3.9180622
5786,3210,3.8354325
5786,1078,3.824117
5786,2795,3.8033013
5786,1210,3.764525
5786,1914,3.7626903
5786,1171,3.7348566
5786,3361,3.73017
5786,1663,3.7036593
5786,2109,3.6972437
5786,934,3.6364813
5786,342,3.6307468
5786,39,3.6252987
5786,52,3.5906916
5786,597,3.5721328
5786,1777,3.5153785
5786,991,3.479996
5786,3398,3.4758902
5786,708,3.3382063
5786,2709,3.2745957
5786,500,3.274375
5786,2441,3.231954
5786,2405,3.101489
5786,1629,3.0654335
5786,107,3.0586452
5786,210,2.974165
5786,1461,1.970057
5786,65,1.6572933
5786,1839,1.5933825
1221,1,4.544057
1221,3363,4.3786745
1221,2000,4.3104935
1221,1265,4.298559
1221,2117,4.277418
1221,3101,4.2489414
1221,1374,4.2288294
1221,2424,4.226136
1221,2193,4.155551
1221,1375,4.121234
1221,3927,4.1080174
1221,1777,4.098247
1221,1590,3.8751867
1221,516,3.8694994
1221,673,3.7774007
1221,135,3.774928
1221,1091,3.4199705
6029,3546,3.9927294
6029,3590,2.7819347
6029,3584,2.3615098
4581,950,4.4086776
4581,1,4.346692
4581,2918,4.2801867
4581,1079,4.191558
4581,3363,4.114477
4581,356,4.112983
4581,1968,3.9771543
4581,3039,3.9723914
4581,2792,2.8907232
4581,2381,1.1990688
4581,2382,1.1818838
1474,1196,4.1563463
1474,1175,3.983777
1474,475,3.9539285
1474,1411,3.9394727
1474,3148,3.842645
1474,1210,3.8180802
1474,1921,3.7301593
1474,2839,3.676054
1474,2439,3.6400256
1474,2046,3.1705797
1474,2337,3.1670074
1474,1205,3.063747
1634,3114,4.3442974
1634,2423,4.139481
1634,2291,3.759926
1634,2012,3.6844606
1634,350,3.402952
1634,2497,2.466857
727,318,4.3524733
727,858,4.2183847
727,1172,4.097101
727,1961,3.8984818
727,3507,3.818836
727,1079,3.810584
727,3421,3.7855923
727,1947,3.7644634
727,474,3.7440693
727,1035,3.706377
727,1094,3.7018723
727,597,3.6412325
727,918,3.6307993
727,39,3.613606
727,3100,3.5925357
727,2321,3.571778
727,380,3.563292
727,2690,3.5273376
727,3078,3.4837983
727,500,3.461432
727,52,3.4198446
727,2774,3.4095826
727,1541,3.2670705
727,74,3.1636438
3113,2858,4.3354483
3113,2959,4.2256503
3113,377,3.807652
3113,2273,3.7515419
3113,3174,3.615559
3113,605,3.5649724
3113,297,3.468956
3113,2445,3.3527212
3113,1593,3.2775233
3113,486,3.2100406
3113,460,1.7064623
4879,527,4.324895
4879,1221,4.26324
4879,1223,4.2150893
4879,1256,4.1637096
4879,1284,4.1249824
4879,1217,4.106633
4879,1278,4.068155
4879,1201,4.066824
4879,1228,4.045083
4879,47,4.024282
4879,1235,4.024259
4879,1200,4.021552
4879,909,3.9601336
4879,1086,3.9110355
4879,2947,3.9088507
4879,1214,3.8890538
4879,3152,3.8828144
4879,3671,3.8730955
4879,3578,3.8186524
4879,2204,3.7869308
4879,1748,3.7248023
4879,474,3.705049
4879,838,3.6908848
4879,3361,3.6644857
4879,1094,3.6432543
4879,2366,3.5903852
4879,2076,3.5303676
4879,1275,3.5246415
4879,1959,3.4959137
4879,1958,3.4918313
4879,1081,3.432956
4879,1653,3.4111943
4879,2406,3.3970027
4879,2926,3.3843598
4879,2145,3.3319802
4879,2371,3.3172436
4879,3204,3.314693
4879,349,3.3022301
4879,1645,3.2967167
4879,1339,3.2111497
4879,2759,3.1647243
4879,3771,3.0808687
4879,2012,2.8217692
4879,1371,2.7580523
4879,2802,2.6327393
4879,168,2.2064
481,1304,4.153086
481,933,4.1262293
481,919,4.099807
481,296,4.0992455
481,1244,4.0309086
481,1235,3.9452782
481,1270,3.9321992
481,2948,3.8937309
481,2355,3.872751
481,2130,3.7889524
481,3527,3.7006485
481,2001,3.6630714
481,2012,3.6479995
481,3247,3.5957377
481,2002,3.491729
481,1135,3.4692817
481,2003,3.430192
481,2950,3.0158815
1728,1,4.506208
1728,1348,4.4076123
1728,2137,4.289197
1728,2700,4.105257
1728,661,3.9544373
1728,1405,3.6442409
4804,3728,3.5256443
4804,3702,3.2529054
4804,3726,3.1069891
4804,3714,2.6038296
4804,3773,1.9029133
4804,3721,1.688876
4804,3768,1.2811675
4804,3774,1.1363709
2692,745,4.3054595
2692,296,4.2292843
2692,457,4.169029
2692,16,3.8020175
2692,2690,3.763001
2692,380,3.76265
2692,2353,3.7550056
2692,441,3.7308748
2692,1573,3.7156956
2692,25,3.677519
2692,2490,3.6519647
2692,3081,3.6180983
2692,34,3.574279
2692,1624,3.3869433
2648,3114,4.3385043
2648,3421,4.186657
2648,1210,4.0100775
2648,2664,3.9928222
2648,1321,3.877634
2648,2654,3.7999945
2648,2651,3.3141432
2648,427,2.313472
2895,904,4.826645
2895,1198,4.629796
2895,1147,4.6093173
2895,678,4.514781
2895,800,4.5050516
2895,1952,4.4803476
2895,1997,4.3830442
2895,3006,4.377058
2895,1797,4.3554783
2895,1097,4.3543663
2895,2352,4.3459115
2895,1245,4.3360415
2895,1285,4.236223
2895,3105,4.2276993
2895,125,4.182397
2895,3060,4.1606703
2895,588,4.151934
2895,2915,4.1459346
2895,2144,4.0722685
2895,3868,4.0594625
2895,538,4.046672
2895,2406,3.9937954
2895,2353,3.953104
2895,861,3.880893
2895,3253,3.8781781
2895,10,3.859046
2895,3706,3.8497393
2895,2115,3.8149745
2895,648,3.7576
2895,339,3.65446
2895,1876,3.5000863
2895,2397,3.3925276
2895,1476,3.3571026
2895,2012,3.3299723
2895,3745,3.1999698
2895,3623,3.1271517
2895,2532,2.9698317
2895,3197,2.920177
2895,2410,2.8784738
2895,2421,2.8617291
2895,1544,2.8297238
2895,429,2.6602423
2895,1167,2.6417701
2895,710,1.7331066
3849,2028,3.8868449
3849,924,3.6774278
3849,2662,3.4701195
3849,2021,3.3443544
3849,1019,3.3393779
3849,2012,3.1842215
3849,2533,3.0745275
3849,2968,2.9679925
3849,2054,2.4997451
5137,3793,4.7152166
5137,733,4.654724
5137,3060,4.524005
5137,3723,4.5164742
5137,3702,4.434797
5137,3704,4.209816
5137,1753,4.142515
5137,2560,3.9809074
5137,3715,3.770287
5137,1646,3.760915
5137,330,3.631543
5137,3693,3.6000981
5137,3705,3.5260556
3358,1197,4.379098
3358,920,4.1634135
3358,2336,4.1471653
3358,3363,4.1245623
3358,1079,4.085431
3358,2398,4.0497875
3358,1784,4.041418
3358,934,3.766261
3358,1083,3.7473483
3358,539,3.7436495
3358,339,3.598013
3358,3684,3.5553317
3358,733,3.5240817
3358,45,3.4720237
3358,1339,3.4645576
3358,377,3.4484463
3358,1569,3.4482827
3358,3214,3.4426236
3358,1573,3.412055
3358,3704,3.3631597
3358,2524,3.0621867
3358,1377,3.027306
3358,1100,2.968824
3358,2699,2.9279304
3358,1917,2.9017243
3358,2616,2.6992803
396,953,4.332367
396,1060,3.9236066
396,125,3.8207746
396,1860,3.7026112
396,2690,3.686536
396,2321,3.564411
396,1721,3.3401663
396,1904,3.3192832
396,1777,3.2242312
396,500,2.9880888
396,2124,2.8953323
396,2587,2.4136612
396,2252,2.224779
4073,1792,2.542952
1085,1225,4.165333
1085,474,3.7162743
5957,1617,4.3128347
5957,3000,4.2934217
5957,1200,4.192554
5957,1080,4.128213
5957,1997,4.1231956
5957,1089,4.1126437
5957,3396,4.0407543
5957,1215,3.9403048
5957,1282,3.9295604
5957,2640,3.7552419
5957,3412,3.7181182
5957,1729,3.6754549
5957,610,3.6743872
5957,590,3.660683
5957,1587,3.5954633
5957,1025,3.5927196
5957,1584,3.517462
5957,3033,3.4435365
5957,3213,3.2907658
5957,2506,3.2205088
5957,1967,3.1503735
5957,2046,3.1426296
5957,2012,3.1312401
5957,316,3.0319915
5957,3489,2.739482
5957,520,2.657584
5957,172,2.223629
5957,393,2.1398525
5957,3054,1.7204893
5960,919,4.2271986
5960,2028,4.176752
5960,1294,4.1663733
5960,2918,4.127824
5960,945,4.087995
5960,2336,4.0029154
5960,3421,3.9828825
5960,3548,3.9730215
5960,3244,3.7594247
5960,500,3.690714
5960,2485,3.6167154
5960,1390,3.592607
5960,2702,3.5773375
5960,2245,3.5631795
5960,2676,3.53483
5960,2724,3.4967184
5960,3605,3.4729526
5960,2805,3.4692075
5960,2719,3.4435549
5960,3610,3.327619
5260,1221,4.130532
5260,951,4.0469294
5260,1147,4.0326595
5260,3365,3.9084215
5260,1394,3.752391
5260,1265,3.7032218
5260,1103,3.663213
5260,602,3.6188443
5260,3543,3.610365
5260,3451,3.4843888
5260,3733,3.4767418
5260,1968,3.4608834
5260,3371,3.328096
5260,1187,3.2245903
5260,3699,2.7233884
5260,3070,2.5488062
5260,2657,2.478189
4795,318,4.509492
4795,2360,4.3850636
4795,1172,4.3128233
4795,2859,4.2002125
4795,2070,4.090916
4795,2959,4.0414476
4795,36,4.002437
4795,3916,3.939519
4795,128,3.786773
4795,3418,3.7109966
4795,3609,3.2825084
760,1193,4.606696
760,593,4.5572147
760,1247,4.517942
760,246,4.335562
760,589,4.2725925
760,242,3.622259
760,3535,3.4738045
6021,1198,4.2053895
6021,1291,3.8312044
6021,2948,3.72254
6021,1210,3.6522532
6021,1396,3.479889
6021,1393,3.4786575
6021,471,3.3779368
6021,2406,3.367579
6021,2664,3.2820094
6021,648,3.2697568
6021,1127,3.2002273
6021,2291,3.1579993
6021,1573,2.908803
6021,2613,2.8555818
6021,592,2.8212326
6021,2089,2.7477126
2140,904,4.4060726
2140,2762,4.343015
2140,1267,4.273804
2140,3435,4.2582526
2140,1208,4.2410564
2140,2858,4.2218847
2140,3683,4.1769667
2140,919,4.1606884
2140,1293,4.067727
2140,1244,4.063959
2140,1086,4.0278215
2140,599,4.012794
2140,1953,4.0114384
2140,945,4.0062943
2140,3359,3.9987226
2140,2064,3.9832473
2140,1096,3.8809018
2140,3424,3.828394
2140,3168,3.8226554
2140,1955,3.8104138
2140,3200,3.718183
2140,3499,3.6468244
2140,2239,3.6264706
2140,2161,3.278141
2140,1173,3.1019073
4519,924,4.1657
4519,1214,4.080805
4519,940,4.022655
4519,2896,3.4985251
4519,3701,3.433044
3053,50,4.18638
3053,1221,4.0061507
3053,1248,3.8926823
3053,1288,3.7832832
3053,1220,3.5548882
3053,535,3.5338721
3053,2303,3.5169146
3053,1635,3.4779615
3053,3075,3.4668174
3053,866,3.4441686
3053,1732,3.4375892
3053,190,3.1667361
3053,3476,3.1224704
3053,1517,3.089515
3053,3608,2.9936686
3053,2707,2.970776
3053,1441,2.8595948
3053,85,2.6645243
3053,2124,2.663706
3053,88,2.1817405
3053,427,1.7216386
3053,2445,1.4824352
5284,1291,4.138635
5284,3114,4.0997543
5284,2959,4.007482
5284,2174,3.5536509
5284,2628,3.5471087
5284,266,3.5143993
5284,2837,3.3508065
2168,1207,4.808296
2168,2324,4.431509
2168,3000,4.4281807
2168,2692,4.3787694
2168,2300,4.315207
2168,3006,4.313316
2168,1394,4.30008
2168,2396,4.2967706
2168,1259,4.2572727
2168,2599,4.1991467
2168,838,4.16297
2168,11,4.132398
2168,101,4.1041474
2168,223,4.049367
2168,2109,4.0276265
2168,471,4.00723
2168,272,3.983165
2168,2321,3.9736123
2168,194,3.970151
2168,2282,3.9637458
2168,3447,3.9478827
2168,3745,3.9248986
2168,1701,3.8304408
2168,3033,3.7983873
2168,3744,3.5906434
2168,203,3.518961
2168,3785,3.4470763
2168,2507,3.4109757
2168,2296,3.3478587
2168,466,3.3424573
2168,1702,3.1718335
2168,3821,3.098572
2168,429,3.0873673
2168,1863,2.7231724
2458,2571,4.0721517
2458,457,3.8889108
2458,2918,3.7770596
2458,293,3.7306533
2458,2804,3.7082424
2458,2763,3.6563928
2458,1127,3.5578203
2458,1378,3.5196962
2458,349,3.42305
2458,2795,3.350112
2458,230,3.290228
2458,3591,3.1864207
5568,2571,4.647743
5568,1220,4.3647842
5568,11,4.3562794
5568,3479,4.2149773
5568,39,4.1996794
5568,2716,4.1952257
5568,163,4.117856
5568,2628,4.090216
5568,10,4.0883656
5568,1586,4.0841484
5568,1215,4.0623603
5568,736,4.011736
5568,2409,4.0112715
5568,1129,4.0099683
5568,1346,4.0063195
5568,1015,3.9725468
5568,1130,3.9683397
5568,366,3.9573574
5568,2517,3.9248993
5568,1379,3.8979063
5568,1037,3.8907635
5568,435,3.85675
5568,2404,3.8477523
5568,2421,3.7936273
5568,1991,3.7564402
5568,71,3.7495656
5568,1702,3.7489955
5568,809,3.6899116
5568,2456,3.635869
5568,1499,3.6322987
5568,393,3.5450146
5568,1126,3.5256238
5568,2428,3.4653971
5568,3268,3.2862499
5568,810,3.07127
48,2028,3.9377627
48,593,3.8856974
48,3897,3.8820136
48,913,3.8429863
48,1294,3.8046756
48,926,3.7967257
48,296,3.7049115
48,1944,3.67173
48,1387,3.6636229
48,3671,3.655653
48,1721,3.5623524
48,1682,3.537147
48,1265,3.5361753
48,1029,3.5332093
48,1214,3.5177
48,1408,3.4908185
48,1274,3.4823508
48,778,3.47502
48,3624,3.4648385
48,539,3.4603653
48,1907,3.4524693
48,934,3.4484706
48,165,3.4411552
48,588,3.420477
48,2081,3.409748
48,2096,3.40947
48,524,3.3839414
48,2423,3.3756132
48,2797,3.3559318
48,509,3.3261938
48,3418,3.294941
48,104,3.2700303
48,2161,3.2682567
48,340,3.2137363
48,266,3.1440396
48,339,3.0559998
48,2311,3.0537553
48,802,3.0043607
48,2683,2.9865675
48,2424,2.805771
48,1205,2.8041048
48,2093,2.7604449
48,1894,2.760267
48,1569,2.6513245
48,2082,2.6464121
48,516,2.5098426
48,719,2.3833413
48,1703,2.373854
48,413,2.3718
48,2410,2.3213472
48,429,2.2067316
48,19,2.168784
48,1702,2.0554774
48,15,2.020367
48,419,1.9548001
48,2422,1.7845993
48,2643,1.58619
48,66,1.5376382
5241,32,3.8763337
5241,534,3.7299292
5241,3097,3.7089965
5241,3408,3.6576521
5241,1653,3.5360737
5241,3358,3.4841805
5241,34,3.476415
5241,3512,3.0783062
5241,1876,2.6287677
5241,3326,2.212987
5241,19,1.8363893
3431,1198,4.4502597
3431,912,4.3844976
3431,1201,4.1576037
3431,920,3.939803
3431,2662,3.845227
3431,1408,3.7784262
3431,3418,3.6776352
3431,1371,3.0251908
2930,1221,4.195691
2930,1252,4.1666284
2930,2739,3.685251
2930,2160,3.6848552
2930,1542,3.3482556
5183,2571,4.8055067
5183,2700,4.175506
5183,1544,3.211732
5183,1479,2.889578
5183,2694,2.6916287
5183,185,2.299972
5183,2713,1.8377206
3490,2858,4.2864256
3490,969,4.2600374
3490,1223,4.2446313
3490,1307,4.1364636
3490,1269,4.113768
3490,1206,4.11003
3490,2966,4.00894
3490,1036,3.9562416
3490,1291,3.953024
3490,1240,3.944356
3490,2947,3.8952303
3490,176,3.8811803
3490,2391,3.8183942
3490,2716,3.786891
3490,2212,3.7685282
3490,1732,3.743991
3490,3328,3.7061577
3490,1357,3.6973276
3490,3408,3.6942697
3490,1912,3.6843305
3490,2243,3.6679833
3490,1407,3.4730053
3490,1904,3.2510262
3490,2990,2.5047379
3662,1148,4.15893
3662,2529,3.49855
3662,2596,3.453932
3662,3375,3.3818815
3662,799,3.2882307
3662,570,3.2457352
3662,2780,3.2381961
3662,2656,3.1325426
3662,2553,2.9774914
3662,968,2.9187226
3662,3833,2.7823184
5370,1327,2.151279
5370,2688,1.9548069
3927,1213,4.3075924
3927,1625,4.2038975
3927,627,4.10078
3927,3256,4.056155
3927,3386,4.0356092
3927,2502,3.9810545
3927,1343,3.9010806
3927,2125,3.876132
3927,292,3.731778
3927,781,3.646751
3927,2154,3.3873057
5453,2028,4.300214
5453,1193,4.256977
5453,678,4.1988444
5453,3265,4.0189414
5453,2997,3.9871917
5453,2871,3.8660398
5453,2000,3.8520584
5453,2716,3.7846057
5453,2289,3.7557917
5453,474,3.7355778
5453,2502,3.7245886
5453,319,3.689204
5453,1722,3.581696
5453,1909,3.5346954
5453,1754,3.5319304
5453,481,3.5202339
5453,2707,3.4709642
5453,1620,3.4264073
5453,2393,3.382413
5453,2672,3.3466287
5453,2627,3.2885747
5453,3717,3.208718
5453,2427,3.1348708
5453,2694,3.040284
5453,2724,2.9487062
5453,3617,2.708311
311,296,4.7900095
311,457,4.6703143
311,3623,3.7852159
311,1544,3.5656786
357,1175,3.832829
357,1921,3.637555
357,175,3.3672342
357,481,3.2697825
357,1367,2.3632905
4295,2311,2.5593283
4295,2846,2.3523757
4295,409,2.2902508
4295,1609,2.125051
4295,2253,1.75155
3045,260,4.7870417
3045,3730,4.5997176
3045,965,4.418684
3045,2396,4.4137487
3045,2664,4.247735
3045,1396,4.186075
3045,1732,4.137419
3045,2529,4.113841
3045,2968,4.0833535
3045,1909,4.025135
3045,3204,3.9996796
3045,1179,3.9561925
3045,2454,3.9021437
3045,695,3.8308253
3045,1375,3.7570553
3045,3926,3.6575205
2024,1148,4.4967766
2024,951,4.2010126
2024,909,4.084522
2024,1259,4.082785
2024,2248,4.025633
2024,1923,4.0128794
2024,1226,4.0078487
2024,1220,3.975604
2024,2791,3.9361467
2024,588,3.9295015
2024,3052,3.879997
2024,3317,3.8601866
2024,3526,3.7902784
2024,223,3.7673166
2024,2371,3.7416804
2024,342,3.66438
2024,348,3.6166322
2024,380,3.5984902
2024,1875,3.5570574
2024,2518,3.5152466
2024,2424,3.4642925
2024,1648,3.4630454
2024,252,3.461277
2024,1395,3.4602714
2024,708,3.396871
2024,1042,3.35121
2024,2747,3.2761705
2024,1380,3.0983875
2024,2796,3.0372598
2024,2054,2.928665
2024,1461,2.6800072
2024,3889,2.6315506
2024,231,2.601842
2024,3500,2.5995884
590,2762,4.7155023
590,150,4.485969
590,1734,4.2302504
590,483,4.2087116
590,1730,4.1915135
590,2390,4.1906633
590,1653,4.10252
590,25,4.0708165
590,896,3.9564607
590,39,3.8968172
590,3948,3.7522264
590,3298,3.7179358
590,3752,3.3759227
590,3540,3.1939733
590,3287,3.1386793
590,3326,2.9392104
873,3089,4.377254
873,1262,4.3540697
873,969,4.024275
873,3135,4.0121875
873,357,3.7184906
873,2677,3.6745055
873,39,3.6714869
873,3788,3.6614892
873,2407,3.583955
873,1943,3.4520383
873,2266,3.279469
873,3414,3.2783446
4009,527,4.3285403
4009,1228,4.0330863
4009,2858,4.029843
4009,1219,3.9936278
4009,1225,3.9925995
4009,1242,3.902817
4009,1960,3.7698503
4009,1210,3.7567248
4009,2908,3.6628966
4009,1466,3.6466017
4009,161,3.5547957
4009,1639,3.4561138
4009,25,3.4543
4009,3418,3.4463022
4009,1120,3.3194451
4009,1059,3.056842
4009,532,3.0080824
4009,1476,3.0078602
4009,3174,2.9476423
4009,70,2.9052336
4009,2717,2.8441012
4009,2430,2.8117342
4009,2121,2.7780056
4009,2867,2.7711606
4009,724,2.5789907
4009,2901,2.5540206
4009,3693,2.5232377
4009,3708,2.4195428
4009,330,2.3135736
4009,2389,2.1568153
4009,3692,2.1481328
4009,3165,1.9629909
4009,2149,1.9627767
4009,12,1.9486364
4009,1977,1.5138133
4009,1623,1.4849172
4009,1993,1.3869433
1391,2324,4.1699295
1391,110,3.9698038
1391,2396,3.8606582
1391,1446,3.8240316
1391,3481,3.78293
1391,597,3.7797496
1391,2302,3.7372847
1391,3178,3.7102113
1391,866,3.65655
1391,1127,3.6551695
1391,3175,3.6466968
1391,2115,3.642098
1391,2502,3.5674734
1391,377,3.5657334
1391,266,3.4319327
1391,2697,3.4292672
1391,592,3.4117322
1391,1183,3.3970263
1391,1372,3.3932722
1391,362,3.3250442
1391,552,3.2082956
1391,3489,3.2023304
1391,3157,3.1431909
1391,1848,3.0474153
5797,2571,4.6063123
5797,924,4.4411035
5797,2288,3.8738694
5797,1356,3.8418107
5797,2140,3.7570064
5797,2712,3.698109
5797,2527,3.480975
5797,2770,3.2946966
5797,2710,3.212182
5797,2311,3.1464722
5797,1093,3.0798936
5797,2613,2.922929
5797,674,2.5935507
5797,2772,2.5464306
5797,2605,2.2327878
5797,1373,1.5721977
4374,1196,4.974023
4374,1242,4.9492245
4374,593,4.904019
4374,3578,4.8309703
4374,47,4.703907
4374,1625,4.6303215
4374,3499,4.448474
4374,3052,4.3366504
4374,441,4.31386
4374,1500,4.3009424
4374,1676,4.1940503
4374,736,4.1269145
4374,1015,4.0406847
4374,3273,3.9494338
4374,1983,3.874053
4374,2279,3.8072634
1952,2571,4.2290335
1952,1617,4.0930595
1952,3897,4.0914173
1952,2858,4.0708747
1952,1235,4.008369
1952,3504,3.9774284
1952,3317,3.881895
1952,1060,3.8052425
1952,322,3.7735896
1952,1484,3.622582
1952,2915,3.5884228
1952,1414,3.5582998
1952,1916,3.544026
1952,1648,3.5061822
1952,2539,3.481516
1952,648,3.4781387
1952,2280,3.3905876
1952,3755,3.3673446
1952,2262,3.2371593
1952,2865,3.1264355
1952,105,3.0205069
1952,433,2.8860965
1952,603,2.8714466
1952,532,2.8518271
1952,1391,2.7878435
1952,3326,2.5966446
1952,1461,2.5662184
1952,3324,2.3969746
3175,50,4.6882305
3175,1198,4.5915866
3175,1193,4.5743623
3175,2360,4.4181175
3175,2692,4.380263
3175,1296,4.2833986
3175,1185,4.10783
3175,3578,4.1004596
3175,3751,4.044752
3175,3094,4.0131035
3175,1095,3.906546
3175,1186,3.855589
3175,2294,3.4434264
1606,913,4.5857778
1606,293,4.3895807
1606,1625,4.232294
1606,1089,4.2283316
1606,2599,4.137749
1606,1722,4.106163
1606,780,4.1004543
1606,3005,3.9044938
1606,1552,3.870915
1606,3082,3.8493223
1606,3798,3.8275874
1606,1573,3.8104537
1606,2394,3.8094916
1606,695,3.793266
1606,3717,3.4931571
1606,2722,3.4376526
1606,1513,3.399666
1606,3354,3.3638682
1606,256,3.3453321
1606,2995,2.993377
1606,160,2.677043
2129,1131,4.2623434
2129,2028,4.2551866
2129,3114,4.1322923
2129,1200,4.0730677
2129,1258,4.0513906
2129,2973,4.037994
2129,2721,3.79637
2129,3328,3.7895207
2129,2312,3.7776005
2129,2716,3.7253995
2129,1127,3.6649992
2129,3538,3.653302
2129,1345,3.6253057
2129,2193,3.6172202
2129,3753,3.59605
2129,3018,3.567896
2129,1959,3.4547646
2129,3618,3.404087
2129,2867,3.3941367
2129,2640,3.381699
2129,3917,3.2152004
2129,3157,3.1499915
2129,2758,3.1415112
2129,207,3.0444016
2129,2840,3.0173275
2129,2699,2.9969468
2129,2961,2.314088
2129,3572,1.5488183
4779,318,4.639249
4779,750,4.587479
4779,1172,4.444825
4779,903,4.442261
4779,969,4.4306664
4779,3629,4.378393
4779,1963,4.360121
4779,2067,4.3597674
4779,1230,4.2937756
4779,363,4.2608366
4779,1266,4.238961
4779,994,4.229272
4779,1296,4.220419
4779,1185,4.13933
4779,946,4.117565
4779,1387,4.1120234
4779,1080,4.0897913
4779,2398,4.0883245
4779,921,4.0592604
4779,2644,4.0572376
4779,3310,3.9942653
4779,3093,3.9365435
4779,2987,3.8663006
4779,968,3.8580892
4779,454,3.7136347
4779,3404,3.5822096
4335,318,4.2063756
4335,1961,3.8825877
4335,1259,3.8252416
4335,2918,3.790666
4335,2352,3.731171
4335,3044,3.6866467
4335,2302,3.676564
4335,474,3.6562624
4335,2000,3.655497
4335,3255,3.6461177
4335,2716,3.6398785
4335,1914,3.6297226
4335,1625,3.6241138
4335,3526,3.6066756
4335,2115,3.5959716
4335,3039,3.5866342
4335,2401,3.5864048
4335,3102,3.5612965
4335,1220,3.5479393
4335,1298,3.484518
4335,3219,3.4657693
4335,778,3.4649274
4335,2987,3.4590306
4335,1088,3.4540877
4335,3763,3.3804688
4335,2130,3.3616662
4335,3107,3.3471599
4335,3430,3.3257513
4335,2928,3.3166862
4335,653,3.312127
4335,2059,3.3080082
4335,2013,3.3054285
4335,707,3.2900963
4335,1047,3.2820508
4335,2561,3.273707
4335,1582,3.2502654
4335,1791,3.2148035
4335,996,3.2020018
4335,2335,3.1813056
4335,468,3.176978
4335,3441,3.170772
4335,3791,3.167347
4335,2717,3.1250756
4335,2513,3.0392742
4335,2699,2.9536474
4335,1513,2.910755
4335,1752,2.90821
4335,2448,2.8058362
4335,711,2.702292
4335,2428,2.6718068
4335,3689,2.550186
4335,1869,2.5293114
4335,2122,2.2983077
1928,318,4.725194
1928,1617,4.488262
1928,2501,4.4395814
1928,246,4.384508
1928,150,4.3066554
1928,2289,4.16827
1928,2502,3.9528506
1928,1343,3.8548203
1928,837,3.8311868
1928,2427,3.7894742
1928,1569,3.738435
1928,1777,3.6906734
1928,1917,3.683122
1928,1721,3.6693962
1928,1479,3.6664069
1928,1918,3.6208782
1928,1457,3.5336146
1928,2710,3.3274508
1928,1792,3.2709029
1928,2126,3.2603614
1928,3438,3.2551513
1928,360,3.062147
1928,432,2.8884063
1928,2170,2.8389812
1928,1431,2.5588162
2890,1252,4.612518
2890,1267,4.4113326
2890,2692,4.388055
2890,1240,4.213289
2890,2366,3.9814413
2890,377,3.7537737
2890,1376,3.518367
2890,1370,3.4935899
2890,2167,3.2978613
2890,1722,3.2147992
2890,736,3.183264
2890,288,3.0491254
2890,153,2.799973
2890,2808,2.045
404,527,4.678264
404,1132,4.4016
404,1228,4.3919697
404,1210,4.054572
4740,2028,4.5830717
4740,1307,4.314239
4740,1380,4.0890026
4740,1777,3.9961436
4740,2023,3.8103764
4740,1342,3.665025
4740,1398,3.4474978
4740,2107,3.4063492
5383,950,4.6772633
5383,1210,4.3820505
5383,1587,3.9090095
728,1225,3.771534
728,1222,3.7608614
728,1259,3.5726676
728,3948,3.5368996
728,1090,3.5092773
728,1396,3.4311857
728,3723,3.3548102
728,3251,3.213593
728,650,3.2069151
728,3108,3.0799694
728,1673,3.0790043
728,2154,3.0173373
728,3262,3.0149622
6022,608,4.184094
6022,246,4.117449
6022,1307,3.974747
6022,1259,3.9625049
6022,1210,3.8772216
6022,3039,3.7500868
6022,3210,3.642044
2078,1172,4.270991
2078,428,3.9981375
2078,34,3.946681
2078,1968,3.9449265
2078,2081,3.8990521
2078,1302,3.8431804
2078,628,3.8321607
2078,440,3.796945
2078,3526,3.7393785
2078,104,3.6410537
2078,1396,3.5956922
2078,1895,3.3327408
2462,1198,4.2942605
2462,1148,4.2131677
2462,593,4.0798635
2462,246,4.007925
2462,1199,4.0075984
2462,1293,3.918528
2462,1097,3.8200846
2462,1,3.8159966
2462,1387,3.8108919
2462,34,3.8103328
2462,3039,3.773257
2462,2108,3.6229715
2462,594,3.5754862
2462,2291,3.5620675
2462,1517,3.5332816
2462,1580,3.5237997
2462,2301,3.4751182
2462,2080,3.4594872
2462,1031,3.4091318
2462,2100,3.3815873
2462,592,3.277171
2462,3255,3.2084198
2462,3157,3.0820518
2462,500,2.9977648
2462,1614,2.9925964
2462,2735,2.7339852
2462,2098,2.6097724
2462,2628,2.5989616
4584,3134,4.683487
4584,1254,4.681068
4584,913,4.660098
4584,951,4.576165
4584,3038,4.5067964
4584,246,4.479158
4584,3095,4.473237
4584,978,4.3856235
1569,2028,4.8904133
1569,1949,4.8610806
1569,1358,4.818227
1569,1244,4.63312
1569,1259,4.620081
1569,3152,4.614396
1569,3090,4.598769
1569,1545,4.5600915
1569,3357,4.419528
2020,527,4.2956104
2020,1198,4.2331233
2020,1204,4.171324
2020,3089,4.16005
2020,1276,4.0586243
2020,3468,4.0421143
2020,3730,4.0285835
2020,3196,3.908606
2020,3741,3.8949418
2020,1952,3.888097
2020,1610,3.8651667
2020,1291,3.850595
2020,1206,3.7995331
2020,1625,3.790721
2020,3949,3.7903576
2020,440,3.7666755
2020,3897,3.7599494
2020,1517,3.7337751
2020,1257,3.7032423
2020,1171,3.6969583
2020,1396,3.6665728
2020,3793,3.655306
2020,474,3.6428201
2020,199,3.6176293
2020,1370,3.5985281
2020,3424,3.5414867
2020,357,3.5265937
2020,25,3.5259397
2020,2273,3.5024273
2020,333,3.4702163
2020,2463,3.4210818
2020,1711,3.4045444
2020,2391,3.3495417
2020,2985,3.279498
2020,353,3.2207062
2020,3794,3.171851
2020,3865,3.1610632
2020,1405,3.031565
2020,2334,2.8807576
2020,3752,2.729564
2020,3113,2.6367793
2020,784,2.4999514
1475,527,4.672325
1475,1207,4.625358
1475,1213,4.6008434
1475,608,4.539958
1475,1084,4.3985825
1475,1683,4.0104666
1475,471,3.932858
1475,1897,3.791922
1475,1059,3.5330076
1475,3614,3.3143842
1475,105,2.9631932
4439,2858,3.895553
4439,1210,3.6594076
4439,2997,3.6535268
4439,2355,3.4937615
4439,1093,3.236028
4439,2688,3.151533
4439,3146,2.8530679
4439,2428,2.3651824
2134,260,4.355048
2134,1,4.040559
2134,1449,4.002952
2134,1784,3.908392
2134,3671,3.90589
2134,1923,3.867166
2134,2716,3.8219967
2134,553,3.7789683
2134,1079,3.622848
2134,2301,3.577331
2134,352,3.2417173
2812,1704,4.132496
2812,2949,3.8301666
2812,2395,3.7219753
2812,380,3.689133
2812,500,3.5459008
2812,2193,3.5083554
2812,1429,3.3218987
2812,3712,3.306054
2812,1422,2.591469
2812,3257,2.4699156
2812,1499,1.623633
5842,858,4.645919
5842,1196,4.413617
5842,2948,4.0405664
5842,1374,3.958334
5842,2115,3.8102818
5842,2993,3.7632775
5842,1485,3.6244004
5842,780,3.449553
2021,1198,4.6153374
2021,2028,4.463996
2021,1610,4.131858
2021,474,4.095018
2021,780,4.006853
2021,2002,3.9638247
2021,1722,3.9526715
2021,165,3.891048
2021,2393,3.8800104
2021,1385,3.8712618
2021,145,3.7907023
2021,1342,3.6967273
2021,177,3.6798859
2021,736,3.6671128
2021,1762,3.5529296
2021,1320,3.5405254
2021,89,3.539754
2021,303,3.5141873
2021,2107,3.4265428
2021,742,3.4133518
859,3897,4.1396146
859,1249,4.030161
859,1214,4.0124784
859,1527,3.8545985
859,3751,3.8286097
859,1345,3.7162802
859,648,3.694518
859,1129,3.5926301
859,2454,3.5563831
859,3409,3.5254557
859,2120,3.2800722
859,2389,3.0098467
859,2113,2.9848661
859,1992,2.7947536
859,1336,2.7237344
859,2995,2.7047827
4825,2858,4.3959017
4825,608,4.3249664
4825,2599,4.12224
4825,1282,4.030034
4825,3751,3.9829886
4825,661,3.817916
4825,733,3.8009515
2147,50,4.6886463
2147,928,4.4035444
2147,2692,4.3440204
2147,1022,3.9538658
2147,1732,3.8954544
2147,2078,3.8561392
2147,1729,3.7998648
2147,1061,3.6577725
2147,2987,3.6127465
2147,610,3.4016151
2147,780,3.315321
3937,1197,4.7546406
3937,1196,4.724984
3937,919,4.5837755
3937,1288,4.567524
3937,589,4.4575253
3937,3543,4.2840843
3937,733,4.2569475
3937,1916,3.960095
3937,2151,3.4680567
767,593,4.5896015
767,903,4.555211
767,2208,4.536043
767,1287,4.437975
767,3421,4.301558
767,589,4.2268953
767,973,4.224532
767,3096,4.162366
767,11,4.1482067
767,3871,4.1357923
767,595,4.0719643
767,3256,4.04071
767,2841,3.9015899
767,3706,3.6716075
767,74,3.6394768
767,3257,3.633775
767,1021,3.5440784
767,885,3.4493704
2649,1299,3.9289079
2649,541,3.9243262
2649,1259,3.7347496
2649,1960,3.585185
2649,1380,3.5814233
2649,2000,3.5671725
2649,2080,3.5252893
2649,1641,3.391908
2649,2431,3.2844014
2649,1243,3.2788815
2649,3104,3.2433147
2649,3524,3.2274036
2649,2518,3.1682706
2649,852,3.0788834
2649,2463,3.0573964
2649,2335,2.9758692
2649,3476,2.9341865
2649,2424,2.8931077
2649,3712,2.8917646
2649,2794,2.8696408
2649,1367,2.8223417
2649,765,2.5182679
2649,2468,2.4116094
706,3147,4.0909524
706,2858,4.044259
706,1784,3.9589708
706,232,3.9507537
706,2442,3.7940345
706,1393,3.760696
706,161,3.756475
706,2289,3.665828
706,3079,3.580635
706,1179,3.5497453
706,1633,3.5452006
706,2596,3.5101593
706,2337,3.4861252
706,1653,3.4708757
706,2282,3.4532104
706,2912,3.4098196
706,2626,3.4086971
706,1794,3.4054425
706,1836,3.3587215
706,766,3.331445
706,1735,3.275118
706,372,3.187902
706,2435,2.9555387
706,2960,2.730417
706,191,2.4923296
4694,1225,4.2940345
4694,589,4.083415
4694,1082,3.8708963
4694,3107,3.3548002
4694,2628,3.2347002
4694,3354,1.9297259
3345,1250,3.9199798
3345,2918,3.8830533
3345,1036,3.8516798
3345,110,3.7020316
3345,3363,3.5962145
3345,1608,3.591363
3345,165,3.553278
3345,3868,3.544847
3345,356,3.4925847
3345,1380,3.477633
3345,3197,3.4215364
3345,2478,3.382968
3345,2372,3.2547653
3345,2901,3.2198408
2211,1267,4.5210876
2211,1283,4.35794
2211,3789,4.2652373
2211,1944,4.247831
2211,150,4.2219243
2211,1231,4.1942067
2211,1097,4.179375
2211,2729,4.090797
2211,1210,4.0887184
2211,3681,4.069466
2211,2917,4.065099
2211,2949,4.0559306
2211,1610,4.026381
2211,2020,4.001825
2211,1957,3.9721532
2211,2967,3.8887115
2211,3171,3.8852296
2211,3074,3.865311
2211,1633,3.8365202
2211,3256,3.7930663
2211,2087,3.7847466
2211,272,3.7453644
2211,2764,3.731801
2211,938,3.6599758
2211,3099,3.5442643
2211,3015,3.4995813
2211,2179,3.3432245
2211,2469,3.2440362
2211,2524,3.0724108
2873,593,4.0606685
2873,110,3.9632497
2873,1197,3.9609632
2873,457,3.8963366
2873,1287,3.8467784
2873,3753,3.7608652
2873,590,3.725159
2873,2502,3.6990647
2873,3159,3.660449
2873,3448,3.656045
2873,1748,3.6297936
2873,2080,3.6248565
2873,1302,3.587847
2873,2739,3.5810342
2873,2529,3.5070484
2873,165,3.5039241
2873,2137,3.5007155
2873,3125,3.4650676
2873,1183,3.4177194
2873,1049,3.312902
2873,266,3.2362285
2873,1735,3.2174957
2873,2062,3.2001388
2873,224,3.1530805
1655,318,4.677031
1655,3481,4.1002855
1655,3448,3.9917617
1655,2700,3.965934
1655,2687,3.9642758
1655,1265,3.9587607
1655,1022,3.9517736
1655,1721,3.9478638
1655,733,3.9146657
1655,161,3.8783925
1655,3555,3.78231
1655,3033,3.7672703
1655,2683,3.6932151
1655,3882,3.6622171
1655,1566,3.420183
1655,1805,3.3829176
1655,3825,3.2217724
4868,1148,4.3491607
4868,3429,4.1781416
4868,1278,4.164245
4868,1374,3.9968815
4868,1214,3.9746475
4868,2336,3.9589427
4868,2908,3.8979342
4868,2721,3.890263
4868,551,3.8453956
4868,1580,3.8098345
4868,2167,3.7600293
4868,2797,3.6316247
4868,3623,3.5653987
4868,367,3.550458
4868,3445,3.533509
4868,2672,3.4849396
4868,3053,3.3645005
4868,3285,3.07407
4868,2456,2.8611965
24,858,4.711542
24,608,4.4449477
24,1394,4.279578
24,920,4.1946807
24,1296,4.1722383
24,1968,4.0911736
24,3104,4.0631933
24,1584,3.952858
24,1094,3.9361494
24,3685,3.8087459
24,175,3.8008657
24,2407,3.7536805
24,372,3.4288611
24,3254,3.1032548
24,2723,2.990059
4480,1198,4.347592
4480,111,4.2553406
4480,2788,4.114169
4480,1307,4.0376267
4480,1249,3.9843235
4480,110,3.962021
4480,2248,3.9006214
4480,3363,3.8739662
4480,1682,3.8264246
4480,308,3.8023157
4480,2318,3.7946403
4480,6,3.765536
4480,1095,3.7626066
4480,356,3.7230744
4480,1392,3.7142088
4480,1060,3.6933115
4480,3100,3.6699133
4480,471,3.6396239
4480,1673,3.6359088
4480,2580,3.586335
4480,1271,3.5827024
4480,457,3.5781999
4480,3421,3.5587392
4480,2108,3.4896662
4480,2921,3.441842
4480,3703,3.3683448
4480,2174,3.3348823
4480,147,3.2261946
4480,2000,3.2099829
4480,1059,3.1691098
4480,1701,3.0796285
4480,2746,3.0168498
4480,3591,2.832712
4480,1589,2.7901309
4480,3450,2.7844357
4480,2613,2.6933293
4480,733,2.6250203
4480,1268,2.6023452
4480,1587,2.5966544
4480,1627,2.5248487
4480,3844,2.4796624
4480,585,2.2248325
4480,3619,2.097673
4480,1727,2.0513568
4480,2688,1.9032915
4480,2378,1.8760809
4480,3834,1.8298483
4480,2404,1.3917494
1002,36,4.3552055
1002,3006,4.338606
1002,1961,4.3293266
1002,300,4.110142
1002,3952,3.960278
1002,21,3.9477072
1002,1093,3.3167737
1002,3173,2.9043703
1679,2716,4.3244085
1679,3298,3.9440634
1679,2581,3.7222044
1679,3262,3.6204138
1679,2605,3.5684576
1679,1911,3.469893
1679,2598,3.3255284
5120,1304,4.3091516
5120,914,4.2137327
5120,47,4.1604185
5120,1243,4.099203
5120,590,4.0623627
5120,1259,4.0429707
5120,595,4.019706
5120,2160,3.9541643
5120,594,3.947861
5120,1625,3.914534
5120,1748,3.8558702
5120,474,3.8538291
5120,2406,3.799652
5120,2005,3.7879808
5120,3011,3.7546043
5120,2058,3.5676851
5120,1459,3.5615013
5120,1727,3.52608
5120,3703,3.5092087
5120,695,3.5037875
5120,1487,3.3311758
5120,2802,3.3186724
5120,2147,2.7971466
3677,1610,4.3872643
3677,1721,4.3297973
3677,2353,4.159793
3677,1215,4.141386
3677,3476,4.1309834
3677,3219,4.016794
3677,1597,3.9503908
3677,3686,3.8811083
3677,2651,3.8466742
3677,2525,3.6274965
3677,1969,3.5583174
3677,1976,3.518131
3677,1979,3.5037627
3677,291,3.3256552
4126,457,4.027897
4126,3396,3.8545275
4126,3916,3.795874
4126,1682,3.759868
4126,2006,3.7270765
4126,2081,3.6918826
4126,3039,3.6516237
4126,3868,3.642787
4126,34,3.5911016
4126,2355,3.5621345
4126,1625,3.5615335
4126,1094,3.5544043
4126,2294,3.5427537
4126,524,3.5269341
4126,2686,3.5085812
4126,2861,3.5035348
4126,2420,3.4774547
4126,3499,3.460885
4126,1587,3.4596772
4126,861,3.430074
4126,1573,3.400933
4126,1676,3.3878927
4126,1292,3.3625875
4126,2997,3.3524213
4126,1475,3.3095622
4126,239,3.3001966
4126,1027,3.2789679
4126,3528,3.224893
4126,204,3.2180858
4126,295,3.063065
4126,2509,3.0383377
4126,1985,3.0109193
4126,71,2.957404
4126,1391,2.727072
4126,1556,2.7207093
5904,589,3.66476
5904,1127,3.3435206
82,2858,4.5087214
82,32,4.243788
82,62,4.2335987
82,3072,4.142645
82,1372,3.91078
82,451,3.8174493
82,3176,3.7246377
82,1590,3.2168906
4289,1198,4.8241405
4289,1197,4.6567
4289,541,4.6276164
4289,1097,4.466421
4289,1199,4.4068522
4289,3505,4.2383347
4289,3101,4.204997
4289,1081,4.0881
4289,2985,3.9353375
4289,3033,3.9312081
4289,2420,3.9035044
4289,2021,3.8866575
4289,2735,3.7698922
4289,3701,3.7239347
4289,2410,3.596348
4289,2259,3.571278
5210,3435,4.27944
5210,1132,4.1043777
5210,3101,3.69692
5210,3763,3.5337467
5210,3733,3.4996042
1610,1214,4.183622
1610,2871,4.0664744
1610,1344,4.0087204
1610,1824,3.4876297
2429,318,5.0059896
2429,1203,4.721369
2429,1293,4.5391474
2429,1214,4.490046
2429,110,4.4245896
2429,36,4.317457
2429,3552,4.2570224
2429,1210,4.245905
2429,2294,3.7650318
2429,2262,3.7392077
2429,1405,3.2976098
2429,2369,2.875689
3090,3683,4.077164
3090,1199,4.060729
3090,3470,4.052755
3090,2788,3.9553604
3090,924,3.9512005
3090,1035,3.5786827
3090,3819,3.5629373
3086,2333,4.512881
3086,2700,4.4788404
3086,1923,4.4521894
3086,3148,4.428321
3086,36,4.391842
3086,6,4.3798437
3086,3408,4.2812123
3086,3418,4.272425
3086,2294,4.2701545
3086,1059,3.9671364
3086,2572,3.9507675
3086,353,3.9462814
3086,3301,3.5699959
3086,2170,3.2047408
5041,1219,4.578708
5041,1225,4.5539117
5041,1258,4.5298996
5041,2858,4.51566
5041,1210,4.4371996
5041,1281,4.3795185
5041,1625,4.355647
5041,1097,4.351918
5041,1394,4.321909
5041,1663,4.263619
5041,3494,4.090042
5041,2076,4.059759
5041,506,4.036872
5041,1835,3.9135928
5041,253,3.8584404
5041,3602,3.6792543
3671,1196,4.898818
3671,2858,4.7997656
3671,1036,4.7695756
3671,2355,4.3460927
3671,1587,3.9976437
3671,2334,3.672474
3671,2699,3.588611
3671,3219,3.5138812
3671,2701,2.0892518
3132,3555,3.5895548
3132,3298,3.5474057
3132,3827,3.3676362
4433,50,4.484768
4433,2762,4.304738
4433,1196,4.254092
4433,593,4.2331905
4433,903,4.1779814
4433,1283,4.163166
4433,1086,4.1276617
4433,924,4.0376725
4433,1200,4.0282645
4433,3527,3.7249374
4433,2841,3.673792
4433,3702,3.6397853
4433,2076,3.597983
4433,695,3.4447656
2859,150,4.5884986
2859,2791,4.5267916
2859,36,4.49152
2859,1270,4.4429092
2859,180,4.4313593
2859,3448,4.326813
2859,3565,3.801195
2859,3535,3.7744136
2859,3785,3.1310053
647,110,4.249296
647,3175,4.002173
647,589,3.9992118
647,2706,3.7160323
647,1516,3.7039747
647,2539,3.540882
647,1518,3.404206
647,203,3.2420802
647,788,3.2055235
647,585,3.1569154
647,434,3.1379354
647,1690,3.1091228
647,3113,3.0402217
647,1550,2.8896132
647,1377,2.6739154
647,464,2.6672199
647,2986,2.6157255
647,1359,2.436768
647,204,2.3792849
647,1170,1.5819268
3811,1207,4.4147215
3811,1193,4.2701397
3811,919,4.199128
3811,1219,4.0834217
3811,1961,4.030862
3811,1200,4.011652
3811,3635,3.5500858
3811,3676,3.5297048
3811,2275,3.3497407
1878,1645,3.9306717
1878,2617,3.886298
1878,196,3.4576528
1878,338,3.4230874
1878,1603,3.416545
1878,692,2.7292614
5005,1203,4.0007067
5005,1225,3.9191732
5005,2324,3.914352
5005,1304,3.877213
5005,1949,3.8286004
5005,3578,3.7765157
5005,457,3.7719774
5005,1610,3.7207081
5005,2959,3.7141836
5005,2819,3.5439615
5005,2108,3.5228307
5005,3168,3.5143929
5005,2872,3.5119998
5005,1012,3.5088198
5005,2115,3.500808
5005,1094,3.4953113
5005,364,3.4749444
5005,1124,3.4414504
5005,2333,3.4160845
5005,2243,3.4091012
5005,3461,3.3730433
5005,621,3.3368804
5005,2141,3.2973716
5005,2394,3.271247
5005,2245,3.1790388
5005,3247,3.1789384
5005,1366,3.1769261
5005,691,3.1160176
5005,2605,3.0825996
5005,1135,3.0496137
5005,2657,3.0224977
5005,1676,2.9748797
5005,1665,2.9141102
5005,1167,2.9092016
5005,3672,2.876274
2656,1304,4.528371
2656,909,4.3669987
2656,1947,4.3272715
2656,1259,4.3190966
2656,2081,4.2242928
2656,380,4.212359
2656,296,4.195683
2656,2671,4.1697187
2656,1608,4.1673694
2656,3512,4.110409
2656,2018,4.097735
2656,3516,4.086835
2656,1722,4.0626698
2656,3253,4.0494685
2656,377,3.9984741
2656,2583,3.9327924
2656,1569,3.8816042
2656,1552,3.8734565
2656,3513,3.8566508
2656,3623,3.8355312
2656,3414,3.774782
2656,2338,3.229941
3377,2871,4.500481
3377,349,4.2996206
3377,1845,4.25908
3377,3203,4.252365
3377,1573,4.1485224
3377,3267,4.1002216
3377,103,3.9500165
3377,426,3.9271982
3377,423,3.9148061
3377,2840,3.8844728
3377,2902,3.863896
3377,1488,3.8391845
3377,464,3.8227634
3377,3833,3.8064556
3377,132,3.7871733
3377,1004,3.7089248
3377,1995,3.5891945
4330,3152,3.7170153
4330,778,3.6810286
4330,3751,3.561319
4330,272,3.45963
4330,279,3.3640945
4330,3580,2.87749
646,527,4.4145613
646,1250,4.3332243
646,1945,4.312704
646,1213,4.2380013
646,1252,4.212306
646,3035,4.1253266
646,1090,4.0365825
646,2670,4.011367
646,1206,3.9649534
646,595,3.915575
646,590,3.910657
646,1408,3.8714893
646,3256,3.8626475
646,2268,3.8587017
646,1183,3.7235327
646,2968,3.7056658
646,2989,3.6727989
646,1747,3.6348407
646,2001,3.5875773
646,2105,3.5294151
646,788,3.4097865
646,2410,3.331285
646,3489,3.326508
646,2012,3.172317
646,1920,3.1513703
5375,1171,4.3191185
5375,1747,4.0108657
5375,2384,3.7806811
5375,3005,3.5969393
1442,750,4.0025277
1442,2360,3.8142147
1442,1214,3.7219982
1442,1258,3.7201338
1442,296,3.6589372
1442,2018,3.4427772
1442,1022,3.390953
1442,3702,3.3024864
1442,3160,3.1837196
1442,2916,3.1551714
1442,3699,3.1049032
1442,1175,3.065523
1442,3375,3.0301723
1442,2294,2.9785342
1442,2090,2.970028
1442,2355,2.8859804
1442,616,2.8653173
2463,1200,3.96789
2463,1210,3.774669
2463,1220,3.6460044
2463,1097,3.5972104
2463,2160,3.4669123
2463,3327,3.1457462
2463,2613,3.0524821
2463,2405,2.790379
2463,70,2.6714694
2463,2657,2.632977
2463,3197,2.5395777
2463,2532,2.484881
4745,1036,4.2957735
4745,2804,4.2135105
4745,1704,4.112577
4745,1104,4.1098003
4745,2081,3.9959793
4745,2248,3.972358
4745,1962,3.9551907
4745,2716,3.919216
4745,3033,3.7249207
4745,700,3.5259213
4180,3753,3.8590298
4180,969,3.7852507
4180,3168,3.72377
4180,1544,3.4204235
4180,3785,3.3137112
4180,19,3.113718
4180,193,2.892387
1597,1221,4.409238
1597,1361,4.348705
1597,1230,4.3354607
1597,1997,4.2655807
1597,1307,4.2571583
1597,1834,4.1809072
1597,1673,4.068102
1597,47,4.0325885
1597,2395,4.0235376
1597,364,4.0125732
1597,2952,3.875102
1597,1059,3.5342965
1597,2579,3.4038224
1597,3527,3.2098765
1597,2470,2.9952784
1597,2687,2.9749372
1597,3863,2.8159256
1597,3264,2.2941983
1597,2617,2.2355003
1597,2421,2.023758
1597,2411,1.9388665
1597,1970,1.6461365
1597,3354,1.4326115
6007,969,3.885483
6007,2571,3.882786
6007,3062,3.5642247
6007,780,3.4594662
6007,188,3.4482687
6007,2058,3.4200964
6007,1286,3.4029632
6007,587,3.36103
6007,3412,3.3527133
6007,1216,3.338479
6007,2288,3.2654643
6007,3197,3.2650306
6007,1777,3.2528
6007,1350,3.2449563
6007,852,3.2072654
6007,1321,3.1795363
6007,3404,3.178041
6007,1573,3.131248
6007,2459,3.1232414
6007,1100,3.0917904
6007,1388,3.0129747
6007,1327,3.012869
6007,3264,3.0056837
6007,2901,2.997546
6007,1690,2.9827783
6007,2851,2.9624283
6007,2259,2.952348
6007,2713,2.912363
6007,2410,2.8888605
6007,1590,2.8175182
6007,1623,2.6422775
4322,318,4.153269
4322,1242,3.901416
4322,1358,3.8704252
4322,47,3.7700412
4322,1270,3.7227192
4322,3363,3.7135484
4322,1259,3.711007
4322,1041,3.6843355
4322,1185,3.6490493
4322,36,3.6153185
4322,1964,3.5746744
4322,1069,3.5496004
4322,3178,3.5176256
4322,337,3.504023
4322,2336,3.4994907
4322,3100,3.472377
4322,2795,3.4100387
4322,141,3.3583786
4322,500,3.343637
4322,3253,3.3105133
4322,2529,3.260991
4322,3466,3.2575617
4322,339,3.244819
4322,3755,3.2001438
4322,1917,3.1960735
4322,3450,3.1840131
4322,3445,3.1680188
4322,1428,3.1679394
4322,1129,3.1429975
4322,1093,3.140648
4322,2567,3.1325731
4322,151,3.050879
4322,1030,2.9414072
4322,2688,2.9085715
4322,1888,2.8562062
4322,3257,2.6290658
2097,1222,3.9884925
2097,223,3.7832527
2097,165,3.6833196
2097,2083,3.6515532
2097,635,3.6029284
2097,2617,3.5543647
2097,1205,3.5257554
2097,1587,3.5168629
2097,3527,3.489101
2097,3744,3.4266622
2097,3704,3.4097385
2097,1405,3.3226514
2097,2054,3.2721014
2097,442,3.2180104
2097,153,3.1552005
2097,327,2.9993043
2097,1562,2.9231808
2097,3054,2.6050038
2097,546,2.3589842
3307,517,3.3574257
3307,2688,3.3281841
3307,3316,3.0962186
218,3510,3.7616904
218,1171,3.684722
218,3174,3.5232828
218,3745,2.9993596
218,2605,2.7129838
218,2724,2.7125816
494,2804,4.794366
494,2671,4.643256
494,3671,4.626052
494,2012,4.461685
494,3247,4.3645105
494,1018,4.2581987
494,2683,4.1696196
494,673,4.0487976
494,1438,4.0251455
494,784,3.9948428
494,1588,3.9930782
494,267,3.9611015
494,1702,3.8466601
494,153,3.841245
494,355,3.8309162
494,1707,3.321568
3871,1,4.0124736
3871,1265,3.8520255
3871,2470,3.4470482
3871,2717,2.9315562
3871,585,2.922148
3871,1367,2.8784628
3871,3177,2.446002
3569,923,3.6053798
3569,1348,3.563078
3569,1201,3.4788394
3569,1282,3.4252846
3569,3252,3.2978199
3569,778,3.2686849
3569,1967,3.2435122
3569,3034,3.2391427
3569,3928,3.207971
3569,364,3.1281376
3569,1345,3.0995712
3569,1517,3.0638943
3569,2140,3.0233185
3569,3686,3.0060616
3569,2747,2.9882083
3569,2291,2.9814348
3569,2406,2.9660017
3569,2081,2.9380212
3569,1268,2.9361382
3569,1350,2.9329073
3569,2987,2.9267478
3569,2271,2.9211397
3569,1042,2.8254192
3569,2420,2.8129842
3569,2078,2.7846923
3569,3476,2.741089
3569,2657,2.5169551
3569,2012,2.5128777
3569,2072,2.376881
3569,2253,2.3730962
3569,370,2.3249173
3569,2459,2.2668707
3569,2297,2.25908
3569,2123,2.220878
3569,2853,2.194564
3569,2059,2.180463
3569,2328,2.0996888
3569,435,2.0263972
3569,3908,1.9303765
3569,65,1.7380378
3569,2153,1.6793604
3569,3663,1.4532616
3569,1993,1.2981603
2184,3298,4.271086
2184,2987,4.2073936
2184,2683,3.9866953
2184,2710,3.5942624
2184,2004,3.2843356
6037,923,4.071356
6037,2186,4.029433
6037,1956,3.7848244
6037,949,3.724173
6037,2239,3.62441
6037,3379,3.606853
6037,2243,3.593853
6037,3505,3.5795076
6037,2238,3.5728557
6037,959,3.524076
6037,2915,3.4959798
6037,2178,3.4785266
6037,702,3.4715457
6037,2118,3.4297705
6037,837,3.414365
6037,34,3.372727
6037,2361,3.3341792
6037,3270,3.2924547
6037,1882,1.8017443
829,50,4.612499
829,1945,4.590283
829,1221,4.5828056
829,2186,4.5191875
829,1228,4.504806
829,3462,4.4020686
829,1284,4.4002194
829,1244,4.302886
829,2997,4.201145
829,3475,4.164627
829,2303,4.119789
829,3044,4.109255
829,594,4.0036464
829,2413,3.401686
829,673,2.5021393
4945,1299,4.092149
4945,1272,3.9608324
4945,1287,3.8780842
4945,1214,3.8630714
4945,1950,3.8307533
4945,3421,3.8078384
4945,529,3.8040676
4945,1231,3.752664
4945,1931,3.7075891
4945,1394,3.6904378
4945,1340,3.6795037
4945,2716,3.580212
4945,1215,3.535798
4945,1873,3.5231488
4945,3302,3.2854183
4945,1580,2.9320574
4945,3649,2.897923
4945,3608,2.791517
497,3479,3.7727408
4948,1178,3.997867
4948,3022,3.890278
4948,541,3.7606256
4948,1208,3.746611
4948,3789,3.717268
4948,1617,3.714675
4948,3196,3.6978903
4948,1260,3.665424
4948,1939,3.6418862
4948,1209,3.61427
4948,2732,3.5679474
4948,1,3.564549
4948,1947,3.54629
4948,950,3.5412579
4948,1704,3.5316691
4948,1294,3.5070443
4948,1287,3.4789507
4948,1929,3.4611058
4948,3350,3.4556706
4948,1944,3.4147007
4948,300,3.4010637
4948,3421,3.3863997
4948,2791,3.3068979
4948,1797,3.2972815
4948,3788,3.2673244
4948,2194,3.2482135
4948,1302,3.248177
4948,3424,3.2120745
4948,2289,3.195262
4948,3039,3.1537657
4948,2757,3.1191914
4948,1965,3.1048331
4948,551,3.0703244
4948,2970,3.0237482
4948,2987,2.9957118
4948,3028,2.976872
4948,3203,2.9443831
4948,2321,2.9354806
4948,3086,2.8026233
4948,1042,2.7832856
4948,3199,2.7737956
4948,1959,2.738545
4948,3253,2.709291
4948,3591,2.6594086
4948,574,2.6235032
4948,1013,2.5396328
4948,3040,2.4127827
4948,2683,2.3649669
4948,2699,2.2294528
4948,301,2.2111685
4948,2362,1.9560378
4948,2548,1.2084274
5557,858,4.9792743
5557,1208,4.867942
5557,1263,4.659611
5557,1288,4.572901
5557,1,4.5383105
5557,3811,4.5174813
5557,162,4.477314
5557,1289,4.4639063
5557,2352,4.3210154
5557,1580,4.179861
5557,1517,4.143487
5557,151,3.9722373
5557,3676,3.8624957
5557,367,3.6926134
5557,3005,3.070683
3957,858,4.897106
3957,923,4.775985
3957,1304,4.6393538
3957,1299,4.5891824
3957,924,4.52774
3957,1084,4.469623
3957,3152,4.456606
3957,1240,4.453952
3957,1210,4.317177
3957,838,4.2766705
3957,508,4.2390714
3957,1343,4.1175613
3957,3487,4.0581174
3957,2529,4.040053
3957,2108,3.9683943
3957,1380,3.934463
3957,3501,3.9196987
3957,266,3.8593154
3957,1777,3.8189003
3957,2640,3.8144183
3957,1589,3.7978854
3957,543,3.668314
3957,380,3.6409338
3957,289,3.561585
3957,1645,3.542522
3957,329,3.4810104
3957,1375,3.4504783
3957,3249,3.4502783
3957,852,3.1742015
3957,1371,3.145639
3957,3834,3.1296604
3957,3701,3.1075675
3957,2877,2.958002
3957,193,1.6354896
4515,1262,4.438346
4515,969,4.354677
4515,1196,4.2820606
4515,1304,4.20803
4515,1953,4.145317
4515,2067,4.1119337
2231,1262,4.1969686
2231,954,4.185299
2231,2186,4.153131
2231,1949,4.1020417
2231,1267,4.08377
2231,919,4.0454073
2231,1189,4.0439453
2231,1244,4.0234447
2231,965,3.9960961
2231,111,3.9496713
2231,1610,3.9225726
2231,1089,3.9174385
2231,2728,3.820455
2231,1938,3.8160925
2231,3096,3.8155715
2231,3061,3.8038993
2231,3929,3.800173
2231,1955,3.7413275
2231,1639,3.5487895
2231,3167,3.5360017
2231,2407,3.532765
2231,2076,3.5307772
2231,2870,3.5286226
2231,2212,3.507188
2231,3729,3.4251256
2231,2527,3.4102407
2231,3506,3.4066286
2231,2470,3.3923757
2231,2454,3.378101
2231,1627,3.1783173
2231,3590,3.1524906
2231,3535,3.0789518
878,3160,4.624239
878,671,4.277524
878,24,4.124054
2247,318,4.489937
2247,1193,4.409992
2247,1252,4.305401
2247,1203,4.275836
2247,908,4.253087
2247,2028,4.220707
2247,608,4.2055273
2247,1090,4.0604515
2247,3090,4.0541277
2247,1259,3.987851
2247,1235,3.9870942
2247,17,3.9545107
2247,3152,3.9402595
2247,581,3.8963404
2247,1946,3.8728971
2247,3668,3.8586788
2247,34,3.7427623
2247,3418,3.7023146
2247,3169,3.6321735
2247,2087,3.6242726
2247,3914,3.5184174
2247,1959,3.4122155
3812,2762,4.1144695
3812,1225,4.057637
3812,1909,3.421862
3812,2054,2.817237
3951,1196,4.453405
3951,1291,4.3688407
3951,1387,4.3661776
3951,595,4.2028613
3951,1022,4.156516
3951,588,4.1314936
3951,3702,4.011883
3951,1029,3.8952742
3951,610,3.8610194
3951,1371,3.7594452
3951,1587,3.7104325
3951,2628,3.7020094
3951,3489,3.5436778
3951,153,3.3525498
3951,1373,3.2577136
3951,3208,3.2487469
3951,464,3.0335474
3951,533,2.8798723
3951,3438,2.8795528
3951,1590,2.7393255
3951,44,2.7183723
3951,2450,2.611686
3974,2858,4.378626
3974,924,4.3255835
3974,965,4.2971163
3974,1238,4.183688
3974,1265,4.102891
3974,3536,4.057558
3974,3751,4.008902
3974,3034,3.9171336
3974,3760,3.7842493
3974,1587,3.6979692
3974,3619,3.5838983
3974,999,3.5703166
3974,3755,3.544351
3974,344,3.5387278
3974,2124,3.4959817
3974,2369,2.7591999
3974,1739,1.7660058
2980,2762,3.9890234
2980,593,3.979531
2980,1293,3.9594047
2980,1200,3.9411106
2980,1258,3.8170738
2980,1079,3.7969923
2980,1446,3.7612307
2980,3104,3.6785002
2980,334,3.557404
2980,3787,3.5128245
2980,2968,3.4468236
2980,1747,3.404181
2980,1187,3.3526905
2980,3799,1.5913244
2874,1945,4.2411156
2874,1269,4.0251894
2874,1235,3.961453
2874,1952,3.959011
2874,3097,3.8348334
2874,3094,3.6893508
4077,1198,4.572877
4077,541,4.364605
4077,1200,4.2756095
4077,1240,4.209017
4077,3088,4.184203
4077,2797,4.0863934
4077,2872,3.963914
4077,780,3.9240737
4077,1356,3.9076376
4077,3516,3.9006734
4077,3244,3.8939533
4077,368,3.8657532
4077,1129,3.7706387
4077,2012,3.6977842
4077,1378,3.6958106
4077,2291,3.6930327
4077,1876,3.5967448
4077,1409,3.5944698
4077,2468,3.5157049
4077,2723,3.4467292
4077,1911,3.4187732
4077,173,2.7535014
755,858,4.454831
755,2762,4.3826866
755,2324,4.3696675
755,1197,4.3269787
755,1225,4.3084497
755,1086,4.1360865
755,1270,4.1143627
755,34,4.0631814
755,920,4.0110016
755,1089,3.9818459
755,1784,3.9757624
755,1962,3.9090908
755,1265,3.9051752
755,2890,3.73405
3576,750,4.056545
3576,678,3.932767
3576,593,3.9198391
3576,150,3.7985113
3576,1950,3.7158499
3576,3508,3.708075
3576,3363,3.6389782
3576,1086,3.6244042
3576,1947,3.5978732
3576,2797,3.5702636
3576,902,3.5544043
3576,3074,3.5400767
3576,1256,3.5244179
3576,3836,3.5169346
3576,364,3.4873848
3576,1232,3.4869967
3576,918,3.484891
3576,2083,3.4487042
3576,2867,3.4108284
3576,3033,3.386486
3576,2728,3.3844557
3576,2141,3.382514
3576,2529,3.3732057
3576,3037,3.3713264
3576,2057,3.363926
3576,3368,3.3458848
3576,2294,3.3398488
3576,1375,3.3357682
3576,2470,3.3179617
3576,2916,3.309509
3576,3247,3.308168
3576,3769,3.2778912
3576,1032,3.2617645
3576,2405,3.2398765
3576,1372,3.2285807
3576,3671,3.1977592
3576,2081,3.174142
3576,1007,3.1611564
3576,3398,3.156501
3576,1087,3.1454291
3576,1951,3.1340108
3576,2756,3.1218426
3576,586,3.1017456
3576,2410,3.0779734
3576,3361,3.075029
3576,442,3.0730357
3576,2746,3.0536091
3576,1021,3.0510902
3576,661,3.0045815
3576,355,2.975252
3576,1081,2.9419365
3576,2532,2.8639913
3576,2092,2.8156261
3576,2817,2.576332
1268,1262,4.840078
1268,2762,4.808709
1268,1617,4.79329
1268,1221,4.7807703
1268,1294,4.65453
1268,3421,4.6125593
1268,2932,4.578994
1268,3481,4.528061
1268,1220,4.4851565
1268,2918,4.462112
1268,1635,4.2571993
1268,2239,4.2177477
1268,1784,4.1933293
1268,1639,4.182266
1268,3358,4.157345
1268,2371,4.1428075
1268,3702,4.123377
1268,551,4.069087
1268,3121,4.060302
1268,368,3.860017
1268,3704,3.4465542
1268,432,2.1425772
651,608,4.4668436
651,1250,4.4662256
651,923,4.4431534
651,1283,4.441307
651,1247,4.374906
651,1303,4.196221
651,1291,4.1802025
651,1954,4.1411715
651,3671,4.1385884
651,3681,4.0766187
651,2662,4.0575213
651,3654,4.0407104
651,1028,3.9968214
651,3396,3.988978
651,2000,3.8388243
651,1982,3.7747338
651,1466,3.7621918
651,1909,3.7257454
651,380,3.7223222
651,2528,3.7187219
651,3479,3.6975174
651,3726,3.6759462
651,3676,3.668834
651,1092,3.6410725
651,1407,3.6225176
651,2058,3.605482
651,1587,3.6014967
651,1884,3.5327415
651,2916,3.495941
651,188,3.4698348
651,3525,3.4426572
651,1346,3.4207594
651,1010,3.388254
651,2476,3.3867452
651,1009,3.3612866
651,3441,3.353672
651,2021,3.273139
651,2657,3.265911
651,1769,3.216342
651,2111,3.1292284
651,1135,3.106531
651,2531,3.0906134
651,520,3.0570512
651,3699,3.0101094
651,2255,2.7167041
651,3258,2.7096553
651,1772,2.674736
651,2088,2.4390488
651,2513,2.3388348
651,1882,2.3341956
651,3689,2.1984515
651,3042,1.637866
1018,1198,4.812566
1018,1234,4.585872
1018,2571,4.5738363
1018,593,4.4872794
1018,1387,4.3526564
1018,3671,4.3263025
1018,1370,4.1583967
1018,2985,3.9447374
1018,2427,3.8826456
1018,1379,3.5383945
1018,818,3.3775344
772,316,3.692913
772,379,3.3961005
4568,1036,4.2151318
4568,2997,4.125066
4568,3408,4.0332155
4568,2908,4.0273237
4568,3044,4.014057
4568,1639,3.8363495
4568,2841,3.7967792
4568,388,3.787688
4568,1025,3.7229004
4568,261,3.6804852
4568,477,3.6489234
4568,342,3.6468844
4568,2141,3.602063
4568,1507,3.5242083
4568,3005,3.4928207
4568,1883,3.4712877
4568,3051,3.4078498
4568,586,3.3964407
4568,603,3.1673934
4568,2712,3.1614919
4568,1888,3.0844493
4568,381,3.0825648
4568,2428,2.9158638
4568,2629,2.7517495
4568,2147,2.7386158
5153,3196,3.9985719
5153,2028,3.9602847
5153,1294,3.8925583
5153,446,3.8493252
5153,3421,3.841101
5153,1953,3.8356488
5153,3735,3.7418895
5153,1293,3.7304134
5153,3498,3.6956213
5153,3210,3.6952178
5153,1296,3.6239932
5153,1097,3.602921
5153,2312,3.5934439
5153,2716,3.5869467
5153,3396,3.549254
5153,3702,3.5282257
5153,14,3.5221863
5153,3252,3.479302
5153,300,3.477325
5153,708,3.3132863
5153,1673,3.311302
5153,353,3.264515
5153,2539,3.256003
5153,1093,3.241208
5153,359,3.2334828
5153,1286,3.2214642
5153,21,3.2151468
5153,3524,3.2101657
5153,2011,3.161516
5153,2003,3.011672
5153,236,2.9899056
5153,2416,2.9524996
5153,3103,2.938398
5153,3701,2.9079168
5153,1721,2.8999648
5153,2262,2.7638464
5153,2410,2.7147892
5153,2259,2.5620475
5153,2378,2.5343323
5153,153,2.4119754
5153,2041,2.220507
5153,2170,1.8655112
5153,193,1.5713533
5153,64,1.5652521
5153,3667,1.3987743
5792,1089,4.2921796
5792,3114,4.2395473
5792,1834,4.033568
5792,3147,4.018968
5792,1060,4.005452
5792,337,3.9096005
5792,3751,3.8951886
5792,2542,3.8581553
5792,3328,3.8148499
5792,3499,3.7631109
5792,2394,3.6024392
5792,481,3.5024405
5792,3476,3.498941
5792,3261,3.489349
5792,2976,3.3209035
5792,532,3.209713
5792,86,3.113233
5792,3107,3.1066456
945,953,4.1696224
945,110,4.0511203
945,2028,4.010294
945,1610,3.848303
945,1210,3.8348572
945,2951,3.7967782
945,3408,3.6904042
945,3098,3.631339
945,2321,3.5819385
945,892,3.549734
945,2001,3.5017967
945,1835,3.3957534
945,3699,3.3492496
945,2694,3.2519994
945,1569,3.2518752
945,788,2.9967232
3211,2858,4.3792515
3211,3359,4.211302
3211,2932,4.0922904
3211,2289,4.0688725
3211,2599,4.045967
3211,1961,3.993703
3211,25,3.6697338
3211,1883,3.4227417
3211,1783,2.401544
705,593,4.2536077
705,1219,4.1644707
705,1214,4.0999393
705,3751,3.7761443
705,1729,3.73918
705,1965,3.6636846
705,1654,3.5265355
705,3300,3.506222
705,3623,3.484454
705,2363,3.3042564
705,2459,3.2845922
705,3864,3.1235986
705,1971,2.7633874
4488,913,3.8801003
4488,3801,3.7860458
4488,599,3.7609086
4488,3365,3.726609
4488,1209,3.6054273
4488,940,3.590958
4488,2951,3.2833672
4488,3476,3.0590775
4488,2912,2.9861538
4488,3770,2.9758685
4488,2985,2.916905
4488,968,2.8828487
4488,1909,2.8552763
4488,2012,2.6890993
4488,2651,2.6771152
4488,3844,2.6681345
4488,3445,2.613859
4488,2519,2.5658724
4488,1130,2.5220103
4488,1690,2.5147285
4488,2023,2.4573944
4488,2641,2.3596718
4488,2652,2.2851148
4488,2524,2.2618277
4488,2530,2.1851423
4488,1373,1.8365661
4488,3766,1.7142701
4488,2338,1.5887558
4488,2642,1.3890916
4488,3768,1.2625351
4488,3767,1.242773
1299,1945,4.52666
1299,1248,4.4532866
1299,1274,4.2247257
1299,2947,4.17952
1299,1089,4.109131
1299,588,4.0843287
1299,1215,4.046626
1299,733,4.042706
1299,2700,3.896867
1299,2099,3.8938704
1299,2857,3.89103
1299,2085,3.8487883
1299,3896,3.8434005
1299,610,3.8193474
1299,1589,3.805617
1299,198,3.769508
1299,2985,3.7468274
1299,2294,3.7440815
1299,3745,3.6691587
1299,70,3.4732637
1299,3264,3.3822708
1299,1690,3.3170915
1299,3273,2.8825927
1299,2713,2.1854603
569,838,3.9539757
569,575,3.5373008
569,1474,3.4404807
569,673,3.4105167
569,2027,3.397966
569,1064,3.394596
569,3258,3.382066
569,1005,3.3643208
569,1445,3.2719111
569,1707,2.8914576
2148,1193,4.7614512
2148,1136,4.5812163
2148,3175,4.295725
2148,1060,4.2597013
2148,1356,4.1686425
2148,2706,4.1595364
2148,1580,4.152317
2148,2891,4.0661583
2148,3108,4.048956
2148,551,4.048337
2148,2915,4.04129
2148,2747,4.031373
2148,2167,4.023731
2148,2539,4.0026894
2148,1317,3.9685264
2148,1441,3.9596207
2148,3274,3.9431958
2148,3893,3.863376
2148,1031,3.8408432
2148,783,3.829949
2148,585,3.7795033
2148,1544,3.7552483
2148,1586,3.7541823
2148,2723,3.6428463
2148,788,3.6277857
2148,153,3.517364
2148,1391,3.479896
2148,2722,3.415982
2148,3257,3.3901217
2148,1833,3.2316027
2148,20,3.1139302
2148,3316,3.070867
2148,1702,3.0514002
2148,2642,2.9938824
3344,1208,4.651984
3344,3730,4.5292273
3344,1282,4.1665397
1098,3730,4.598994
1098,3470,4.573369
1098,2788,4.3917227
1098,901,3.947793
2729,593,4.5371494
2729,1291,4.401311
474,50,4.624897
474,47,4.3871
474,2599,4.0773683
474,1500,4.0068235
474,1271,3.9501176
474,3948,3.92552
474,1407,3.9065423
474,1748,3.8994572
474,1912,3.8809497
474,493,3.811516
474,3255,3.7491226
474,39,3.6471548
474,2770,3.4922273
474,1721,3.470398
474,70,3.4642258
474,104,3.4427545
474,2541,3.3919892
474,2683,3.2777514
474,317,3.1521573
474,1391,3.1450315
474,105,3.1192482
474,2,3.050084
474,4,2.8998165
474,3869,2.7506742
474,79,2.748863
474,1027,2.7448988
474,1432,2.684859
474,2986,2.2844517
474,2479,1.8607508
474,1882,1.7883947
664,908,4.524086
664,1221,4.4334803
664,2028,4.282467
664,1704,4.146757
664,2664,4.0666194
664,1305,3.9849825
664,3852,3.881384
664,3948,3.8135726
664,3565,3.6351368
664,3354,3.2333293
1590,1193,4.5358796
1590,1225,4.3563995
1590,1293,4.2440224
1590,1961,3.9785993
1590,3613,3.7815323
1590,3496,2.8872144
1538,2804,4.515096
1538,1,4.3268347
1538,920,4.317356
1538,2716,4.230619
1538,3175,4.022798
1538,2282,3.9527512
1538,708,3.7806537
1538,1513,3.608093
2283,3175,4.143771
2283,3174,3.7707946
2283,3176,3.7536044
2283,3179,3.6937757
2283,3928,3.5445356
2283,2688,2.736535
142,364,3.0810418
142,3512,3.017189
1556,1203,4.009383
1556,910,3.8504033
1556,2804,3.7662873
1556,1247,3.7581458
1556,2918,3.6703916
1556,3088,3.6188424
1556,1411,3.6019776
1556,838,3.5792208
1556,1921,3.5748024
1556,3148,3.5622988
1556,497,3.5125065
1556,1220,3.4554574
1556,2046,3.4207003
1556,480,3.4175973
1556,1580,3.405379
1556,2083,3.2979283
1556,3599,3.2599266
1556,3510,3.2345986
1556,2001,3.200225
1556,3555,3.1958
1556,2502,3.160353
1556,261,3.1476996
1556,661,3.1350718
1556,1025,3.125156
1556,252,3.0685458
1556,5,2.9552836
1556,2581,2.8565955
1556,1544,2.7994194
1556,3623,2.7807765
1556,3752,2.6935372
1556,420,2.5454357
1556,3596,2.5116262
1556,3225,2.4892437
1556,2036,1.7970184
1556,810,1.4196159
2047,2858,4.5611224
2047,593,4.3615904
2047,2064,4.3062
2047,1304,4.2171516
2047,2959,4.191119
2047,1834,4.18478
2047,2997,4.1829615
2047,1784,4.1737347
2047,2918,4.0870237
2047,3408,4.012498
2047,3163,3.9647398
2047,1097,3.9137576
2047,2706,3.9104972
2047,2912,3.8644433
2047,1747,3.8227224
2047,1721,3.790678
2047,205,3.730154
2047,3952,3.6954055
2047,2801,3.6617782
2047,1518,3.5708938
2047,2237,3.5497637
2047,2763,3.5124567
2047,340,3.495989
2047,1442,3.241977
2047,2340,2.9434907
2047,2694,2.8291764
2047,2297,2.8124201
2047,3518,2.7464733
2047,2446,2.5956707
2047,830,2.5034933
2047,1882,1.783195
4257,1197,4.0955725
4257,914,4.051717
4257,1923,3.7926772
4257,1968,3.4847457
4257,1777,3.4274335
4257,3844,3.2381458
4257,1658,3.0095577
4257,2605,2.945589
4257,1409,2.82475
4257,1801,2.7468772
4257,2961,2.686468
4257,140,2.566183
4257,3835,2.5028255
4257,3113,2.4225202
4257,2906,1.9004717
4257,1556,1.3282424
4370,608,4.052536
4370,3052,3.5673783
4370,500,3.5109882
4370,3100,3.49312
4370,3247,3.3300228
4370,1641,3.1775653
4517,1197,4.0608535
4517,2692,3.9254942
4517,928,3.7871747
4517,1394,3.7418044
4517,1625,3.6052606
4517,3148,3.5632658
4517,3499,3.5197968
4517,3418,3.4169261
4517,1678,3.4096594
4517,2115,3.4094253
4517,2291,3.3874602
4517,1081,3.226602
4517,1711,3.219419
4517,340,3.184908
4517,3398,3.142023
4517,2155,3.0605822
4517,1047,3.0450149
4517,2710,2.8092175
4517,2297,2.784791
4517,1918,2.7541444
4517,1391,2.731443
4517,3791,2.7034683
4517,2478,2.6942635
4517,520,2.669988
4517,2375,2.638089
4517,3258,2.5167522
4517,784,2.484081
4517,719,2.4607644
4517,429,2.4259245
4517,1091,2.4218206
4517,1037,2.399814
4517,256,2.2447875
4517,2163,2.2253351
4517,135,2.100946
4517,2953,1.9465772
4517,3248,1.7535976
4517,2053,1.61538
4517,3797,1.440055
3981,1221,4.195259
3981,1262,4.188831
3981,1193,4.139016
3981,2858,4.0965385
3981,1219,4.0884485
3981,1235,3.95113
3981,2918,3.8422527
3981,1265,3.8196633
3981,2396,3.7960024
3981,1834,3.7786741
3981,2398,3.7196808
3981,2819,3.7178264
3981,2648,3.6921256
3981,1095,3.6513715
3981,3039,3.6372135
3981,300,3.6314387
3981,3093,3.5772707
3981,440,3.4324472
3981,34,3.4146621
3981,1777,3.2416034
3981,3045,2.7794256
3981,415,2.2400804
979,858,4.788549
979,527,4.626
979,2324,4.408221
979,1097,4.2554502
979,333,4.0717344
979,1608,4.0677004
979,2371,4.002192
979,3450,3.9053555
979,3247,3.8858328
979,252,3.8663988
979,168,3.7510989
979,1581,3.703869
979,355,3.3965044
5926,1240,3.9508839
5926,1721,3.6286237
5926,292,3.4662309
5926,2427,3.4226856
5926,1374,3.3484848
5926,2365,3.1954656
5096,1252,4.626712
5096,750,4.540686
5096,2289,4.24038
5096,1387,4.227927
5096,1222,4.2201343
5096,2599,4.208264
5096,3347,4.14233
5096,2919,4.1250596
5096,2395,4.0498524
5096,1081,3.8266685
5096,3793,3.7038062
5096,1587,3.6291094
5096,2915,3.573155
5096,2037,3.5608788
5096,2926,3.3794715
5096,1129,3.3603692
5096,1645,3.0571284
5096,2975,2.9093664
5096,2046,2.8973017
5096,2683,2.8872175
5096,1286,2.8542476
5096,442,2.3579183
5096,3401,1.3812336
4265,1387,4.0756707
4265,2788,4.05546
4265,1214,4.036728
4265,2872,4.030842
4265,3836,4.0283337
4265,1028,4.010887
4265,2662,3.9910235
4265,2795,3.970679
4265,1097,3.9597652
4265,1356,3.8801813
4265,588,3.865601
4265,3635,3.8077605
4265,2470,3.7956824
4265,3264,3.758921
4265,2640,3.6990564
4265,2124,3.6069818
4265,1024,3.5922894
4265,153,3.533031
4265,2088,3.1799083
2830,908,4.1978545
2830,1200,3.9241471
2830,1304,3.911164
2830,1258,3.8163755
2830,1222,3.7792747
2830,1961,3.751964
2830,3386,3.2958794
2830,968,3.2272897
2830,2985,3.0989428
2830,2459,2.7287927
2830,1713,2.5402
5916,1221,3.8717468
5916,1250,3.7702036
5916,951,3.7087579
5916,2788,3.6737225
5916,1196,3.6309462
5916,3134,3.6146622
5916,1200,3.598736
5916,2324,3.593831
5916,1242,3.5874
5916,905,3.5716844
5916,1281,3.562379
5916,953,3.5589247
5916,1188,3.558638
5916,899,3.5522542
5916,1258,3.5295734
5916,2010,3.4980063
5916,3035,3.4934464
5916,1209,3.4771585
5916,1249,3.4516878
5916,457,3.446155
5916,1267,3.4377773
5916,29,3.4293864
5916,2670,3.4156485
5916,1446,3.3967304
5916,1246,3.39544
5916,1997,3.3936763
5916,1274,3.3928692
5916,1934,3.3748755
5916,1068,3.3661108
5916,2917,3.3595736
5916,3160,3.3581657
5916,1961,3.3579297
5916,1217,3.3296876
5916,2238,3.3249032
5916,3039,3.3220782
5916,306,3.3045435
5916,3505,3.295135
5916,73,3.2883434
5916,3494,3.283305
5916,3504,3.2658217
5916,1012,3.2546334
5916,1693,3.220132
5916,1643,3.1702132
5916,2181,3.165399
5916,553,3.1516342
5916,2654,3.1058598
5916,2763,3.0942345
5916,3011,3.09198
5916,261,3.0891452
5916,1092,3.0822508
5916,3018,3.0544653
5916,1645,3.0278928
5916,2634,2.9965072
5916,2116,2.982769
5916,2653,2.8734448
5916,2148,2.856314
5916,3375,2.8543205
5916,724,2.8207488
5916,3535,2.8101711
5916,2003,2.7939956
5916,2793,2.779143
5916,273,2.704927
5916,612,2.6968126
5916,1970,2.6126037
5916,3024,2.4770951
5916,1984,2.471082
5916,2122,2.4477813
5916,2525,2.406629
5916,1882,2.375075
5916,2004,2.2807667
5916,2655,2.1104112
2929,1945,4.759563
2929,1208,4.6628704
2929,1196,4.547909
2929,1294,4.5063357
2929,1258,4.4804926
2929,111,4.472319
2929,3504,4.4553785
2929,2918,4.4394503
2929,1961,4.41941
2929,920,4.3855743
2929,1097,4.347013
2929,1387,4.3143725
2929,1321,4.2791176
2929,3105,4.2783103
2929,1277,4.278077
2929,29,4.2564898
2929,2352,4.228878
2929,1673,4.2038417
2929,337,4.193223
2929,1721,4.1851854
2929,1393,4.1522536
2929,1962,4.1320143
2929,2118,4.130375
2929,2243,4.120673
2929,2395,4.1017876
2929,3703,4.073251
2929,235,3.9907165
2929,587,3.9528232
2929,165,3.9307895
2929,1476,3.88238
2929,2645,3.7336981
2929,2275,3.7233634
2929,253,3.6896396
2929,1769,3.6374373
2929,3016,3.6247063
2929,2689,3.615382
2929,3249,3.6131597
2929,3264,3.4470594
2929,426,3.440218
2929,2517,3.282577
2929,1544,2.7396321
2929,3064,2.289338
2929,1981,1.6005735
2487,858,4.3346486
2487,1250,4.260512
2487,1252,4.188716
2487,608,4.1351385
2487,924,3.9843278
2487,590,3.86096
2487,2423,3.2457933
2487,1378,2.8642933
2487,2111,2.795075
2487,2012,2.7728834
319,318,4.4045
319,3435,4.257695
319,1252,4.2410483
319,2571,4.090888
319,110,3.975679
319,2313,3.945397
319,36,3.944506
319,2132,3.922275
319,1230,3.849542
319,1997,3.8330574
319,3728,3.8117232
319,3735,3.7698143
319,2020,3.743639
319,921,3.7232518
319,3451,3.7201352
319,1923,3.7188163
319,3168,3.7005708
319,3751,3.654487
319,1517,3.6493397
319,628,3.61819
319,1078,3.6173286
319,3100,3.591871
319,934,3.568466
319,3069,3.514788
319,1061,3.5043807
319,1187,3.4282427
319,222,3.403561
319,477,3.3730805
319,3189,3.3420045
319,1645,3.2846408
319,2166,3.2341874
319,14,3.206297
319,3298,3.139949
319,2155,3.131793
319,3450,3.110878
319,2025,3.0984678
319,2683,3.0585928
319,1614,2.9913855
319,1713,2.8960004
319,2314,2.8536024
319,852,2.760469
319,1399,2.7499182
319,1552,2.7207184
319,3,2.6791291
319,1541,2.6642451
319,3798,2.6543188
319,2375,2.4131231
319,784,2.3445635
319,2688,2.3172517
319,2521,2.129099
319,27,2.1006112
319,168,1.9214253
319,1703,1.7180281
319,829,1.6858432
319,1752,1.585944
810,318,4.622224
810,541,4.46214
810,1090,4.29704
810,1293,4.2380095
810,1246,4.1746635
810,1957,4.0274715
810,247,4.009728
810,1610,3.929851
810,1124,3.833621
810,648,3.6081946
810,2353,3.548715
810,10,3.5477533
810,3879,2.6838875
3547,750,4.270674
3547,3949,4.194042
3547,2858,4.1267834
3547,2357,4.096059
3547,3911,4.039625
3547,1206,3.955314
3547,541,3.9223783
3547,1084,3.8843842
3547,3475,3.8668957
3547,2791,3.866693
3547,17,3.8632817
3547,1079,3.861137
3547,3499,3.8144875
3547,562,3.8046908
3547,2745,3.7344851
3547,1844,3.707017
3547,1073,3.6903157
3547,1183,3.6685371
3547,2150,3.659147
3547,2943,3.6565144
3547,3189,3.6336432
3547,2117,3.6126595
3547,2115,3.6041584
3547,1345,3.5260272
3547,2929,3.5193079
3547,2100,3.5020576
3547,45,3.4879556
3547,2916,3.4593325
3547,3608,3.368504
3547,1569,3.3680186
3547,3702,3.3604293
3547,3550,3.3587875
3547,3448,3.3342767
3547,2420,3.3120396
3547,3087,3.1991093
3547,2926,3.1915507
3547,2369,2.9313152
3547,2468,2.7765822
3547,674,2.771773
3547,292,2.688353
3547,1320,2.6452663
3547,2154,2.5064063
3547,2794,2.340025
3547,3392,1.5626764
690,1252,4.821437
690,1196,4.7395525
690,2804,4.7132244
690,608,4.694766
690,2762,4.675009
690,1,4.6034427
690,47,4.588293
690,1240,4.5476303
690,1222,4.5126104
690,595,4.437457
690,597,4.4319935
690,3552,4.416621
690,2791,4.4133453
690,3102,4.404842
690,1527,4.322425
690,1356,4.2577147
690,1035,4.246229
690,39,4.221514
690,596,4.217383
690,272,4.162383
690,367,4.0267725
690,2712,3.9157782
690,2247,3.891965
690,1717,3.8054962
2266,1617,4.328718
2266,508,4.2925787
2266,474,4.11922
2266,62,4.0982776
2266,805,3.9419599
2266,3358,3.872069
2266,781,3.6606777
3364,838,3.7672923
3364,1914,3.7351794
3364,3783,3.6269069
3364,3079,3.6248262
3364,3536,3.6039808
3364,1177,3.51799
3364,2686,3.5143268
3364,1643,3.4836547
3364,254,3.2168293
3364,3538,3.0657187
4132,858,4.929472
4132,1196,4.6151443
4132,3114,4.542939
4132,3654,4.2982054
4132,1261,4.2268553
4132,2716,4.1860003
4132,1210,4.159034
4132,223,4.1552935
4132,2353,4.0495825
4132,3527,3.8990145
4132,733,3.8803184
4132,1093,3.8548694
4132,3005,3.6044517
4132,2881,3.4100447
4132,2369,3.2120554
4132,2699,3.0309553
4132,2322,3.0063488
4099,858,4.24321
4099,1193,4.2320466
4099,953,4.1930933
4099,1213,4.0956135
4099,1136,4.0531554
4099,1276,4.046798
4099,246,3.9454556
4099,1235,3.9201055
4099,2010,3.803521
4099,2000,3.7824626
4099,3836,3.7128997
4099,1078,3.6733255
4099,3608,3.0336826
4099,3177,2.4734862
756,608,4.2922554
756,1196,4.2377615
756,2949,3.8363426
756,1127,3.6482735
174,3265,4.008757
174,2000,3.789454
174,1580,3.7297182
174,2167,3.5813572
174,2990,3.540177
2073,1252,4.5461807
2073,260,4.4785013
2073,1247,4.42877
2073,111,4.419181
2073,2324,4.408508
2073,1254,4.378751
2073,1244,4.3401937
2073,923,4.3229938
2073,1200,4.3160267
2073,110,4.3027573
2073,1307,4.2723417
2073,3359,4.2423954
2073,308,4.205115
2073,58,4.1937537
2073,235,4.1427903
2073,3451,4.1278386
2073,457,4.1206946
2073,1641,4.1135254
2073,262,4.084671
2073,3499,4.0555143
2073,3871,4.049738
2073,531,4.028739
2073,508,4.0129004
2073,314,4.0104303
2073,968,4.008916
2073,1419,4.006157
2073,3296,3.993925
2073,3260,3.959874
2073,1729,3.9446902
2073,1639,3.9428668
2073,562,3.9302683
2073,1635,3.9284463
2073,2700,3.9077938
2073,161,3.891725
2073,1584,3.8907666
2073,3028,3.8899286
2073,3556,3.8660858
2073,25,3.8607912
2073,1994,3.8529775
2073,1955,3.8489983
2073,2716,3.8473794
2073,2078,3.8000698
2073,300,3.792963
2073,2403,3.7891858
2073,3105,3.772357
2073,144,3.6837308
2073,1805,3.6598072
2073,3159,3.6541212
2073,3412,3.623506
2073,3174,3.5984662
2073,3186,3.582032
2073,2987,3.572342
2073,2870,3.4120734
2073,377,3.3780587
2073,3510,3.3514109
2073,2099,3.3209934
2073,1268,3.2651489
2073,3112,3.2448235
2073,1047,3.2085853
2073,1688,3.1437514
2073,1339,3.0630498
2073,1042,2.960036
2073,2320,2.8696194
2073,2369,2.6324341
2073,3285,2.6156027
2073,2856,2.5773487
2073,3273,2.117635
2073,2806,1.9459116
2073,1583,1.9288068
2073,355,1.9073874
3328,110,4.136959
3328,2692,4.035443
3328,232,3.9844074
3328,539,3.9312844
3328,628,3.921715
3328,307,3.8328648
3328,3873,3.83083
3328,2303,3.8025966
3328,2424,3.7240417
3328,377,3.7066507
3328,454,3.69282
3328,3271,3.664208
3328,1810,3.5563412
3328,339,3.5011268
3328,3108,3.490107
3328,471,3.4738212
3328,1190,3.464533
3328,2247,3.4265344
3328,1554,3.4209888
3328,3806,3.4135892
3328,1475,3.3974276
3328,2384,3.3956196
3328,1367,3.392704
3328,445,3.3704467
3328,516,3.3600419
3328,195,3.3599963
3328,2598,3.3350773
3328,708,3.3230042
3328,2387,3.2679915
3328,438,3.190132
3328,1453,3.119718
3328,370,3.1158133
3328,2510,3.0494447
3328,437,3.010762
999,919,3.888393
999,1036,3.8050516
999,1293,3.7434673
999,1962,3.7047582
999,3062,3.6961787
999,2959,3.65101
999,733,3.6018815
999,3408,3.5778325
999,1466,3.521977
999,1673,3.5172453
999,3723,3.4921281
999,3100,3.4863997
999,2231,3.4622488
999,3510,3.457139
999,3555,3.4502983
999,780,3.431991
999,2916,3.387475
999,2541,3.3451977
999,1620,3.276186
999,253,3.2719164
999,382,3.2534866
999,1518,3.193993
999,376,3.1500533
999,1616,3.1365335
999,1320,3.1349263
999,1589,3.0803556
999,517,3.0510302
999,2722,3.0366588
999,2735,2.9993165
999,765,2.9447682
999,1382,2.8816772
999,704,2.7521787
999,1515,2.6622205
999,1373,2.4640796
999,2422,2.2266247
1021,922,5.129235
1021,541,4.8879843
1021,1953,4.820949
1021,3683,4.8187547
1021,1294,4.8164177
1021,1090,4.745948
1021,1704,4.739981
1021,800,4.730728
1021,3361,4.4713216
1021,2922,4.470643
1696,1197,4.504229
1696,1090,4.310757
1696,1263,4.3056054
1696,1704,4.263794
1696,1222,4.2561235
1696,800,4.2553883
1696,110,4.2541647
1696,1259,4.228095
1696,1387,4.218011
1696,1214,4.192882
1696,778,4.15954
1696,1220,4.150106
1696,2949,4.144161
1696,1610,4.125406
1696,535,4.1235213
1696,3836,4.098278
1696,337,4.09492
1696,3104,4.0422792
1696,2347,4.0028033
1696,3071,3.9972725
1696,2288,3.968222
1696,380,3.9085047
1696,1356,3.8931684
1696,21,3.8742948
1696,165,3.8262815
1696,647,3.8237724
1696,1120,3.808991
1696,2490,3.7103872
1696,1587,3.6996431
1696,3755,3.5700269
1696,371,3.3951068
1696,494,3.3917446
1696,288,3.2454357
1696,1544,3.1257052
1696,2877,3.034628
1696,2792,2.880411
1696,315,2.4241855
1696,1556,1.5776882
1294,1197,4.433034
1294,3462,4.348196
1294,1172,4.3167543
1294,2937,4.283462
1294,2396,4.2718563
1294,2208,4.270509
1294,910,4.2683783
1294,1281,4.204042
1294,3114,4.1692905
1294,3504,4.122905
1294,1265,4.0401053
1294,3363,4.026706
1294,2352,3.9966369
1294,3052,3.9897602
1294,3039,3.9546816
1294,2160,3.9472177
1294,2395,3.8969972
1294,2390,3.8443656
1294,235,3.830149
1294,901,3.7925549
1294,2750,3.7893157
1294,2407,3.7412708
1294,2100,3.7013483
1294,1569,3.6981468
1294,2174,3.687364
1294,1042,3.6798935
1294,633,3.6746306
1294,3809,3.6558955
1294,3419,3.5323849
1294,3263,3.5209234
1294,189,3.5178394
1294,2598,3.3153489
1294,2004,2.570123
4314,3578,4.3256536
4314,780,3.7778602
4314,3763,3.704204
3741,1213,4.2032824
3741,593,4.200588
3741,21,3.56315
3741,592,3.3998573
3741,1573,3.1299887
3741,587,3.0764341
3741,852,2.9349976
3741,1769,2.7178326
2635,3942,3.0848012
2635,3937,3.0740957
2635,1990,3.049159
2635,3918,2.961068
2436,2028,4.245636
2436,1276,4.2193055
2436,1394,4.1878567
2436,110,4.1671114
2436,1235,4.148353
2436,457,4.114217
2436,1243,4.041934
2436,2871,3.9343028
2436,3510,3.925445
2436,2353,3.8870952
2436,2944,3.8066635
2436,1584,3.7938876
2436,2916,3.7910385
2436,1466,3.765295
2436,543,3.5899835
2436,353,3.5652032
2436,2496,3.556396
2436,2463,3.5349023
2436,1135,3.4840827
2436,3763,3.4668593
2436,3082,3.4468887
2436,2424,3.3323083
2436,3,3.2846808
2436,1801,3.24868
2436,2121,2.9719658
2436,849,2.892654
2436,455,2.5924907
2436,3646,2.4489868
279,1242,3.6764245
279,3062,3.4384222
279,3836,3.3683271
279,1208,3.3144364
279,3742,3.3067377
279,2067,3.3031228
279,3753,2.966536
279,2476,2.5494921
279,2106,2.4120846
279,3519,2.28597
3172,1148,4.566301
3172,750,4.5456924
3172,1704,4.29116
3172,29,4.02666
3172,3418,3.7293584
3172,1215,3.6855264
3172,3108,3.6517
3172,780,2.3281157
3172,3802,1.1674836
2968,1225,4.418009
2968,920,4.2570496
2968,2268,4.2149034
2968,1968,4.121556
2968,1517,4.0705175
2968,1376,4.007912
2968,1370,3.9033146
2968,3253,3.8951058
2968,1013,3.8665211
2968,2141,3.8521025
2968,524,3.8247085
2968,1485,3.7699146
2968,3844,3.6438308
2968,292,3.3812823
2968,1888,3.023533
2968,276,2.7623477
2795,3671,3.941186
2795,111,3.8588157
2795,589,3.844664
2795,1199,3.745366
2795,3494,3.622536
2795,1544,3.3823915
2795,1179,3.2480526
2795,2428,2.768229
4450,32,3.3710585
4450,2594,3.0023415
4450,1584,2.8472452
4450,1479,2.565908
4450,185,2.4519758
4450,2722,2.2246594
4450,3269,2.0600376
4450,1591,1.7763411
2239,2571,4.786049
2239,3949,4.5230136
2239,3421,4.4948792
2239,356,4.419855
2239,1653,4.166587
2239,1391,3.7093701
2239,2722,3.638493
2239,3113,3.6117191
2239,2827,3.3944013
2239,637,3.203311
5997,541,4.8938565
5997,1077,4.6645103
5997,1240,4.642636
5997,1374,4.390253
5997,1356,4.378848
5997,1127,4.3265257
5997,1653,4.2946057
5997,2454,4.0848465
1902,1218,4.5422287
1902,110,4.467646
1902,3160,4.3864284
1902,1188,4.3408704
1902,1354,4.334539
1902,16,4.2502036
1902,1912,4.2042923
1902,280,4.052528
1902,3107,3.901546
1902,3176,3.8495882
1902,3893,3.831457
1902,574,3.7293746
1902,1918,3.5839305
1902,2320,3.535314
1902,662,3.3866456
1902,533,3.3141954
1902,1255,3.282494
1902,517,3.2705462
1902,168,3.2582145
1902,2699,3.1793396
1902,2253,2.927652
1902,1831,2.7691135
1902,464,2.643179
1902,2315,1.9100832
2512,593,4.1444016
2512,1952,3.9998178
2512,2355,3.6658192
2512,3577,1.7581906
5334,581,2.3956516
5334,2803,1.7333319
5334,1061,1.5977005
5334,127,1.3175145
2155,2026,4.8172045
2155,2459,4.66505
2155,611,4.621871
2155,3908,4.5828266
2155,2995,4.4988794
2155,3826,4.4602423
3832,50,4.8197536
3832,904,4.8042755
3832,541,4.5297008
3832,1196,4.5205393
3832,1228,4.5036798
3832,2020,4.312701
3832,162,4.2886953
3832,3328,4.1277037
3832,3186,3.6989064
3246,527,4.346605
3246,1198,4.2912893
3246,2501,4.0687237
3246,3147,4.061944
3246,232,3.9253569
3246,480,3.9076605
3246,529,3.9061763
3246,1834,3.8096714
3246,456,3.7798853
3246,2594,3.6941228
3246,3256,3.6888254
3246,1584,3.6407504
3246,431,3.4496117
3246,1909,3.4437063
3246,368,3.4436498
3246,1729,3.427406
3246,3476,3.421688
3246,3107,3.3809385
3246,3514,3.2088566
3246,2447,3.1983774
3246,376,2.9997892
3246,1438,2.9705796
3246,640,2.7148113
3246,3705,2.1584868
4092,1172,4.6514893
4092,3210,4.4183197
4092,1270,4.386133
4092,1923,4.3824377
4092,1285,4.3716106
4092,2081,4.285038
4092,3526,4.174452
4092,348,4.1641946
4092,2915,4.100647
4092,3033,3.9349515
4092,2261,3.9332647
3888,858,4.3038254
3888,969,4.1519594
3888,1225,3.9963622
3888,111,3.994848
3888,910,3.9892344
3888,924,3.9511256
3888,1084,3.8868554
3888,2599,3.7820358
3888,2761,3.7106826
3888,1292,3.669732
3888,2291,3.2915988
3888,3755,2.5714493
2772,1721,4.1396713
2772,2716,4.0433006
2772,1374,4.0204725
2772,1275,3.9276965
2772,2997,3.8802626
2772,780,3.7151215
2772,3070,3.6870043
2772,2416,3.544541
2772,1375,3.541182
2772,2334,3.225798
2772,3176,3.1068344
2910,3897,4.4350486
2910,2997,4.3994284
2910,2918,4.240615
2910,223,4.160062
2910,1321,4.067187
2910,1982,4.0338755
2910,3016,3.6181967
2910,70,3.53992
2910,2389,3.1558146
2910,1971,2.9743166
2910,1979,2.499381
1408,110,4.2249856
1408,1214,4.1920977
1408,457,4.0124683
1408,2693,3.9201813
1408,1610,3.855949
1408,99,3.542173
1408,1480,3.4587889
1408,1580,3.2651477
1408,2600,3.141705
1408,1876,2.820302
1408,3755,2.8188174
1408,316,2.7968473
1408,95,2.3543582
1408,1667,2.2288978
1408,504,1.8600149
1408,849,1.538121
2971,1079,3.924391
2971,3160,3.8599753
2971,3127,3.0092616
402,3897,4.335289
402,1299,4.323319
402,2329,4.2966495
402,111,4.211206
402,36,4.0914516
402,1285,3.968975
402,866,3.843954
402,1171,3.8434365
402,3203,3.745236
402,2321,3.743855
402,1729,3.7130744
402,380,3.7005706
402,3052,3.647505
402,597,3.605172
402,2671,3.5266318
402,1799,3.5092676
402,1620,3.409781
402,2976,3.3413193
402,2133,3.1887152
402,1569,3.0824308
402,2372,3.080985
402,2723,2.8698359
402,1806,2.5576453
402,2241,2.5291092
5016,593,3.8718786
5016,2028,3.8449223
5016,293,3.6581826
5016,1213,3.4657283
5016,2501,3.4448624
5016,1635,3.412105
5016,150,3.3931103
5016,2125,3.1709566
5016,3081,3.0020885
5016,1968,2.993705
5016,34,2.7450078
5016,1660,2.6602685
5016,1059,2.6562815
5016,151,2.642185
5016,1876,2.1286848
866,3510,4.0762773
866,1566,3.2721727
866,2354,2.913673
866,239,2.8900833
2536,593,4.026329
2536,3408,3.6810052
2536,500,3.3031573
2536,2539,3.1685252
2536,1888,3.1514742
2536,1042,3.106914
2536,3263,3.0337973
2536,3120,3.005691
2536,3243,2.0753121
5102,912,4.8893723
5102,1210,4.7309113
5102,1960,4.7194867
5102,480,4.7061987
5102,2000,4.548623
5102,1285,4.487776
5102,1641,4.396514
5102,62,4.357789
5102,2915,4.321927
5102,551,4.304553
5102,3018,4.256361
5102,3176,4.0004163
3868,3451,3.896854
3868,1625,3.8843973
3868,529,3.8802323
3868,1834,3.7855024
3868,1608,3.7743049
3868,316,3.6475663
3868,2046,3.6257958
3868,1653,3.5764225
3868,2011,3.5748703
3868,1544,3.4691067
3868,3081,3.454786
3868,1792,3.421485
3868,31,3.392586
3868,282,3.3550081
3868,1409,3.2882314
3868,1463,3.1839662
3868,542,3.069789
3868,1526,3.0653417
3868,276,3.001505
3868,762,2.8804407
3868,2450,2.8403492
2818,527,4.525508
2818,1945,4.2722645
2818,246,3.9715004
2818,2706,3.9343052
2818,480,3.8966098
2818,2108,3.8053536
2818,1175,3.7911973
2818,165,3.7899532
2818,2355,3.7878256
2818,2080,3.7414405
2818,2137,3.732513
2818,2236,3.6456351
2818,3253,3.6261919
2818,1374,3.626132
2818,2144,3.6223922
2818,2001,3.5895023
2818,1589,3.4369216
2818,2640,3.3674448
2818,3638,3.3015897
2818,2335,3.2467036
2818,85,3.1807518
2818,835,2.8318098
3464,1193,4.3535748
3464,1036,4.1578836
3464,1266,4.08554
3464,1097,4.027485
3464,3481,3.9988675
3464,3753,3.9654725
3464,800,3.959465
3464,11,3.9357982
3464,539,3.934557
3464,2268,3.918238
3464,2908,3.879353
3464,265,3.8287475
3464,2355,3.7996879
3464,2599,3.781406
3464,1397,3.7713253
3464,349,3.6940346
3464,832,3.6843297
3464,2700,3.6508832
3464,3418,3.6384091
3464,3204,3.6265342
3464,2321,3.5810504
3464,1645,3.560948
3464,3249,3.5517654
3464,3274,3.5508604
3464,292,3.5263662
3464,1441,3.5236084
3464,736,3.5235014
3464,231,3.5111
3464,1876,3.509649
3464,1422,3.4709065
3464,1687,3.45233
3464,1597,3.446454
3464,1653,3.444394
3464,784,3.435862
3464,3476,3.4149108
3464,2447,3.3508806
3464,2272,3.3487046
3464,3835,3.1992004
3464,1037,3.0171127
3464,2906,2.8605475
3464,2598,2.7298052
445,3198,4.198713
445,1214,4.125375
445,3578,4.1180987
445,1270,4.096888
445,3671,4.0224304
445,2138,3.8809948
445,3135,3.8631334
445,2716,3.858033
445,1073,3.8529935
445,1356,3.6567764
445,2454,3.5660129
445,2232,3.4982426
445,3926,3.4491112
445,3033,3.4431868
445,2433,3.3684926
445,3269,3.3502662
445,2105,3.2528858
445,185,3.1691651
445,3053,3.0978017
445,2094,3.0600839
445,3016,2.9798388
445,3937,2.939176
445,3354,2.8271277
445,2147,2.6872113
445,3946,2.6654923
445,435,2.527297
445,160,2.1354825
445,2549,2.0821543
445,737,2.0202537
445,2643,1.8687024
3403,1193,4.7460427
3403,750,4.6734076
3403,2028,4.663374
3403,2329,4.615453
3403,1267,4.6094427
3403,1213,4.5945377
3403,1304,4.5834904
3403,2804,4.4907427
3403,1206,4.4011445
3403,800,4.388926
3403,1292,4.3173747
3403,1261,4.311984
3403,364,4.2905555
3403,940,4.2533007
3403,6,4.2525244
3403,3386,4.140888
3403,2355,4.116542
3403,1912,4.0534706
3403,2058,4.044406
3403,3792,3.9502878
3403,507,3.9255352
3403,3214,3.8208995
3403,783,3.774078
3403,2617,3.7693393
3403,558,3.4272602
3403,3438,3.2811031
3085,1233,4.691378
3085,1036,4.5585303
3085,1200,4.5180044
3085,589,4.4229507
3085,1090,4.4037757
3085,356,4.3745656
3085,2194,4.3596063
3085,3408,4.1922464
3085,1580,4.159857
3085,377,3.9707897
3085,3639,3.9477289
3085,736,3.8190985
3085,1573,3.7418666
3085,1391,3.430898
2849,2937,4.838109
2849,1196,4.818059
2849,1234,4.7764235
2849,3035,4.6874676
2849,1,4.6580043
2849,1307,4.6026998
2849,1281,4.589299
2849,28,4.559512
2849,1270,4.465209
2849,1238,4.462222
2849,3361,4.338813
2849,2080,4.2400026
2849,2707,4.0327406
5065,50,4.5545163
5065,527,4.505508
5065,912,4.5027633
5065,919,4.398101
5065,2571,4.3793144
5065,2208,4.3308253
5065,2396,4.2388906
5065,1953,4.1779776
5065,3334,4.14842
5065,1259,4.1403894
5065,1923,4.0240045
5065,364,3.9871285
5065,1968,3.9347653
5065,2138,3.9299912
5065,531,3.8490872
5065,2109,3.8403134
5065,3386,3.8234267
5065,3494,3.8135712
5065,2076,3.7847834
5065,3034,3.782084
5065,1029,3.7658153
5065,3476,3.6353567
5065,2085,3.6107087
5065,2394,3.5803056
5065,2916,3.575255
5065,1619,3.4995222
5065,780,3.4930758
5065,802,3.3635826
5065,1135,3.2115645
5065,1037,2.3890193
5065,3688,2.1547031
5065,1831,1.8176707
3819,2571,4.6661406
3819,1200,4.470524
3819,1214,4.4324856
3819,1912,4.2135844
3819,2890,4.1917973
3819,223,4.110747
3819,780,4.0694714
3819,1653,4.048045
3819,1777,3.870411
3819,2414,3.855521
3819,1876,3.6321988
3819,3156,3.5588117
3819,1702,3.2287946
176,1617,4.2422576
176,1220,3.9382384
176,3552,3.9048634
176,3526,3.8155992
176,3087,3.7553306
176,3740,3.633961
176,2407,3.5934577
176,2463,3.5102618
176,2054,3.3162947
2153,1258,4.4579597
2153,1199,4.4006453
2153,2797,4.357888
2153,1673,4.252855
2153,3175,4.247683
2153,1923,4.167967
2153,1517,4.1418495
2153,1968,4.110642
2153,1298,4.0808535
2153,1682,4.0594635
2153,1376,4.0452404
2153,3098,4.0450296
2153,141,4.0321026
2153,2968,4.028851
2153,3253,4.016142
2153,2863,4.00218
2153,1396,3.9998553
2153,2001,3.9777374
2153,2161,3.9386349
2153,2987,3.9149861
2153,2046,3.9145598
2153,1689,3.8757231
2153,551,3.875508
2153,2145,3.8451903
2153,2746,3.7830234
2153,467,3.7825267
2153,1479,3.6352992
2153,835,3.6331275
2153,2297,3.5220165
2153,292,3.5080004
2153,1541,3.4771395
2153,445,3.3161063
2153,2255,3.2101505
3275,260,4.1333647
5684,919,4.397441
5684,1230,4.3702655
5684,3462,4.3597174
5684,1288,4.307845
5684,1211,4.281541
5684,34,4.1678643
5684,3363,4.1422577
5684,1997,4.141037
5684,1348,4.1397066
5684,1274,4.138732
5684,101,4.091586
5684,364,4.078548
5684,1022,3.983218
5684,290,3.981883
5684,3072,3.9752362
5684,1215,3.9703698
5684,235,3.955768
5684,2109,3.9499867
5684,594,3.9303162
5684,2750,3.9241598
5684,1125,3.9155884
5684,1966,3.909834
5684,2700,3.9041243
5684,1356,3.886613
5684,1732,3.8850844
5684,1580,3.8143353
5684,2580,3.7992597
5684,2118,3.795521
5684,2065,3.7522075
5684,1615,3.715563
5684,2174,3.657569
5684,1321,3.6252093
5684,574,3.514707
5684,2899,3.4256587
5684,1350,3.3879375
5684,663,3.3543463
5684,2867,3.2926786
5684,2747,3.2651503
5684,380,3.2640057
5684,368,3.2402759
5684,2143,3.1723628
5684,2023,3.1106102
5684,2613,3.0434299
5684,165,3.0307283
5684,362,2.9108348
5684,1009,2.8432527
5684,1917,2.403458
5164,1276,4.6159105
5164,969,4.602411
5164,1927,4.4480534
5164,3062,4.3505154
5164,3543,4.1978807
5164,1094,4.072048
5164,2950,1.7154276
1816,1036,4.422308
1816,1259,4.3196445
1816,968,3.959889
1816,151,3.8423424
4589,858,5.208195
4589,1193,5.0351048
4589,1223,5.004688
4589,1296,4.77452
4589,1080,4.7037635
4589,1259,4.689187
4589,1185,4.6711116
4589,2289,4.6464286
4589,1285,4.6051416
4589,588,4.4337683
4589,3175,4.3786983
4589,2321,4.340411
4589,3685,4.329156
4589,1747,4.25079
4589,2394,4.240594
4589,39,4.139212
4589,2275,3.8700092
5424,1221,4.321754
5424,1269,4.155954
5424,608,4.091273
5424,1394,4.029431
5424,2706,3.9327335
5424,3079,3.9093304
5424,32,3.8536618
5424,2841,3.7391777
5424,2291,3.604168
5424,2688,3.4868674
5424,3623,3.4782982
5424,3755,3.4178278
5424,2724,3.3551152
5424,3534,3.3151162
5424,3355,3.242562
5424,1126,2.6031535
110,293,4.382715
110,2194,4.3160396
110,866,4.1294236
110,3755,3.1188219
110,2792,2.6792488
110,434,2.5484052
3101,1148,4.7704515
3101,260,4.699416
3101,1233,4.5648527
3101,2804,4.4864664
3101,1258,4.4834476
3101,1097,4.3577366
3101,1222,4.337139
3101,741,4.330243
3101,2924,4.3221407
3101,1321,4.307043
3101,590,4.25402
3101,2138,4.225114
3101,2951,4.180952
3101,265,4.1301727
3101,1370,4.1025777
3101,2116,4.095807
3101,2700,4.087265
3101,2001,4.0034437
3101,1639,3.9731617
3101,2628,3.941661
3101,653,3.9189343
3101,3020,3.9021537
3101,661,3.871031
3101,3441,3.8265183
3101,198,3.8092523
3101,3452,3.774384
3101,2054,3.7386827
3101,788,3.5983334
3101,3608,3.523232
2870,908,3.8442183
2870,1449,3.6235454
2870,593,3.5665045
2870,1266,3.2645135
2870,223,3.161436
2870,314,3.1412416
2870,1408,2.9950545
2870,1748,2.9233773
2870,628,2.8726625
2870,3252,2.8573692
2870,1392,2.6837347
2870,1527,2.5362535
2870,388,2.4761791
2870,3793,2.2671385
2870,2331,2.2159324
2870,1799,1.8871223
1220,1265,3.7460308
1220,1517,3.6497564
1220,1610,3.6106935
1220,971,3.5548532
1220,595,3.5524766
1220,377,3.544192
1220,736,3.505343
1220,941,3.4535356
1220,1367,3.4374213
1220,277,3.385811
1220,524,3.340033
1220,317,3.336769
1220,2015,3.3337958
1220,1629,3.319385
1220,157,3.315054
1220,832,3.2844133
1220,2410,3.2629626
1220,2371,3.2452154
1220,368,3.1779323
1220,2170,3.0363374
1220,2016,2.9047196
1220,2032,2.8452413
1220,881,2.6238027
1220,1863,2.601359
2,1198,4.2313986
2,3468,4.0987196
2,1096,3.977445
2,1834,3.8161283
2,2353,3.6399763
2,2628,3.4849777
2,498,3.1481028
2,1442,3.059048
2,2427,2.8854215
1856,908,5.293941
1856,260,5.2579303
1856,904,5.225167
1856,1219,5.1960363
1856,750,5.0871572
1856,608,5.014236
1856,2020,4.968253
1856,1374,4.7896247
1856,1372,4.749914
1856,2665,4.6588016
1856,3702,4.648578
1856,3703,4.6420226
1856,1527,4.639099
1856,1573,4.6043806
1856,2661,4.571922
1856,3701,4.454486
1856,2615,4.328113
1856,2021,4.3197083
1856,76,4.2981176
1856,332,4.2444644
4218,2858,3.8358774
4218,952,3.5501046
4218,1835,3.502776
4218,1888,3.3599443
4218,3285,3.074353
6023,2762,4.478885
6023,296,4.249075
6023,6,4.067403
6023,2764,3.928747
6023,2058,3.8634098
6023,2985,3.706214
6023,2628,3.6984174
6023,653,3.6633577
6023,1918,3.62083
6023,2561,3.6151915
6023,1616,3.5800865
6023,459,3.4491577
6023,1833,3.4167545
6023,466,3.3668683
6023,2126,3.3146987
6023,1591,3.2383144
6023,1497,2.3628547
2547,1267,4.395603
2547,905,4.348278
2547,296,4.329131
2547,608,4.300219
2547,950,4.291114
2547,1276,4.27374
2547,2300,4.248324
2547,2132,4.180909
2547,1096,4.137927
2547,949,4.107956
2547,17,4.045821
2547,2289,4.042227
2547,3481,4.042059
2547,3363,4.040252
2547,3548,3.9693851
2547,480,3.878644
2547,266,3.6258936
2547,1906,3.580108
3737,908,4.4770713
3737,1196,4.411482
3737,1219,4.2408853
3737,2959,4.181222
3737,2396,4.171952
3737,1210,4.100363
3737,1784,4.0508194
3737,2347,3.8605666
3737,780,3.8542771
3737,368,3.7898018
3737,968,3.778345
3737,1552,3.6997778
3737,3643,3.5917053
3737,2043,3.5364094
3737,1676,3.5313225
3737,736,3.5294611
3737,1895,3.436328
285,1617,4.5735416
285,3683,4.5164604
285,3198,4.4534025
285,3543,4.1706867
285,2739,4.1214943
285,1034,3.9840677
285,525,3.7992685
285,22,3.4482796
285,427,1.9894936
5955,1221,4.344258
5955,678,4.1987195
5955,916,4.190535
5955,1278,4.167849
5955,1269,4.151858
5955,915,4.02641
5955,1294,4.025815
5955,914,4.0143304
5955,902,3.9823873
5955,1296,3.9613173
5955,440,3.9536934
5955,589,3.8982186
5955,2949,3.8772314
5955,357,3.819339
5955,3060,3.8065948
5955,2872,3.806456
5955,3361,3.7954974
5955,1127,3.7891717
5955,2144,3.782075
5955,1183,3.7537775
5955,1125,3.7409518
5955,2115,3.7358649
5955,1777,3.7219205
5955,1101,3.6727333
5955,648,3.6185374
5955,2407,3.6056235
5955,2628,3.604111
5955,3591,3.5951385
5955,1441,3.5838115
5955,288,3.5195556
5955,2102,3.516488
5955,1059,3.5152864
5955,2875,3.4967077
5955,292,3.4920025
5955,2015,3.4840808
5955,2023,3.4823723
5955,3,3.4485805
5955,362,3.3944845
5955,1454,3.369152
5955,2376,3.3148572
5955,3489,3.3063772
5955,674,3.2812955
5955,2054,3.2348137
5955,327,3.1475654
5955,444,3.1337557
5955,407,3.1193395
5955,1389,2.158323
5955,1381,2.1472669
5978,527,4.3797092
5978,913,4.280805
5978,1234,4.1621895
5978,914,3.9525232
5978,1247,3.9409184
5978,1294,3.9053924
5978,3508,3.9049153
5978,1222,3.896327
5978,1387,3.8889847
5978,1610,3.8524916
5978,2944,3.7750812
5978,2948,3.7537076
5978,2872,3.7496295
5978,1073,3.6600904
5978,3397,3.6338832
5978,2018,3.5561628
5978,2080,3.5488343
5978,1183,3.4729645
5978,2174,3.4403377
5978,3476,3.386248
5978,1017,3.3594804
5978,10,3.342945
5978,1012,3.315362
5978,837,3.2564442
5978,2083,3.2455738
5978,3412,3.2364445
5978,2527,3.1922317
5978,2048,3.1751075
5978,2475,3.1090953
5978,2105,3.0991817
5978,1129,3.0947545
5978,2628,2.7310202
5978,3704,2.6694026
5978,2123,2.3003664
5978,2088,2.217024
5978,95,2.0420215
5978,2953,1.8622323
5978,577,1.6542213
5978,1499,1.600955
5978,1977,1.5609155
5978,1592,1.5386661
5978,355,1.3475822
673,318,4.963974
673,260,4.7436934
673,1284,4.702919
673,1207,4.5810623
673,1280,4.5450544
673,608,4.479861
673,1719,4.324834
673,41,4.3083377
673,2728,4.282918
673,1073,4.2551746
673,2607,4.243562
673,1177,4.215732
673,2501,4.1270185
673,1545,4.112132
673,1060,4.1107726
673,1249,4.0831804
673,3916,4.017106
673,3289,3.9831028
673,25,3.7268727
673,3252,3.5963821
673,1094,3.5922356
673,1059,3.4453363
673,1035,3.4197779
673,3531,3.1126528
673,1680,3.01939
673,3569,2.8476782
673,2657,2.8326316
673,3915,2.7910588
673,2033,2.5888295
673,1286,2.3800015
673,805,2.2732556
673,2524,2.2596264
673,450,2.0945992
673,1767,2.045252
673,148,1.768401
673,2520,1.6107304
673,1488,1.5619521
673,3825,0.9796246
1263,3307,4.0456705
1263,1288,3.8970728
1263,3114,3.8758674
1263,2918,3.823397
1263,1610,3.7793427
1263,1,3.7472944
1263,2791,3.733109
1263,3751,3.5837798
1263,2302,3.5478528
1263,1380,3.4793773
1263,2502,3.372869
1263,2081,3.2921326
1263,2841,3.2617688
1263,2490,3.0312903
1263,351,3.0189784
1263,3515,2.9795203
1263,2657,2.8839507
1263,2002,2.7840738
1263,2694,2.5528476
1263,2699,2.351705
1263,2688,2.1944132
1263,2491,1.8665736
1263,3593,1.2786138
5974,1193,4.4531546
5974,923,4.300746
5974,1222,4.0522566
5974,2194,4.039975
5974,17,4.029586
5974,308,3.9884279
5974,1912,3.9342446
5974,1179,3.850572
5974,1060,3.8217928
5974,562,3.7319088
5974,25,3.6775188
5974,1034,3.6664686
5974,1653,3.5715785
5974,507,3.4229932
5974,508,3.3758838
5974,94,3.3518531
5974,45,3.3288863
5974,57,3.1962628
5974,3118,3.1879883
5974,35,3.0595193
5974,222,3.0435438
5974,574,3.0324225
5974,2237,2.9604132
5974,1061,2.8218045
5974,4,1.8550749
5974,2541,1.7888587
346,1242,4.694227
346,3006,4.64377
346,2398,4.553236
346,3105,4.4759374
346,1673,4.409952
346,2078,4.397539
346,2083,4.344859
346,300,4.314392
346,1393,4.307439
346,3751,4.2888184
346,587,4.287017
346,671,4.2674065
346,2006,4.2603226
346,2108,4.211833
346,2144,4.199563
346,708,4.137417
346,586,4.0763454
346,339,4.044331
346,2683,4.044316
346,1457,4.0351896
346,2014,3.9451156
346,2796,3.8551135
346,3705,3.7755706
346,2375,3.7402103
346,3388,3.6424546
346,818,3.5927286
3346,1207,4.34746
3346,1267,4.2099643
3346,3435,4.1854067
3346,1284,4.1485176
3346,1136,4.123904
3346,1276,4.074137
3346,2925,3.9877193
3346,1303,3.9429083
3346,1258,3.9236445
3346,1080,3.879841
3346,1209,3.8465116
3346,1387,3.8452952
3346,1348,3.8297837
3346,3424,3.810872
3346,1097,3.7735603
3346,1289,3.7457805
3346,1238,3.7376938
3346,2797,3.7369428
3346,1674,3.7254326
3346,2949,3.7117758
3346,1094,3.6939855
3346,3168,3.6804075
3346,1184,3.5579338
3346,2076,3.516871
3346,1025,3.4216228
3346,616,3.2657423
3346,2897,3.201256
3346,2409,3.1053712
3346,707,3.100533
2785,3363,3.6664815
2785,3384,3.4302857
2785,647,3.3462873
2785,1959,3.3338742
2785,2243,3.2569757
2785,2469,2.9741478
2785,2471,2.942871
2785,3685,2.938888
2785,195,2.8826904
2785,3869,2.8437161
3359,1358,3.8238044
3359,2396,3.7722864
3359,82,3.6292028
3359,3728,3.541865
3359,1265,3.440961
3359,3252,2.9578462
3359,3852,2.7984304
3359,2683,2.2106667
1570,1267,4.1766944
1570,2182,3.4190822
1570,2184,3.3301253
3248,1221,4.251409
3248,2028,4.048487
3248,1196,4.0095787
3248,1084,3.9422526
3248,2396,3.8520157
3248,265,3.7061229
3248,1150,3.650642
3248,1734,3.420536
3248,3882,2.1096327
1214,3091,3.8845046
1214,2528,2.9492722
1214,1031,2.8912563
2555,750,4.238019
2555,1212,4.198537
2555,903,4.1511974
2555,1208,4.082095
2555,1287,3.9475677
2555,2300,3.8674984
2555,1,3.8274703
2555,1214,3.8092077
2555,2716,3.7404554
2555,1682,3.6568437
2555,2987,3.468576
2555,2664,3.3922129
2555,1729,3.3720064
2555,1805,3.354584
2555,1754,3.1582687
2555,3908,1.8965197
4031,1219,4.8167334
4031,1299,4.774921
4031,1348,4.5349135
4031,1214,4.4568577
4031,2716,4.2855225
4031,1321,4.2152195
4031,3576,4.2061853
4329,2571,4.2027035
4329,3363,3.8519015
4329,3408,3.69218
4329,380,3.663273
4329,2959,3.6343277
4329,588,3.6110077
4329,3255,3.5919049
4329,253,3.3910842
4329,3755,3.3211896
4329,1729,3.1697817
4329,1717,3.1114728
4329,788,3.1102285
4329,438,2.70547
4650,593,3.8878403
4650,1,3.5722399
4650,1784,3.5237107
4650,1954,3.221652
4650,39,3.1107116
4650,1394,2.9775681
4650,2407,2.9044373
4650,2169,2.3715558
4650,2036,1.6600155
2299,1196,4.052453
2299,1200,3.943228
2299,1240,3.7805521
2299,1210,3.7461853
2299,3175,3.6314185
2299,3793,3.4892478
2299,1580,3.4356704
2299,1127,3.2569764
2299,1909,3.2498057
2299,442,2.7089624
2299,338,2.706161
2299,692,1.4283156
2299,2643,1.3355464
4937,3897,4.4884214
4937,1449,4.4526367
4937,1,4.4415646
4937,581,4.3489027
4937,32,4.3433104
4937,1641,4.32649
4937,2721,4.317178
4937,337,4.2678986
4937,538,4.2620153
4937,562,4.2525005
4937,14,4.151939
4937,3060,4.1458006
4937,1639,4.141651
4937,1730,4.1159983
4937,348,4.007066
4937,1916,3.9932098
4937,454,3.9374776
4937,3081,3.7916267
4937,1441,3.7761626
4937,1375,3.7128522
4937,3535,3.6660972
4937,2388,3.4640818
4153,2858,4.360135
4153,380,4.178617
4153,1042,3.9166923
4153,357,3.8805447
4153,362,3.812544
4153,2023,3.7900991
4153,2724,3.73133
4153,3113,3.7202628
4153,423,3.693638
4153,2042,3.5780795
4153,2953,3.454668
4153,3157,3.4314344
4153,1005,3.405702
4153,2306,3.3919485
4153,2720,3.2090442
4153,1595,3.1571288
1412,3176,3.595055
1412,1332,1.8269083
1130,969,4.636279
1130,1203,4.429001
1130,296,4.403314
1130,111,4.387294
1130,1953,4.372555
1130,1927,4.264968
1130,3006,4.215603
1130,2728,4.154497
1130,1060,4.1517825
1130,1961,4.1412005
1130,150,4.1396995
1130,3578,4.1328607
1130,589,4.1207247
1130,1240,4.108052
1130,1220,4.0796924
1130,3160,4.0588255
1130,2391,4.0308423
1130,3733,4.0100017
1130,6,3.947811
1130,1179,3.8833013
1130,2321,3.8779695
1130,2993,3.8734803
1130,1633,3.8600898
1130,2403,3.8420305
1130,2929,3.7461247
1130,3763,3.7179713
1130,1101,3.710503
1130,3527,3.7009466
1130,112,3.6608334
1130,2005,3.5363836
1130,2622,3.5273523
1130,3623,3.2046463
1130,2572,3.005581
1130,3638,2.9160762
1130,2369,2.7956026
1130,2491,2.389364
1130,1388,2.2633905
1938,2571,4.0461974
1938,1204,4.0374155
1938,1387,3.683603
1938,2761,3.542529
1938,1527,3.457089
1938,1282,3.378201
1938,2115,3.3772452
1938,2081,3.2213554
1938,3034,3.0364356
1938,552,3.0318108
1938,1566,2.7765589
1938,1405,2.660442
1938,3776,2.6483111
1938,783,2.6477952
1938,1024,2.5789614
1938,1030,2.5427074
1938,558,1.878789
1938,1489,1.8564241
5736,50,4.7215867
5736,1207,4.6708117
5736,260,4.648443
5736,1147,4.5006466
5736,911,4.4925723
5736,1610,4.2310376
5736,1411,4.188647
2136,3114,4.471366
2136,588,4.2035966
2136,1370,4.184816
2136,2355,4.1451693
2136,1917,4.1051807
2136,509,4.0689774
2136,3100,4.0204897
2136,1747,3.907261
2136,2490,3.9023585
2136,586,3.824228
2136,371,3.7361112
2136,1064,3.6827784
2136,1566,3.6771724
2136,158,3.672994
2136,2724,3.6232634
2136,3,3.6142957
2136,2723,3.604598
2136,1831,3.5911307
2136,1911,3.580298
2136,1391,3.5755703
2136,2498,3.5055954
2136,1445,3.3326228
5393,912,4.1817217
5393,2028,3.9448261
5393,1263,3.818996
5393,1090,3.6898296
5393,2398,3.6776774
5393,3451,3.6244848
5393,1393,3.457702
5393,515,3.4442608
5393,3543,3.407811
5393,1179,3.2851617
5393,2764,3.2033234
5393,448,3.129747
5393,2424,2.7218742
5393,2262,2.6223807
5393,2002,2.5904229
5393,455,1.7685025
5393,3436,1.6711264
2141,908,4.520251
2141,3360,4.255124
2141,3481,4.1249146
2141,2160,4.0600934
2141,144,3.6776438
2141,2454,3.668448
4605,2019,4.1661844
4605,1287,3.7788448
4605,265,3.501174
4605,1095,3.4330165
4605,16,3.3676777
4605,590,3.3395102
4605,1466,3.3158479
4605,3678,3.101469
4605,388,3.093572
4605,477,2.9987502
4605,1404,2.4070122
4605,2560,2.405468
4605,552,2.3766844
4605,408,2.00538
2912,1127,2.9809892
2912,3004,1.5838182
4993,1247,4.353788
4993,3114,4.2791605
4993,58,3.9754288
4993,2724,2.88622
4993,5,2.3879995
343,2186,4.6793947
343,1278,4.559871
343,914,4.558432
343,3510,4.4140053
343,1101,4.405116
343,959,4.4008164
343,589,4.3897696
343,1097,4.3745317
343,1344,4.329176
343,2012,4.277195
343,1653,4.264371
343,3793,4.23795
343,2080,4.229945
343,1127,4.1493273
343,1909,4.144545
343,2096,4.1360316
343,2085,4.106424
343,3450,4.081172
343,938,4.0660586
343,2378,3.901083
343,107,3.8852782
343,1353,3.883764
343,520,3.8820176
343,3708,3.8684351
343,2410,3.6892116
343,435,3.6739578
343,276,3.6446395
343,2456,3.6169055
343,3921,3.5933738
343,1920,3.5327864
343,1373,3.4371357
343,3877,3.122236
4142,1198,3.9323113
4142,1214,3.4724624
4142,1127,3.0721145
4142,1019,2.5611215
4142,3206,2.298203
1768,1234,4.2583475
1768,1299,4.2482224
1768,1172,4.1252556
1768,1231,3.9722936
1768,1960,3.961
1768,2313,3.9534872
1768,2243,3.6590357
1768,3069,3.6578643
1768,2970,3.5777106
1768,2245,3.2452147
1768,2657,3.1855946
1768,2474,3.093576
1768,3813,2.8498127
1768,1334,2.692614
1768,2410,2.5305142
1768,2942,2.4417508
1593,318,4.005095
1593,593,3.869274
1593,678,3.8118606
1593,2329,3.7865233
1593,1407,3.4156551
1593,441,3.3883686
1593,3512,3.2271821
1593,2617,3.180214
1593,1965,3.0242698
1593,1753,2.9206119
1593,2746,2.894851
1593,144,2.8339057
1593,3785,2.5385907
1593,3354,2.472374
2143,260,4.3766437
2143,110,4.129764
2143,1201,4.0870833
2143,2997,4.023318
2143,1240,3.9243593
2143,2951,3.9016325
2143,3624,3.5027382
2143,3753,3.4898877
2143,2879,3.2097292
2143,2001,3.1981378
2143,1101,3.0948443
2143,1597,2.7603192
2143,1590,2.0826669
2143,1382,2.0202904
2143,9,2.00591
2143,2815,1.7854996
2143,1971,1.323553
4883,1028,3.0563467
4883,1688,2.2212017
4883,2996,1.9560692
3274,110,4.037443
3274,3471,4.0101624
3274,2797,3.8881142
3274,3396,3.8485475
3274,1907,3.6560864
3274,2640,3.6043434
3274,2916,3.6041508
3274,3213,3.4422317
3274,1917,3.3940995
3274,2116,3.235899
3274,1573,3.2010293
3274,3704,3.1644838
3274,2531,2.946288
3274,3864,2.9416542
3274,3623,2.7899134
3274,2642,2.1479037
3274,3687,1.8123966
1879,296,4.561043
1879,2501,4.341063
1879,1200,4.3256187
1879,111,4.2996387
1879,2028,4.2931376
1879,1079,4.27168
1879,1704,4.231762
1879,1288,4.219701
1879,1240,4.2019577
1879,3551,4.1941915
1879,597,4.128145
1879,1097,4.0805964
1879,1222,4.068313
1879,1748,4.038668
1879,3361,4.03856
1879,1396,3.9434063
1879,1061,3.9262114
1879,2058,3.9135473
1879,1343,3.8992348
1879,543,3.840918
1879,514,3.811499
1879,1479,3.791105
1879,2393,3.7635968
1879,2712,3.7254293
1879,3250,3.7192142
1879,34,3.6881402
1879,2006,3.6717162
1879,3316,3.486389
1879,2822,3.4479887
1879,1665,3.2902923
5020,2115,4.079788
5020,1097,4.0245624
5020,2406,4.0016184
5020,3175,3.9056394
5020,3699,3.741919
5020,2135,3.6113904
5020,208,3.2500033
3210,922,5.198687
3210,3435,5.176804
3210,296,5.012328
3210,2858,4.930551
3210,3334,4.8928146
3210,3006,4.6415153
3210,1094,4.553134
3210,235,4.481689
3210,128,4.456592
3210,3556,4.2710705
3210,691,4.195345
3210,3185,4.161599
3210,3179,4.1157207
3210,2598,4.018253
3210,3355,3.9751668
4271,318,4.1303773
4271,912,4.084093
4271,3022,3.8971252
4271,3196,3.85651
4271,924,3.8041213
4271,1104,3.795802
4271,1219,3.7223687
4271,1950,3.7146223
4271,1674,3.6955094
4271,1947,3.6441512
4271,1231,3.6430972
4271,1942,3.6304486
4271,778,3.6250472
4271,2010,3.54697
4271,2194,3.5403824
4271,1500,3.540193
4271,1394,3.4896863
4271,1610,3.4151902
4271,2150,3.3666425
4271,3396,3.3260298
4271,41,3.3215122
4271,1584,3.2266247
4271,3397,3.1919875
4271,1356,3.1740081
4271,2115,3.0097475
4271,1129,2.9923
4271,1959,2.9864447
4271,3213,2.9675279
4271,2915,2.8602307
4271,1372,2.81041
4271,3527,2.7745137
4271,3478,2.7316306
4271,3698,2.3320732
4271,494,2.266479
4271,3525,2.252294
4271,2038,2.0841367
4271,2468,1.8670478
4271,3626,1.865402
4157,3384,3.689679
4157,2366,3.5829654
4157,3760,3.4161863
4157,3806,3.0279772
4157,2790,2.439415
4512,3578,4.213893
4512,733,4.022016
4512,3396,4.0039077
4512,3448,3.9140074
4512,539,3.8760893
4512,1127,3.852405
4512,3526,3.7684002
4512,1729,3.7680767
4512,1257,3.7340515
4512,296,3.7195358
4512,431,3.7096443
4512,349,3.6788278
4512,2023,3.5560942
4512,1641,3.5022519
1903,858,4.565873
1903,1213,4.321677
1903,110,4.3047132
1903,2937,4.2685547
1903,3359,4.1859717
1903,1259,4.14643
1903,2936,4.0514116
1903,2018,3.9733317
1903,3093,3.9492168
1903,3682,3.8865466
1903,1343,3.7592354
1903,2141,3.7123318
1903,2699,3.4177113
3906,1221,4.2082663
3906,1287,3.9980092
3906,457,3.9903347
3906,1387,3.844552
3906,1275,3.754479
3906,2949,3.7251594
3906,3702,3.6325502
3906,1129,3.4503899
273,919,4.1659565
273,1028,4.0141125
273,3256,3.9081807
273,3793,3.907238
273,3178,3.882442
273,2355,3.8774562
273,2167,3.8282826
273,1019,3.7804766
273,380,3.7441492
273,2058,3.6876023
273,2683,3.6216133
273,2694,3.5685897
273,586,3.553179
273,1020,3.5196152
273,3301,3.473421
273,256,3.299294
273,3439,2.6904304
4215,1207,4.52875
4215,1193,4.518179
4215,1224,4.427906
4215,593,4.4095497
4215,2858,4.2975874
4215,933,4.2725763
4215,2064,4.2631226
4215,1201,4.2454376
4215,1235,4.22663
4215,1,4.200055
4215,1090,4.146056
4215,3006,4.1309834
4215,265,4.100603
4215,3451,4.098686
4215,2921,4.0574636
4215,3654,4.034553
4215,1663,4.001189
4215,538,3.9913762
4215,3361,3.966406
4215,223,3.9391863
4215,1722,3.9124348
4215,69,3.8787253
4215,2301,3.8437395
4215,1295,3.8351893
4215,3082,3.8261693
4215,2321,3.8036857
4215,2371,3.763592
4215,3412,3.7550497
4215,592,3.744392
4215,3718,3.7374172
4215,2587,3.4979844
4215,639,3.2688618
4457,3134,4.7714086
4457,1147,4.7184973
4457,593,4.644138
4457,1175,4.5041447
4457,2819,4.4802213
4457,3668,4.435558
4457,2890,4.364396
4457,457,4.2763443
4457,3653,4.177215
4457,2872,4.1502666
4457,2797,3.991127
4457,2288,3.9044502
4457,190,3.868344
4457,2987,3.7775838
4457,592,3.374188
4457,3262,2.9139006
1137,922,4.618192
1137,318,4.565302
1137,3435,4.500801
1137,2203,4.3668146
1137,2858,4.342881
1137,1939,4.320617
1137,914,4.2754707
1137,1449,4.2518005
1137,909,4.1916595
1137,1674,4.1863127
1137,1096,4.1835055
1137,307,4.157653
1137,1270,4.143054
1137,356,4.138853
1137,2959,4.1373262
1137,2729,4.1098576
1137,3507,4.0928907
1137,1296,4.072941
1137,1060,4.008476
1137,2204,4.0067716
1137,1374,3.9778101
1137,1635,3.9651556
1137,1964,3.9557638
1137,2118,3.8536525
1137,2288,3.8471437
1137,534,3.8338904
1137,2115,3.831334
1137,2355,3.8252845
1137,2087,3.8247542
1137,349,3.8219028
1137,3101,3.8183079
1137,1376,3.8165226
1137,3386,3.8066664
1137,2321,3.8007216
1137,300,3.7921526
1137,3950,3.6769054
1137,1441,3.655957
1137,3502,3.6452272
1137,3594,3.614841
1137,2433,3.5547137
1137,2759,3.552615
1137,86,3.52086
1137,2384,3.4949012
1137,490,3.4943147
1137,3005,3.4872375
1137,2201,3.4595172
1137,1544,3.4569788
1137,277,3.4090166
1137,3051,3.2047925
1137,2688,3.195998
1137,3744,3.1875005
1137,2369,3.1420686
1137,3553,2.8479903
1137,3646,2.4142509
2674,913,4.546603
2674,1172,4.4348717
2674,1189,4.4341316
2674,1617,4.3442025
2674,293,4.2999306
2674,1394,4.2898464
2674,1259,4.2158732
2674,2966,4.1950827
2674,2677,4.172397
2674,265,4.1273594
2674,3424,4.0914774
2674,1500,4.0632987
2674,3408,4.0281997
2674,3925,3.9793305
2674,866,3.9722528
2674,1885,3.9535918
2674,1965,3.9343247
2674,3555,3.7937837
5653,1196,4.447341
5653,2329,4.350683
5653,2357,4.3054686
5653,47,4.2689967
5653,457,4.268857
5653,497,4.141433
5653,914,4.136128
5653,920,4.095351
5653,3505,3.9744024
5653,1393,3.8255153
5653,3101,3.6243
5653,3005,3.466765
5653,2976,3.441108
5653,2699,3.2464797
5653,2674,2.9550505
5653,3299,2.2034347
3875,3793,4.24254
3875,2490,3.9419043
3875,2828,1.9487326
5630,904,4.920986
5630,1198,4.803813
5630,913,4.7753854
5630,111,4.592259
5630,3421,4.532606
5630,1953,4.5287824
5630,3578,4.5248528
5630,1214,4.5243034
5630,2313,4.4053893
5630,41,4.3173866
5630,1171,4.2779684
5630,265,4.2471213
5630,2395,4.231145
5630,322,4.21051
5630,3384,4.191637
5630,2076,4.1422815
5630,309,4.1227746
5630,2108,4.0917253
5630,3108,4.033186
5630,780,4.0084314
5630,2394,3.9879627
5630,1747,3.8926299
5630,2278,3.8880904
5630,1688,3.8706617
5630,2384,3.7053325
5630,2771,3.5790067
5630,3861,3.2652743
5630,3785,3.0980492
188,965,3.9520261
188,3384,3.6394968
188,3516,3.6113925
188,3827,3.1715233
188,2710,2.968997
188,3219,2.6767411
188,2428,2.493049
188,3768,1.5361788
1171,1961,4.9962697
1171,3753,4.6467266
1171,2628,4.2188606
1171,3483,4.046134
2520,858,4.744564
2520,1362,4.1526976
2520,412,3.8201892
5287,1304,4.400625
5287,1961,4.2003503
5287,1220,4.0118837
5287,1097,3.9311395
5287,1374,3.9243164
5287,1957,3.9131813
5287,2401,3.9023247
5287,1994,3.8932133
5287,2470,3.7249703
5287,3033,3.6894412
5287,2518,3.6738315
5287,2240,3.6573768
5287,339,3.6292207
5287,1378,3.6054854
5287,3614,3.5695887
5287,1347,3.48267
5287,344,3.442316
5287,3672,3.4168417
5287,195,3.3547757
5287,2369,2.9733849
5287,2450,2.2958713
5287,2122,2.0777907
5287,2642,1.9996837
1400,2329,4.401002
1400,2997,4.2698655
1400,21,3.7647145
5634,318,5.161193
5634,527,4.952517
5634,2804,4.7798004
5634,541,4.6441407
5634,2918,4.5951877
5634,3114,4.594749
5634,1997,4.5861077
5634,1387,4.5627823
5634,1210,4.3929095
5634,356,4.3676863
5634,1584,4.355877
5634,3397,4.217765
5634,1350,4.1230154
5634,1396,4.068263
5634,316,3.9803379
5634,289,3.9487305
5634,3614,3.9376488
5634,252,3.834021
5634,480,3.7842283
5634,317,3.783152
5634,2424,3.7712696
5634,3247,3.744673
5634,1676,3.7111435
5634,2694,3.705007
5634,1689,3.6647687
5634,852,3.5090592
5634,504,3.2902715
5634,1037,3.2657642
5634,1831,2.906253
5634,547,2.7197134
4866,1234,4.5553226
4866,1028,4.237768
4866,1079,4.2140145
4866,2805,3.669238
79,3510,3.9263935
79,3176,3.730551
79,3483,3.1495733
79,3409,3.0854104
3882,1953,4.2894135
3882,800,4.23224
3882,36,4.212956
3882,293,4.204706
3882,3019,4.1287475
3882,508,4.122575
3882,428,4.092995
3882,150,4.0906553
3882,3364,4.02616
3882,1730,3.955125
3882,3163,3.8925576
3882,2231,3.81426
3882,1660,3.7863045
3882,151,3.7552204
3882,1747,3.5794039
3882,647,3.5691357
5288,3095,4.158947
5288,1307,4.136396
5288,3359,4.0971284
5288,2436,3.625145
5288,3618,3.4737678
3550,1228,4.1665845
3550,2692,4.0814915
3550,1784,3.9905515
3550,1209,3.9835742
3550,2788,3.980036
3550,1210,3.941132
3550,3481,3.9104085
3550,589,3.854159
3550,1333,3.7739248
3550,2951,3.7186837
3550,1215,3.715049
3550,3526,3.6367817
3550,3424,3.6247072
3550,2174,3.5730917
3550,2394,3.5626912
3550,3255,3.5563374
3550,3253,3.5052605
3550,3729,3.4871635
3550,3298,3.4692526
3550,2278,3.4591703
3550,72,3.311039
3550,1858,3.2324617
3550,3785,2.579006
3550,2411,2.5533452
3550,393,2.132913
3550,2643,2.0074716
6010,1304,4.5845823
6010,1299,4.5079975
6010,1201,4.405596
6010,11,4.374117
6010,1275,4.3712454
6010,1960,4.341791
6010,553,4.2442102
6010,104,4.219288
6010,3039,4.175095
6010,337,4.147894
6010,2599,4.1298704
6010,1608,4.1160665
6010,3253,4.1059475
6010,367,4.033931
6010,1094,4.0269184
6010,95,3.9486713
6010,2463,3.9313824
6010,3506,3.9067452
6010,2770,3.833335
6010,3263,3.6968684
6010,2478,3.6965594
6010,1544,3.5185757
6010,2826,3.3785648
964,1223,4.4687195
964,3897,4.3723197
964,1188,3.9936962
964,588,3.9130538
964,1295,3.8336215
964,551,3.8217213
964,266,3.3071537
964,3554,3.0341032
964,3565,2.876683
964,1690,2.3933566
964,1544,2.368588
964,3826,1.647157
15,593,4.001405
15,1196,3.8292143
15,356,3.8253016
15,1210,3.7619414
15,47,3.7569861
15,380,3.570959
15,2396,3.5097153
15,1271,3.4298508
15,2002,3.3713043
15,300,3.3229055
15,3755,3.2968333
15,2764,3.2932627
15,832,3.267122
15,2617,3.2393465
15,1805,3.1697364
15,3418,3.1325822
15,3717,3.1313195
15,1804,3.0881138
15,367,3.0788608
15,1673,3.0259826
15,3005,2.9582653
15,1702,2.6146524
15,2427,2.455706
15,762,2.1091292
2567,1250,4.2162905
2567,858,4.191822
2567,2571,4.113844
2567,1252,4.0649395
2567,1217,3.9831228
2567,1927,3.9385917
2567,1953,3.9033992
2567,3671,3.8750875
2567,1952,3.873772
2567,1,3.8049836
2567,1270,3.7593803
2567,1333,3.71027
2567,555,3.6765692
2567,1923,3.651184
2567,1292,3.6452985
2567,3448,3.6019168
2567,2137,3.589171
2567,551,3.5729668
2567,2700,3.549264
2567,11,3.5228934
2567,2687,3.4665382
2567,1092,3.4589152
2567,2495,3.4529731
2567,1374,3.4491873
2567,25,3.4154334
2567,3256,3.3931983
2567,3066,3.3912926
2567,3555,3.3538408
2567,2021,3.302032
2567,1729,3.2803402
2567,1597,3.2798967
2567,1371,2.8967187
2567,1591,2.4482942
2567,466,2.3070283
210,2006,4.8224416
210,353,4.6514606
210,1792,4.557311
210,465,4.510678
210,3082,4.489333
210,3274,4.4554834
210,145,3.9133554
210,434,3.6066492
65,2028,5.012131
65,3147,4.7726254
65,2268,4.5785627
65,2115,4.551858
65,34,4.551101
65,1094,4.390719
65,2058,4.3784957
65,1298,4.3390265
65,1917,4.3246145
65,2236,4.323918
65,2991,4.251412
65,3409,4.185137
65,1518,4.1567926
65,2628,4.141794
65,3717,4.001088
65,3157,3.8496838
65,1562,3.7855098
65,2088,3.295403
4343,307,4.0565186
4343,47,3.9503722
4343,36,3.9376886
4343,3723,3.5046482
4343,353,3.457783
4343,2280,3.4473846
4343,3261,3.3585744
4343,1485,3.2529838
4343,1352,3.1740065
4343,3301,3.1655245
4343,2059,3.1533232
4343,1918,3.1447282
4343,3249,3.1079645
4343,216,3.0753355
4343,780,3.0514224
4343,1687,3.0326402
4343,1686,2.9651346
4343,511,2.932623
4343,2598,2.9065502
4343,1422,2.7826898
4343,2953,1.9243886
4938,2355,3.899909
4938,3176,3.3137977
4865,1148,4.1975193
4865,858,4.191539
4865,527,4.061722
4865,3307,3.9315643
4865,1200,3.8611455
4865,2351,3.8366787
4865,945,3.721184
4865,3362,3.6695633
4865,2132,3.6635892
4865,1953,3.6294456
4865,920,3.6070995
4865,3424,3.5604706
4865,978,3.5498219
4865,2973,3.4006763
4865,58,3.3843136
4865,3168,3.2532248
4865,3175,3.0831876
4865,1694,3.039854
4865,480,2.3399317
3607,912,4.484188
3607,541,4.2648487
3607,3035,4.2150664
3607,1080,4.108249
3607,1028,3.876769
3607,3255,3.6446435
3607,2985,3.5965738
3607,3005,3.5923786
3607,2001,3.5875776
3607,2657,3.498832
3607,3699,3.3962638
3607,3638,3.2982492
3607,426,3.087544
3607,2598,3.0510526
3607,737,2.0468907
3607,3665,1.7763923
2783,2571,4.4915047
2783,1200,4.301634
2783,32,4.1341887
2783,1374,3.9130814
2783,3175,3.9086442
2783,2640,3.674607
2783,2455,3.4300194
2783,2111,3.0175996
674,318,5.0166845
674,904,4.8730726
674,260,4.804836
674,593,4.665558
674,1282,4.365082
674,2948,4.3556175
674,6,4.2395525
674,1408,4.2215877
674,1374,4.1259747
674,21,4.039586
674,1480,3.939624
674,2371,3.9375916
4744,260,4.490291
4744,1203,4.3308077
4744,1231,4.1015983
4744,34,3.995318
4744,3159,3.9280508
4713,1393,4.0593
733,2858,4.3851857
733,1617,4.3639717
733,3114,4.3582215
733,588,4.0919337
733,1394,4.0331893
733,3260,3.9275746
733,1885,3.8756576
733,2294,3.814215
733,60,3.580537
733,1883,3.5631194
733,1566,3.4109933
733,2375,3.256502
1802,3134,4.6511955
1802,1219,4.6171556
1802,930,4.6087704
1802,593,4.58802
1802,306,4.5798597
1802,1288,4.5638657
1802,2066,4.4614263
1802,1206,4.4476314
1802,1952,4.401161
1802,1261,4.280005
1802,1215,4.1898
1802,1407,4.142674
1802,1095,4.081787
1802,1171,4.0617046
1802,2657,3.92136
1802,3917,3.6775582
1802,2901,3.4945154
1802,70,3.4292915
1802,328,3.2442677
1802,382,3.0588098
1802,240,2.8322506
1802,1973,2.1862304
1802,3286,1.5934559
5716,750,4.43547
5716,1197,4.387724
5716,1223,4.298605
5716,1196,4.298047
5716,1258,4.2203417
5716,2300,4.170662
5716,1265,4.0636663
5716,364,4.0104227
5716,1682,3.9392395
5716,728,3.8966222
5716,671,3.8566113
5716,39,3.8210304
5716,3005,3.806085
5716,69,3.790687
5716,2916,3.7772949
5716,2437,3.7468104
5716,1396,3.7448235
5716,443,3.5574973
5716,2363,3.3831892
5716,2694,3.3172543
5716,2953,2.2233288
1747,3801,2.8172636
1747,940,2.6865296
1747,2730,2.3276415
1747,970,2.285517
1747,3070,2.1694334
1747,1031,1.9533
1747,3701,1.8761688
1747,3478,1.8731445
1747,1562,1.2477627
1747,2748,1.1919224
1747,3710,1.1591694
1747,3661,1.1363311
1747,2522,1.1363311
208,593,4.1802397
208,2858,4.174106
208,1358,4.097936
208,1200,4.0893064
208,1206,4.0424595
208,1288,4.038661
208,1291,3.9811192
208,1240,3.97903
208,1222,3.9588492
208,356,3.9088564
208,2871,3.901445
208,1097,3.8784804
208,1343,3.6005864
208,25,3.5762858
208,968,3.5104556
208,380,3.3799868
208,3527,3.0480247
208,3219,2.5927043
208,2789,2.5514772
208,3705,2.0306575
5230,50,4.4090037
5230,858,4.26985
5230,953,4.1905665
5230,1283,4.0462704
5230,457,4.0348063
5230,446,4.0003233
5230,1242,3.9955192
5230,1036,3.9635718
5230,1214,3.917716
5230,1610,3.894501
5230,165,3.636313
5230,2273,3.5978174
5230,3249,3.5130434
5230,266,3.4182482
5230,1475,3.1326323
181,318,4.8519077
181,50,4.780252
181,2329,4.5893216
181,1704,4.483979
181,1,4.419642
181,2064,4.3618
181,2248,4.359023
181,589,4.348604
181,1246,4.3238196
181,1610,4.2261734
181,2716,4.2248716
181,3060,4.1784363
181,3578,4.1343102
181,3267,4.1060705
181,2750,4.0976295
181,1210,4.0778456
181,2000,4.0044665
181,2117,3.9878542
181,514,3.941123
181,1517,3.8258677
181,2463,3.629591
181,785,3.6143193
181,1527,3.5458283
181,3506,3.5137372
181,1378,3.404489
181,2167,3.1390781
181,42,3.0993733
181,736,2.9295933
181,2402,2.815813
181,3273,2.6959262
181,3257,2.4483528
181,479,2.4295316
181,2380,1.825763
4436,541,4.1508017
4436,110,4.1188555
4436,903,4.104625
4436,1704,4.06637
4436,47,4.019206
4436,1610,3.9558024
4436,2542,3.8891048
4436,1625,3.7725801
4436,2078,3.7686727
4436,1500,3.7605896
4436,3526,3.7332516
4436,3255,3.7165844
4436,2333,3.6201916
4436,1748,3.5419316
4436,357,3.5206175
4436,3704,3.4720047
4436,1405,3.4235835
4436,2840,3.373201
4436,3108,3.3215187
4436,2881,3.3157449
4436,1641,3.3075716
4436,24,3.2889047
4436,2629,3.1542645
4436,2147,3.1106942
732,318,4.394493
732,1210,3.9480898
732,1228,3.8620687
732,1101,3.7824273
732,1222,3.7353458
732,265,3.7223597
732,3039,3.6865852
732,1994,3.6706624
732,3755,3.6412892
732,1263,3.5438042
732,2985,3.5202973
732,3790,3.4967535
732,2405,3.4726412
732,1473,3.4283962
732,3072,3.38207
732,2241,3.3405843
732,2247,3.3232503
732,2717,3.207548
732,3431,3.161594
4942,608,4.1265335
4942,1200,4.0925703
4942,3114,4.041397
4942,3095,4.03494
4942,1287,4.0310245
4942,1240,3.9795713
4942,1252,3.9468741
4942,924,3.9314024
4942,1834,3.8695195
4942,1954,3.8558369
4942,1036,3.816737
4942,969,3.8124723
4942,3751,3.798849
4942,1080,3.7871616
4942,1302,3.7789075
4942,3175,3.7283227
4942,3068,3.7008672
4942,1956,3.672888
4942,2011,3.5727706
4942,1968,3.5451026
4942,3101,3.5082178
4942,2985,3.4070382
4942,2105,3.380263
4942,2657,3.370819
4942,185,2.9523058
4942,1373,2.9197938
4942,160,2.7094402
4942,3401,2.608104
4942,1882,2.2441778
4942,546,1.9212171
1430,1617,4.7051105
1430,1200,4.5789423
1430,1080,4.4963465
1430,2959,4.476605
1430,1214,4.4612927
1430,1265,4.380555
1430,1912,4.3113966
1430,1500,4.2026205
1430,1580,4.1941547
1430,3174,3.8488755
1430,2124,3.5968847
4954,3421,3.6988044
4954,2355,3.4556508
4954,1394,3.4050055
4954,2289,3.3416567
4954,2915,3.3277194
4954,2302,3.1593537
4954,2759,2.856027
4954,3156,1.7663311
5532,2762,4.2849736
5532,246,3.8571515
5532,16,3.6907043
5532,3257,3.3952706
5532,3426,3.3792953
5532,3436,3.2710319
5532,1487,3.2615256
5532,981,3.1426
5532,3608,3.1208034
5532,93,2.934341
1433,110,4.351373
1433,2139,3.9500146
1433,1608,3.9208233
1433,1552,3.8317294
1433,170,3.6207554
1433,153,3.1037712
1433,1831,3.0860603
1433,438,2.8684118
4909,1198,4.329077
4909,1131,4.2893186
4909,1036,4.224205
4909,2859,4.1327167
4909,1,4.0879855
4909,1281,4.0584397
4909,3549,4.0070295
4909,2248,3.997635
4909,1952,3.960031
4909,3526,3.8326845
4909,3751,3.8286288
4909,3494,3.7694702
4909,671,3.6244712
4909,2174,3.5322757
4909,3489,3.3534582
4909,158,3.2727218
4909,2701,2.4769404
4540,593,4.148079
4540,608,4.1338234
4540,1663,3.7818317
4540,1257,3.704542
4540,2289,3.672067
4540,2000,3.659028
4540,1079,3.6500485
4540,2406,3.5754814
4540,39,3.5464191
4540,2145,2.9811602
1248,908,4.575696
1248,1213,4.445223
1248,1449,4.1837287
1248,1294,4.1726646
1248,2112,3.2745256
1248,1589,2.8946383
1248,2007,2.334032
1248,2986,1.4301643
2316,1953,4.4150977
2316,3507,4.261054
2316,2921,4.2442603
2316,2944,4.2157903
2316,3148,4.1646514
2316,1271,4.0985374
2316,1343,3.8491902
2316,2402,3.3262763
5454,1945,4.4854383
5454,913,4.4543266
5454,2186,4.428437
5454,541,4.305337
5454,1387,4.165476
5454,2947,3.9946096
5454,3062,3.887037
606,500,4.0182123
606,551,3.8976882
606,2431,3.5926456
3140,150,4.491687
3140,1294,4.3946667
3140,903,4.3504686
3140,1358,4.3132834
3140,1206,4.303399
3140,1610,4.2357345
3140,3871,4.2178993
3140,2791,4.208607
3140,920,4.207922
3140,1580,4.175729
3140,1376,4.148801
3140,32,4.1135206
3140,1959,4.08081
3140,968,4.0625973
3140,2096,4.0493
3140,3108,4.003095
3140,1101,4.0017767
3140,653,3.997869
3140,2089,3.8415906
3140,2091,3.82958
3140,2011,3.778183
3140,1951,3.7503917
3140,2193,3.7327082
3140,3706,3.683288
3140,282,3.667416
3140,2532,3.6328185
3140,1373,3.4915807
3140,70,3.4164252
3140,611,3.2065215
4194,910,4.5994377
4194,2064,4.5401354
4194,1,4.5054893
4194,933,4.4773436
4194,2788,4.4277906
4194,1257,4.313498
4194,1265,4.2903996
4194,1261,4.1923227
4194,3751,4.190964
4194,471,4.169552
4194,2946,4.14441
4194,588,4.127846
4194,1885,4.1209507
4194,34,4.118086
4194,348,4.054423
4194,3358,4.0205655
4194,2455,4.016015
4194,2174,4.004508
4194,3186,3.794551
4194,1330,3.565999
4194,3785,3.5589025
4194,1970,2.9568176
4194,1971,2.829063
2939,1249,4.1385946
2939,3911,4.0979996
2939,2396,4.034012
2939,1834,3.9400811
2939,2872,3.7625685
2939,2700,3.685558
2939,2105,3.400864
2939,2622,3.298243
2939,1754,3.135715
2939,1722,3.0586898
2058,3481,3.838356
2058,2908,3.8320627
2058,3450,3.4093995
2058,1093,3.4087958
2058,2976,3.3931122
2058,3584,3.1264398
2058,3113,2.9542387
2058,3,2.9205558
2058,2827,2.6509607
2158,608,4.22173
2158,1269,4.179582
2158,2396,4.171767
2158,1218,4.11545
2158,1387,4.006304
2158,1259,4.0030756
2158,1265,3.9900723
2158,1997,3.9882574
2158,3386,3.8665774
2158,36,3.7487628
2158,1673,3.4932957
2158,2794,3.4872613
2158,2734,3.373629
2158,3785,3.0691657
2158,2702,3.0317366
1826,1238,3.710976
1826,1374,3.6707363
1826,2730,3.3964472
1826,1376,3.2511377
1826,1580,3.1822672
629,594,3.7626307
629,1012,3.670231
629,1013,3.5985465
629,2078,3.5643885
629,2046,3.4963872
629,2797,3.4751287
629,2628,3.4741652
629,3906,3.402385
629,317,3.399056
629,2174,3.397314
629,3894,3.3943172
629,367,3.3643074
629,2091,3.3602834
629,3892,3.3438277
629,2141,3.3088598
629,783,3.2885299
629,60,3.2797923
629,2047,3.278001
629,2399,3.2741413
629,1848,3.2457023
629,3908,3.236069
629,313,3.2111688
629,3345,3.2059705
629,3483,3.1526828
629,343,3.144315
629,3884,2.9907615
5893,911,3.6729922
5893,1175,3.5558226
5893,2863,3.507611
5893,3060,3.432034
5893,3361,3.2822728
5893,1571,3.2553017
5893,3526,3.2470798
5893,2065,3.171689
5893,3108,3.1353974
5893,3104,3.047336
5893,2406,2.9551568
5893,1958,2.8542924
5893,1542,2.695015
5893,3070,2.6818306
5893,157,1.9761361
4202,1127,3.6269574
4202,2615,2.3083222
4788,541,3.9513187
4788,2662,3.8785498
4788,3396,3.8059287
4788,2947,3.781014
4788,2352,3.7363708
4788,597,3.687899
4788,1527,3.5635948
4788,2371,3.5043924
4788,2021,3.479313
4788,1129,3.45826
4788,1588,3.3851247
4788,2363,3.355243
4788,3701,3.323484
4788,2044,3.206221
4788,1772,3.1845737
4788,2052,2.8754997
4788,2381,2.4507968
4788,1731,2.4453075
824,1234,4.13663
824,926,4.1273746
824,3683,4.118661
824,2571,4.109934
824,1189,4.004875
824,1291,3.9381833
824,914,3.9190593
824,924,3.9175797
824,3037,3.8938355
824,1947,3.8477252
824,1269,3.8375542
824,2398,3.8358402
824,2194,3.8094273
824,3384,3.787114
824,3363,3.7605934
824,2728,3.7325888
824,3060,3.644839
824,2949,3.6412005
824,1392,3.6121068
824,1913,3.6050806
824,2150,3.593471
824,342,3.5532188
824,1968,3.4771667
824,1527,3.339351
824,1883,3.2959175
824,3418,3.271359
824,3412,3.2118862
824,2640,3.18367
824,2746,3.17841
824,3301,3.048142
824,2115,3.040944
824,1375,3.0042331
824,3036,2.7904346
824,2124,2.7777255
824,13,2.5967495
824,1391,2.527123
1129,1204,4.6997213
1129,1240,4.3450804
1129,34,4.257637
1129,3072,4.0707645
1129,3512,4.0295944
1129,2699,3.2605624
4028,1276,4.062873
4028,2571,4.0109067
4028,1537,3.976596
4028,2935,3.9407196
4028,2064,3.9291105
4028,593,3.9178305
4028,597,3.890193
4028,1307,3.8056295
4028,1079,3.7574325
4028,1073,3.754773
4028,1285,3.7537677
4028,1196,3.7398152
4028,921,3.734499
4028,3039,3.727288
4028,1954,3.7091477
4028,2391,3.6959846
4028,933,3.633941
4028,3396,3.6296031
4028,2355,3.625043
4028,492,3.5922034
4028,3129,3.585575
4028,2000,3.5698316
4028,497,3.568988
4028,2628,3.5649703
4028,1809,3.555244
4028,2290,3.5392663
4028,574,3.5258274
4028,2406,3.5122414
4028,1194,3.5022416
4028,104,3.4566972
4028,1552,3.4143162
4028,1892,3.4106946
4028,3175,3.400032
4028,2696,3.3535337
4028,2953,3.3450103
4028,2793,3.3401031
4028,1883,3.3238077
4028,3020,3.3160908
4028,3273,3.2235794
4028,432,3.2230036
4028,585,3.193421
4028,784,3.1899743
4028,204,3.180771
4028,374,3.1549537
4028,2053,3.132656
4028,2110,3.0997252
157,1148,4.4254265
157,1256,4.239029
157,1233,4.2343817
157,1196,4.229948
157,1299,4.2117643
157,2571,4.1983204
157,541,4.1678724
157,1217,4.1477594
157,1276,4.1437216
157,1704,4.087405
157,2396,4.038681
157,2944,3.9612012
157,1784,3.8914235
157,2352,3.8727899
157,1663,3.8710787
157,1788,3.8419714
157,2000,3.83079
157,1282,3.8226929
157,733,3.8025036
157,3039,3.7736511
157,3255,3.7734675
157,515,3.7716382
157,3361,3.768708
157,3418,3.7597992
157,3702,3.7348685
157,3175,3.7052877
157,2750,3.688105
157,300,3.68151
157,3108,3.6611302
157,1396,3.649047
157,2424,3.6249433
157,3928,3.6189537
157,3450,3.6062405
157,3020,3.581019
157,2058,3.5730696
157,3591,3.5381541
157,329,3.4948258
157,2344,3.4887366
157,3525,3.4769177
157,271,3.34624
157,2334,3.3215127
157,292,3.3046796
157,3274,3.1527348
157,2532,3.0950449
157,1690,3.0250213
157,2373,2.849891
157,673,2.561593
1053,858,4.3706136
1053,1233,4.20086
1053,1284,4.1827035
1053,3801,4.1639843
1053,1617,4.1344123
1053,1196,4.1325874
1053,2692,4.119623
1053,942,4.0478063
1053,1931,3.9749894
1053,3039,3.6986015
1053,1748,3.6677547
1053,492,3.6556218
1053,3635,3.4708757
1053,1376,3.4700813
1053,1527,3.391457
1053,2427,3.3631015
1053,377,3.3501165
1053,3272,3.2848797
1053,2363,3.262372
1053,2714,3.200431
1053,1459,3.1930475
1053,2219,3.1690311
1053,707,3.0841005
1053,2581,2.8134522
1053,2722,2.795391
1053,2413,2.664278
1053,2485,2.427428
1053,2898,2.3899076
1053,2392,1.856587
3818,2276,4.092262
3818,2236,4.010517
3818,2688,3.8934824
3818,2901,3.8034275
3818,1772,3.4085872
3818,2701,2.8079247
4287,1240,4.4123597
4287,2011,4.243802
4287,1580,4.2386503
4287,1376,4.2334776
4287,2968,4.211089
4287,1356,4.1754293
4287,1653,4.1613274
4287,3256,4.1449366
4287,165,4.136503
4287,2763,4.091006
4287,3740,3.996343
4287,2527,3.9466608
4287,3638,3.9427905
4287,368,3.9334698
4287,1544,3.7329106
4287,2802,3.71868
4287,2105,3.7147245
4287,1762,3.632393
4287,1603,3.6144848
4287,2421,3.5782723
4287,2411,3.526238
4287,288,3.4942987
4287,839,3.295977
4287,2986,3.1864197
4287,379,3.1147723
4287,2412,2.8303082
4287,1389,2.493174
4287,181,2.1843286
4093,1262,4.8084598
4093,2028,4.701456
4093,1617,4.6252775
4093,150,4.5188217
4093,1294,4.515545
4093,1292,4.4514475
4093,32,4.422599
4093,3246,4.3220773
4093,1968,4.228442
4093,1641,4.1603684
4093,2968,4.1162977
4093,2657,3.6211138
4139,246,4.337679
4139,1682,4.158788
4139,322,3.9832647
4139,1484,3.9706566
4139,380,3.9162202
4139,482,3.8572106
4139,733,3.803212
4139,1051,3.7927642
4139,991,3.7662148
4139,785,3.7559934
4139,2712,3.7135253
4139,3020,3.6933715
4139,1351,3.6645918
4139,1339,3.5980759
4139,2829,3.5546386
4139,536,3.3946795
4139,1000,3.2923303
4139,2146,3.2882338
4139,2723,3.2106173
4139,1003,3.1772895
4139,3766,2.4183426
125,3481,4.244879
125,2947,4.234838
125,1210,4.233252
125,2944,4.2164836
125,2948,4.187679
125,1954,4.1345425
125,2951,4.1265087
125,1127,3.9686246
125,266,3.750207
1497,1287,4.1995893
1497,1201,4.1742687
1497,1214,4.1297364
1497,3654,4.108592
1497,1261,4.070012
1497,1673,4.0479774
1497,1965,4.0030613
1497,2916,3.9133015
1497,2347,3.8766975
1497,2001,3.8625734
1497,2881,3.8515313
1497,2989,3.8023617
1497,2167,3.775496
1497,3274,3.686213
1497,494,3.6142626
1497,366,3.5833786
1497,3924,3.4826603
1497,2723,3.2936552
1497,3921,3.0528622
4168,293,4.7514076
4168,1177,4.631057
4168,1183,4.438897
4168,1653,4.402585
4168,1190,4.3933563
4168,2291,4.2318935
4168,253,4.159176
4168,767,4.0522
4168,452,3.998264
454,296,4.543933
454,2858,4.412065
454,3470,4.3410997
454,1288,4.327225
454,1259,4.08424
454,3328,3.9555874
454,3060,3.9360006
454,2791,3.9286935
454,1732,3.882894
454,471,3.841044
454,2243,3.830976
454,1968,3.790379
454,595,3.4933538
454,3176,3.4678593
454,1285,3.4613497
454,2109,3.3932579
454,3893,3.372418
454,2371,3.2916236
454,1907,3.1127627
454,2746,3.0500312
454,2763,3.0291524
454,3515,2.7883434
454,2133,2.522683
454,1573,2.4931145
454,2867,2.4624097
454,1909,2.3793662
1123,3911,4.194144
1123,266,3.6270947
1123,1379,3.159117
5886,541,4.441955
5886,903,4.3460755
5886,2324,4.3361626
5886,29,4.0178967
5886,2599,4.003166
5886,1270,3.9668245
5886,2268,3.9204123
5886,3526,3.8481932
5886,1289,3.780364
5886,3052,3.6368675
5886,1356,3.6345248
5886,1029,3.608943
5886,21,3.5994635
5886,596,3.5745103
5886,2112,3.547199
5886,3476,3.5194638
5886,1554,3.4816942
5886,1907,3.3797812
5886,480,3.3718052
5886,3070,3.3275237
5886,1059,3.3204722
5886,3169,3.299885
5886,2096,3.2839081
5886,353,3.2563877
5886,2311,3.2118073
5886,3591,3.149144
5886,3398,3.1414618
5886,2469,3.0222092
5886,2143,2.9903738
5886,2476,2.9484441
5886,733,2.8691645
5886,2393,2.6924956
5886,1722,2.671155
5886,2628,2.6147032
5886,1876,2.5947714
5886,780,2.5539458
5886,3785,2.343213
5886,2735,2.2923172
5886,552,2.1737728
5886,3438,1.6018176
5886,2053,1.4942122
5886,160,1.3830061
5886,3393,1.3707743
5886,2643,1.161788
1720,589,4.2968454
1720,3952,4.1079817
1720,1073,4.1025095
1720,3948,4.091713
1720,3753,4.0221405
658,2329,4.007415
658,110,3.8916464
658,2791,3.7784956
658,94,3.6846652
658,345,3.5203452
658,141,3.264732
658,3274,2.9141865
658,2846,2.8892896
658,3940,1.3857739
658,2555,1.2130005
2343,899,4.9778795
2343,912,4.853153
2343,1210,4.4988847
2343,364,4.393208
2343,3604,4.179222
2343,1943,3.93494
4243,969,4.641245
4243,1201,4.564267
4243,3753,4.375775
4243,1101,4.2824244
4243,900,4.2675247
4243,2288,4.243544
4243,1518,4.0121803
4243,3703,3.9952075
4243,2013,3.922789
4243,1876,3.9220295
4243,2409,3.89299
4243,2533,3.8746066
4243,2535,3.6889982
4243,2808,3.6351848
4243,2524,3.6256597
5344,1225,4.0385146
5344,1299,4.0330095
5344,899,3.9518003
5344,1704,3.9374728
5344,1293,3.9221978
5344,759,3.7717338
5344,529,3.7416966
5344,2352,3.7081852
5344,1282,3.6791523
5344,1957,3.644261
5344,3397,3.5884252
5344,1678,3.4065626
5344,549,3.3971205
5344,1619,3.2163157
5344,1395,3.1948867
5344,2758,3.1780767
5344,2497,2.5256374
537,3730,4.4189434
537,1617,4.36798
537,1358,4.361005
537,1939,4.3500137
537,924,4.3124104
537,1231,4.3028283
537,1953,4.2934823
537,3929,4.18116
537,3551,4.1288886
537,3547,3.9890728
537,1594,3.9708035
537,3230,3.926557
537,3927,3.702788
537,537,3.3680687
4366,1028,3.8066258
4366,2550,3.5218606
4366,3633,3.4374418
4366,3638,3.20601
4366,2413,2.9999032
4366,196,2.5894532
81,913,4.7037983
81,1201,4.4769926
81,1394,4.4637885
81,3742,4.2922325
5901,538,3.1145463
5901,1610,3.0340273
5901,3082,2.7547917
5901,10,2.6705153
1819,916,4.2914853
1819,969,4.272264
1819,1304,4.182511
1819,3359,4.0595856
1819,2396,4.0474253
1819,3471,3.9994879
1819,1035,3.879806
1819,1374,3.7448573
1819,480,3.6517022
1819,2174,3.60864
1819,3503,3.4835484
1819,2455,3.211638
4783,589,3.9902072
4783,736,3.2496693
3134,1197,4.383134
3134,541,4.262677
3134,110,4.238702
3134,3471,4.0668993
3134,589,4.0341597
3134,2599,4.004708
3134,2683,3.5736566
3134,2167,3.5041003
3134,3404,3.3865545
3134,2568,2.257999
1542,1198,4.463395
1542,3471,4.1270933
1542,1274,4.028494
1542,2000,3.9100547
1542,2137,3.8509502
1542,1393,3.8071563
1542,1517,3.7840075
1542,280,3.7489996
1542,592,3.731246
1542,2490,3.6951656
1542,2628,3.6553752
1542,1672,3.6390834
1542,368,3.6340432
1542,3300,3.5905917
1542,708,3.5764155
1542,224,3.571899
1542,3638,3.5529811
1542,1918,3.5181699
1542,2012,3.4654365
1542,1589,3.4638073
1542,2881,3.2420077
1542,2808,2.6424077
912,3160,3.6639535
912,125,3.6451318
912,1673,3.6362534
912,492,3.5334115
912,3566,2.9904432
791,3114,4.6960473
791,296,4.586049
791,17,4.395447
791,2947,4.3807545
791,1610,4.3778853
791,3742,4.341943
791,1022,4.287854
791,2664,4.220047
791,11,4.1863556
791,3505,4.158724
791,3448,4.1168537
791,2005,4.0477533
791,1025,4.04633
791,1042,3.999682
791,3175,3.993752
791,1597,3.964478
791,3308,3.904347
791,3155,3.9021673
791,708,3.8155816
791,3706,3.774839
791,3528,3.7707186
791,587,3.7543392
791,3524,3.7483091
791,2424,3.6007538
791,2023,3.5591364
791,3798,3.5103588
791,2724,3.4806745
791,1888,3.0154285
791,208,3.0109115
791,1588,2.9858668
791,3799,2.17812
791,546,2.103909
3790,2571,4.8281403
3790,1247,4.7279167
3790,919,4.6780095
3790,1963,4.6501474
3790,1288,4.5886917
3790,3077,4.5842905
3790,1,4.5832834
3790,2396,4.5095577
3790,1827,4.4062195
3790,1210,4.381625
3790,2693,4.21192
3790,1500,4.1820145
3790,99,4.035751
3790,2416,3.8965762
3790,2784,3.7394342
5428,1242,4.585019
5428,589,4.453002
5428,733,4.3223195
5428,531,4.240856
5428,1466,4.2314754
5428,3751,4.2104273
5428,509,4.207544
5428,3101,4.1708384
5428,2058,4.1373897
5428,454,4.069092
5428,351,4.012462
5428,648,3.989678
5428,2916,3.9593592
5428,1589,3.9439473
5428,2581,3.9209132
5428,1518,3.8898485
5428,1722,3.8867335
5428,1404,3.830625
5428,22,3.8229923
5428,2168,3.733684
5428,433,3.7308373
5428,1624,3.665719
5428,2500,3.5140076
5428,1551,3.4937823
5428,3258,3.4486933
5428,19,3.365304
5428,1605,3.1987836
5428,374,2.6720812
5428,1760,2.3450007
4320,858,5.029936
4320,1259,4.5426807
4320,589,4.469622
4320,2871,4.4388876
4320,1270,4.370348
4320,2470,4.0361176
4320,494,3.889204
4320,434,3.4688127
5572,2858,4.346935
5572,1196,4.237134
5572,2028,4.2297125
5572,306,4.215554
5572,1291,3.9866786
5572,1387,3.9778686
5572,1061,3.0095017
5572,3527,2.9367788
5572,1645,2.7217705
5242,1248,4.0418897
5242,2692,3.981563
5242,293,3.886645
5242,3578,3.6768758
5242,3910,3.5673542
5242,3052,3.2045693
5242,2912,3.0210032
5242,2140,3.0028985
5242,3555,2.7557092
5242,3701,2.6257756
5242,2525,1.630068
5242,3825,1.4529315
5242,3156,1.1647093
3886,2324,4.245964
3886,608,4.2171245
3886,1953,4.0578175
3886,1077,3.87149
3886,3751,3.723298
3886,3702,3.6648867
3886,2628,3.5901554
3886,2528,3.5626655
3886,2346,3.3853788
3886,2672,3.3387327
3886,724,3.188006
3886,2094,3.1070657
3886,1690,2.9897015
4020,260,4.4021416
4020,480,3.60129
4020,329,3.171829
4020,1101,3.0937736
4020,653,2.7500484
4020,1391,2.3792987
4020,44,1.8217704
3259,318,4.883564
3259,904,4.8601403
3259,2762,4.809758
3259,2571,4.6921606
3259,969,4.6264973
3259,2329,4.570622
3259,945,4.53257
3259,1294,4.5201902
3259,2020,4.3817472
3259,3671,4.3705244
3259,1259,4.361395
3259,150,4.3415956
3259,34,4.3020163
3259,589,4.2998295
3259,2467,4.245791
3259,2069,4.2042785
3259,235,4.1316504
3259,2693,4.1313753
3259,3252,4.0788336
3259,2968,4.078319
3259,1917,4.037906
3259,2193,4.036154
3259,2167,4.0015388
3259,1909,3.9954104
3259,377,3.963583
3259,832,3.9486039
3259,3729,3.9389648
3259,266,3.8905044
3259,2116,3.8712587
3259,2987,3.8184311
3259,3176,3.8001494
3259,2084,3.6426597
3259,46,3.6152787
3259,2723,3.4400666
3259,1391,3.16295
3259,2389,2.9250224
2461,318,4.957399
2461,2324,4.644343
2461,2571,4.639017
2461,593,4.5699854
2461,1704,4.453605
2461,1411,4.3561654
2461,1261,4.23306
2461,1747,3.975461
2461,3512,3.622415
2461,1556,1.8971019
3256,1196,4.7332973
3256,2355,4.2155824
3256,3005,3.6129625
3256,3564,1.7559608
3763,1288,4.3061833
3763,1222,4.248021
3763,1610,4.173011
3763,589,4.1092405
3763,380,3.981989
3763,10,3.9446554
3763,3844,3.91463
3763,1127,3.8749201
3763,610,3.7709863
3763,353,3.7699926
3763,292,3.748948
3763,3267,3.7456827
3763,2136,3.6813912
3763,3274,3.674603
1736,1224,4.129995
1736,1293,3.9915662
1736,1222,3.8547664
1736,1258,3.7786925
1736,2401,3.69357
1736,2745,3.6739266
1736,3527,3.5535808
1736,1663,3.530045
1736,2005,3.4691098
1736,2141,3.4103534
1736,2734,3.4067616
1736,3791,3.3265414
1736,3214,3.2824273
1736,2796,3.1763008
1736,2372,3.0382233
1736,2990,3.0250459
1736,2786,3.0078743
1736,2815,2.929175
1736,2264,2.885444
1736,2382,2.2061613
4628,2975,3.4535167
4628,2976,3.3272328
4628,585,3.2216034
4748,2762,4.953449
4748,904,4.913455
4748,912,4.860839
4748,750,4.847919
4748,905,4.822275
4748,1221,4.8032746
4748,898,4.790121
4748,1256,4.787523
4748,1225,4.7835083
4748,919,4.749098
4748,1,4.6890535
4748,1304,4.6740522
4748,3451,4.500263
4748,3363,4.4912395
4748,515,4.460665
4748,595,4.4503875
4748,1635,4.4306827
4748,3424,4.423997
4748,2115,4.361494
4748,2081,4.343625
4748,2078,4.339983
4748,2243,4.3192015
4748,1297,4.247305
4748,3447,4.232317
4748,1729,4.206707
4748,39,4.167633
4748,1721,4.155442
4748,1608,4.117102
4748,3040,4.0304
4748,2407,4.0282164
4748,1614,3.9534945
4748,3784,3.904946
4748,2003,3.867109
4748,2054,3.7234533
4748,2699,3.335741
4748,489,3.121057
4748,3689,2.8614755
3606,2804,4.36661
3606,36,4.2363405
3606,3255,3.8967881
3606,3107,3.641542
4022,2028,3.7646751
4022,293,3.6794868
4022,1240,3.6623356
4022,457,3.629646
4022,1097,3.6082914
4022,1084,3.5093272
4022,2248,3.4960263
4022,16,3.4790778
4022,1374,3.4291992
4022,2916,3.3956428
4022,1270,3.3699512
4022,2406,3.3519835
4022,1215,3.3012495
4022,1213,3.2942896
4022,2011,3.2296028
4022,2628,3.2158115
4022,2363,3.1401856
4022,2355,3.0985696
4022,39,3.0930822
4022,3418,3.080449
4022,2457,3.0740304
4022,3370,3.0575457
4022,3072,3.0382326
4022,1034,3.0289695
4022,2391,3.017588
4022,1544,2.9784985
4022,2734,2.9640183
4022,2013,2.9528544
4022,2370,2.9503713
4022,2046,2.887772
4022,3476,2.8684268
4022,1027,2.868142
4022,2076,2.8333104
4022,1047,2.818547
4022,2901,2.7601695
4022,2605,2.7597265
4022,3156,2.6175783
4022,2485,2.5604482
4022,1831,2.4341798
4022,2392,1.9947977
4022,3664,1.7488301
4616,858,4.8531146
4616,3067,4.205332
4616,1732,4.02535
4616,2687,3.571795
2159,912,4.884849
2159,1248,4.799475
2159,3678,4.276208
2159,3893,3.957157
2159,2072,2.7651377
4618,2997,3.9224517
4618,29,3.874212
4618,3751,3.7451823
4618,2288,3.731493
4618,1097,3.690014
4618,1129,3.453959
4618,2968,3.2081137
4618,2527,3.097894
4618,1088,3.062246
4618,3571,3.0430193
4618,585,2.841891
5732,260,4.371936
5732,1291,3.9467287
5732,1259,3.8686395
5732,1265,3.7908301
5732,2099,3.3950906
4455,969,4.385851
4455,2707,3.6571517
4455,3623,3.3539076
4455,1911,2.9134624
4455,2712,2.8484116
4455,2526,2.404214
5169,2396,4.001975
5169,1240,3.9793344
5169,2918,3.9028623
5169,1674,3.8615785
5169,1127,3.6510372
5169,2763,3.6134777
5169,25,3.5352805
1004,1196,4.33487
1004,3671,4.102557
1004,1387,3.976238
1004,1270,3.8898149
1004,1282,3.8457487
1004,3793,3.7342525
1004,2993,3.6576655
1004,2687,3.6232953
1004,2099,3.5972536
1004,1376,3.5346127
1004,3763,3.522155
1004,1083,3.5140765
1004,1125,3.507265
1004,377,3.4144654
1004,2100,3.4093342
1004,1375,3.3548899
1004,1485,3.321603
1004,2046,3.2862744
1004,2683,3.246935
1004,1370,3.2409286
1004,2294,3.2254455
1004,2478,3.1915307
1004,216,3.1683831
1004,3444,3.1603365
1004,1917,3.1447086
1004,292,3.1321268
1004,3785,3.1257567
1004,317,3.1081212
1004,3300,3.034473
1004,780,3.0328887
1004,2770,2.9489775
1004,288,2.9298792
1004,788,2.9040196
1004,1030,2.9030921
1004,1379,2.8969522
1004,1371,2.8796282
1004,2378,2.7877824
1004,830,2.7138643
1004,2735,2.7058353
1004,3120,2.660685
1004,1391,2.4750762
1004,2162,2.4061792
1004,2699,2.3905253
1004,239,2.3795097
1004,256,2.2871208
1004,564,2.1757023
1004,3438,2.152104
1004,502,1.6439962
4533,1,4.166013
4533,1101,3.8664713
4533,1729,3.789872
4533,357,3.7544522
4533,708,3.468996
4533,3273,3.1020813
4533,1037,3.0527773
2315,593,3.9837828
2315,2015,3.194952
2315,1127,3.0564356
2315,344,2.596273
2315,489,1.6597929
856,1284,4.2514524
856,1721,3.8208141
856,3915,3.3831449
856,1916,3.3336682
856,461,3.2138526
3242,1276,4.56666
3242,2692,4.4433327
3242,1269,4.382438
3242,2947,4.1908
3242,2366,4.054262
3242,1374,4.012905
3242,2406,3.9318514
3242,2403,3.8357835
3242,3527,3.8108878
3242,2989,3.7522259
3242,377,3.7112563
3242,2901,3.592342
3242,2475,3.5702653
3242,1722,3.5660644
3242,3519,3.4938464
3242,2881,3.4683285
3242,2409,3.4190264
3242,2410,3.2343957
3242,2699,3.197229
3242,2334,3.188302
3242,1371,3.1236248
3242,2532,3.1068707
4006,1198,4.3261175
4006,750,4.249938
4006,1294,3.7737021
4006,3654,3.7374592
4006,1200,3.6922634
4006,3702,3.6282253
4006,2366,3.6151342
4006,2193,3.5952296
4006,2012,3.5814347
4006,3704,3.522326
4006,2985,3.5217826
4006,1256,3.5108936
4006,1584,3.495651
4006,316,3.4885821
4006,2058,3.4788613
4006,2993,3.4685142
4006,145,3.4325266
4666,318,4.5023017
4666,1247,4.03642
4666,1956,3.9314198
4666,1387,3.908942
4666,778,3.8983405
4666,3198,3.8625603
4666,590,3.8612523
4666,3160,3.815222
4666,3451,3.694088
4666,2302,3.6736546
4666,3175,3.651905
4666,2949,3.637675
4666,261,3.6187387
4666,3167,3.6118665
4666,2081,3.5390794
4666,2076,3.5142856
4666,21,3.4871185
4666,2291,3.4745164
4666,1814,3.4635444
4666,3792,3.399001
4666,2348,3.3901176
4666,3040,3.281369
4666,1350,3.2390385
4666,2714,3.170727
4666,3705,3.0942636
4666,2524,2.952336
4666,1646,2.9479523
4666,2060,2.696879
4666,1562,2.2364755
4563,318,4.889024
4563,296,4.6395383
4563,3114,4.581814
4563,1394,4.4239416
4563,36,4.373103
4563,3101,4.106137
4563,3534,3.3630767
1677,110,4.625359
1677,2716,4.3782578
1677,3510,4.0894117
1677,2688,3.3732207
1677,2411,3.0036926
4460,111,4.195656
4460,47,4.13964
4460,1777,3.7127802
4460,2023,3.5487318
4460,480,3.5299635
4460,1573,3.523384
4460,3755,3.4305139
4460,1689,3.2428112
4460,88,3.1775813
4460,1438,3.080306
4460,2335,2.737711
4460,330,2.6570642
4460,1752,2.3080122
4607,1148,4.696063
4607,922,4.671895
4607,1250,4.6333756
4607,1233,4.55743
4607,1136,4.5396013
4607,1193,4.5057697
4607,3683,4.4474945
4607,955,4.420057
4607,1231,4.4102507
4607,2859,4.4016485
4607,919,4.3954716
4607,2997,4.385969
4607,1253,4.3620925
4607,1245,4.313223
4607,1704,4.2665725
4607,1301,4.2210336
4607,150,4.2106028
4607,1997,4.203788
4607,2599,4.1903076
4607,534,4.158651
4607,1265,4.1543307
4607,1834,4.1507435
4607,1274,4.1500516
4607,1222,4.13842
4607,3836,4.136571
4607,3019,4.129923
4607,3920,4.1125326
4607,3105,4.10655
4607,2690,4.0398407
4607,3246,4.0394516
4607,1019,4.036601
4607,3505,4.0052776
4607,3727,3.9968946
4607,3175,3.9206452
4607,11,3.9113197
4607,431,3.910146
4607,2987,3.8955147
4607,25,3.8538136
4607,320,3.8004444
4607,2159,3.7785277
4607,253,3.7222428
4607,1129,3.6798735
4607,3740,3.67605
4607,2280,3.6616797
4607,2013,3.655814
4607,3701,3.4762247
4607,2011,3.3667295
4607,2337,3.3486388
4607,3033,3.2757587
4607,2143,3.262492
4607,2605,2.9639108
4607,1644,2.380342
4607,2120,2.280872
3982,1233,4.009015
3982,3910,3.8933032
3982,2858,3.8095489
3982,539,3.8073678
3982,3448,3.7923543
3982,1252,3.7903566
3982,3160,3.4853337
3982,2628,3.4513788
3982,1711,3.3322587
2056,1221,4.720139
2056,1219,4.6158266
2056,541,4.5599575
2056,2791,4.46548
2056,778,4.3493567
2056,1374,4.294938
2056,3527,4.280716
2056,1215,4.2651825
2056,1912,4.2515664
2056,6,4.245041
2056,733,4.2309556
2056,1345,4.2158127
2056,1610,4.185208
2056,2011,4.1014047
2056,3081,4.0982985
2056,1376,4.0937467
2056,1370,4.0463996
2056,3676,4.00809
2056,2454,4.0052533
2056,724,3.7947214
2056,1918,3.7701702
2056,2459,3.7337482
2056,2533,3.7289748
2056,2723,3.6587107
2056,2328,3.5923214
2056,2389,3.3525505
2056,2530,3.2642655
2056,1924,3.1145165
1595,1198,4.6710796
1595,1196,4.5162444
1595,3683,4.510133
1595,1172,4.444672
1595,541,4.4086847
1595,1956,4.3825846
1595,1231,4.377638
1595,1394,4.3395357
1595,2997,4.3363223
1595,1090,4.3029184
1595,1270,4.2072563
1595,2919,4.160117
1595,3019,4.132737
1595,2000,4.0206885
1595,3159,3.9046574
1595,2433,3.6662045
2372,527,5.0904922
2372,318,4.9739323
2372,440,4.2640915
2372,3072,4.219478
2372,1179,4.045657
2372,477,4.0274277
2372,801,3.752791
2811,3429,3.9567223
2811,928,3.9478521
2811,2203,3.8838744
2811,3265,3.8763893
2811,1952,3.8298974
2811,162,3.7371016
2811,1206,3.689995
2811,3424,3.4621038
2811,2596,3.3976114
2811,3794,3.3550153
2811,3823,3.352151
2811,1670,3.2499702
2811,3531,3.236433
1571,593,4.3698077
1571,1196,4.3201065
1571,1230,4.3185573
1571,1231,4.225538
1571,1704,4.133727
1571,589,4.085397
1571,1238,4.0705385
1571,1610,3.9296937
1571,555,3.9114914
1571,3210,3.8384295
1571,349,3.8332822
1571,3129,3.832274
1571,1968,3.7840693
1571,493,3.7665398
1571,2001,3.6751466
1571,190,3.6657927
2005,2395,3.5844345
2005,785,3.2430468
2005,3752,2.3174915
2005,2699,2.166491
2005,2605,2.018851
2005,3273,1.5135393
2005,3593,1.0879868
5072,260,4.9465675
5072,589,4.592904
5072,2406,4.4702654
5072,1968,4.406762
5072,3703,4.334629
5072,2046,4.294693
5072,3704,4.1436663
5072,3697,4.053115
5412,912,4.9084835
5412,3578,4.5028176
5412,1,4.4990377
5412,32,4.469328
5412,1961,4.455985
5412,2542,4.3993654
5412,3267,4.311528
5412,3007,4.287283
5412,2150,4.182496
5412,1721,4.1796684
5412,1035,4.1583424
5412,1396,4.088662
5412,1188,4.075947
5412,2406,3.9404619
5412,1059,3.889318
5412,10,3.8580594
5412,2115,3.8577516
5412,3081,3.814525
5412,2712,3.8062382
5412,224,3.804157
5412,2167,3.7122965
5412,2193,3.634097
5412,344,3.5990586
5412,1688,3.423137
5412,347,3.36303
5412,1573,3.2982414
5412,1792,3.2741706
5412,653,3.2557106
5412,1866,3.2337134
5412,2605,2.9906318
5412,485,2.3150415
5412,2460,2.1567287
1119,1272,4.544792
1119,1956,4.343342
1119,3038,4.309866
1119,1084,4.278695
1119,1263,4.234823
1119,1080,4.1783667
1119,741,4.176371
1119,3735,4.1600957
1119,2660,4.1165032
1119,2268,4.0934553
1119,3872,3.9848948
1119,2117,3.9510474
1119,1298,3.8942485
1119,3527,3.8660018
1119,3685,3.8229418
1119,1376,3.8081684
1119,2311,3.7865367
1119,2528,3.7574105
1119,2431,3.7321548
1119,2657,3.6393697
1119,3033,3.5774598
1119,2021,3.5588737
1119,2,3.5486784
1119,2012,3.4743776
1119,653,3.4662514
1119,70,3.3185472
1119,329,3.316042
1119,504,3.282009
1119,2374,3.2581394
1119,3758,2.7356138
1119,2851,2.7094378
1119,2808,2.6698475
2216,3949,3.9344985
2216,3916,3.383508
2216,141,3.0810802
2216,2770,2.8255668
2216,3786,2.7596624
689,1206,4.224098
689,2662,4.0494456
689,7,3.801354
689,3658,3.798508
689,3108,3.7582884
689,613,3.7415543
689,151,3.7070312
689,1372,3.6884522
689,81,3.4792724
689,140,3.0577078
689,332,2.7501614
689,2827,2.488883
689,435,2.4608827
689,444,2.2137256
470,2797,4.039157
470,2078,3.7567496
470,3751,3.7507153
470,2096,3.6934955
470,1042,3.6870594
470,1030,3.5044427
470,2628,3.4682183
2519,1288,4.4740233
2519,1210,4.2720613
2519,588,4.160964
2519,2946,4.111982
2519,1356,3.9863057
2519,2628,3.7710984
4902,1262,4.2080584
4902,1198,4.169614
4902,1276,4.009844
4902,3451,3.7867498
4902,3350,3.777665
4902,62,3.701986
4902,3751,3.6498191
4902,2059,3.3241405
4902,2478,3.3205857
4902,1015,3.2882254
4902,3791,3.1242254
4902,673,3.0549169
4902,2151,3.0171556
4902,1920,2.9692345
4902,2054,2.9391403
5493,912,4.4440517
5493,1198,4.4092975
5493,1193,4.327919
5493,1213,4.3064117
5493,1256,4.2721324
5493,2692,4.2581196
5493,2997,4.1181912
5493,3421,4.019189
5493,2966,4.0041075
5493,2289,4.0022407
5493,36,3.982404
5493,2973,3.9636054
5493,1220,3.9289348
5493,1344,3.9009848
5493,2599,3.8853817
5493,3098,3.8624034
5493,555,3.851367
5493,300,3.795616
5493,3246,3.7954187
5493,16,3.7951844
5493,2243,3.782989
5493,1484,3.7540126
5493,3175,3.7171688
5493,2912,3.7074547
5493,3685,3.6818678
5493,492,3.6612334
5493,3613,3.648473
5493,272,3.6466744
5493,2291,3.6329677
5493,2946,3.606721
5493,39,3.5992858
5493,628,3.584222
5493,3150,3.5566707
5493,3189,3.5565903
5493,117,3.5234547
5493,482,3.5155966
5493,3795,3.4921455
5493,3703,3.479438
5493,3256,3.4794145
5493,1794,3.3643963
5493,3524,3.3464913
5493,268,3.341195
5493,3510,3.3082705
5493,1112,3.2290492
5493,380,3.2109065
5493,1580,3.165784
5493,2331,3.1274738
5493,288,3.0175397
5493,155,2.9984581
5493,1405,2.9958053
5493,1805,2.9111254
5493,1044,2.7787476
5493,1370,2.719551
5493,2671,2.697411
5493,3863,2.6434004
5493,3514,2.5381331
5493,3615,2.5337813
5493,370,2.5154984
5493,2504,2.4731176
5493,2694,2.4021397
5493,520,2.374144
5493,3798,2.369533
5493,338,2.0862358
5493,3825,1.5351657
5493,2317,1.4181255
3903,1387,3.7774014
3903,2352,3.6468349
3903,3152,3.570815
3903,3498,3.5367594
3903,2401,3.5312772
3903,1968,3.5294008
3903,1073,3.505803
3903,1380,3.4973397
3903,1958,3.4325151
3903,1321,3.4108734
3903,2414,3.2967007
3903,2077,3.274851
3903,2409,3.273144
3903,3809,3.2703876
3903,2518,3.2293649
3903,3444,3.1907969
3903,2378,3.157865
3903,3706,2.7740157
3903,2055,2.760264
3504,922,4.271303
3504,1704,4.091201
3504,497,3.784527
3504,1625,3.7791955
3504,2890,3.6629329
3504,1183,3.5167527
3504,2841,3.4715219
3504,2025,3.4100652
3504,2775,3.226562
3504,2432,3.1641488
3504,1597,3.154099
3504,366,2.6601377
4756,2997,3.9727085
4756,3175,3.7851634
4756,3163,3.5812726
4756,3174,3.374898
3989,1196,4.6533556
3989,1704,4.5664268
3989,1300,4.5506935
3989,1394,4.5098066
3989,3811,4.481017
3989,1097,4.431346
3989,2302,4.334965
3989,356,4.316147
3989,2908,4.2439475
3989,261,4.094675
3989,2406,4.0619044
3989,492,4.0382185
3989,1393,3.973145
3989,514,3.9647117
3989,2736,3.920555
3989,2474,3.8854842
3989,3591,3.854334
3989,1395,3.8482606
3989,2418,3.785483
3989,2012,3.6701837
3989,468,3.6452844
3989,3450,3.6399183
3989,2802,3.6106262
3989,2054,3.525854
3989,432,2.6104376
4921,1225,4.74689
4921,1617,4.6667447
4921,593,4.551006
4921,2357,4.5201473
4921,1923,4.3904486
4921,319,4.389289
4921,2391,4.3133717
4921,1484,4.2873425
4921,1641,4.273344
4921,2395,4.2732744
4921,47,4.198555
4921,627,4.137726
4921,583,4.1137257
4921,1127,3.9451146
4921,1909,3.8508735
4921,2749,3.7505765
4921,2482,3.7352748
4921,68,3.715538
4921,1597,3.6914477
4921,480,3.551777
4921,2041,2.7279723
1672,2396,4.0753503
1672,1,4.017409
1672,69,3.5491815
1666,1198,4.3473186
1666,2571,4.2797728
1666,2028,4.2112055
1666,1221,4.085272
1666,246,4.0330925
1666,293,3.9941082
1666,1291,3.9783144
1666,3468,3.8995333
1666,2194,3.871849
1666,589,3.8537023
1666,3386,3.7653937
1666,223,3.7633786
1666,2000,3.7333467
1666,319,3.6634312
1666,2336,3.6207411
1666,3082,3.5687895
1666,1653,3.5377996
1666,3702,3.5103981
1666,736,3.4256048
1666,1569,3.4119222
1666,2770,3.368734
1666,2297,3.3541088
1666,780,3.3319466
1666,3174,3.3098955
1666,2321,3.2842205
1666,1459,3.2385955
1666,383,3.227792
1666,3249,3.193609
1666,517,3.1115265
1666,435,2.8841426
1666,2560,2.830651
1666,1352,2.820402
1666,295,2.8066893
263,608,4.3251667
263,1265,4.0905204
263,2396,4.073237
263,2599,4.0031347
263,1396,3.6984646
263,3253,3.6799018
263,2641,2.9452896
263,1676,2.7227306
740,1393,4.183002
740,3753,4.1797657
740,480,4.089106
740,3409,3.730641
4800,527,4.63044
4800,541,4.3703833
4800,3147,4.1895514
4800,1222,4.173335
4800,1240,4.093227
4800,2716,4.0280213
4800,150,3.937187
4800,1215,3.921514
4800,1584,3.7413738
4800,2580,3.7365437
4800,2841,3.6640337
4800,1297,3.649304
4800,553,3.617617
4800,785,3.5513427
4800,2100,3.4402094
4800,2413,3.1416357
4800,2671,3.1252189
4800,2470,3.1082587
4800,1376,3.0527465
4800,1620,3.0409155
4800,2581,2.8412278
4800,3698,2.8106725
4800,410,2.2191381
4800,2120,1.9362772
4800,1991,1.8445052
4800,3705,1.6091993
4800,2169,1.5055715
5706,527,4.7668815
5706,1923,4.150056
5706,364,4.122993
5706,1834,4.122488
5706,2139,4.0005703
5706,3418,3.9025497
5706,1777,3.784842
5706,3608,3.766251
5706,1721,3.760388
5706,1127,3.7539425
5706,543,3.6780906
5706,1573,3.5850885
5706,70,3.1297333
5706,880,2.402158
4393,1210,4.196907
4393,3052,4.0059853
3574,3578,4.2426853
3574,1230,4.197879
3574,1625,4.080539
3574,1077,4.065073
3574,3836,4.0155315
3574,2949,4.0095296
3574,3408,4.0034785
3574,3129,3.9147577
3574,1215,3.8863125
3574,3751,3.878718
3574,3635,3.7677517
3574,3812,3.65527
3574,3302,3.6534681
3574,3643,3.608392
3574,145,3.5180728
3574,2413,3.481192
3574,3847,2.978417
3574,2460,2.8946593
2383,1278,4.1528683
2383,898,4.1497564
2383,1247,4.100628
2383,3421,4.0182533
2383,2935,4.0138664
2383,1294,3.8984792
2383,1080,3.8934975
2383,1954,3.8918872
2383,597,3.859815
2383,994,3.8149846
2383,1962,3.7869391
2383,1580,3.723434
2383,2993,3.6652925
2383,2144,3.6558092
2383,171,3.6439424
2383,3948,3.62675
2383,3740,3.6176279
2383,3361,3.615898
2383,663,3.6154342
2383,2001,3.6108959
2383,3087,3.5831964
2383,2696,3.575413
2383,2414,3.5335958
2383,1297,3.5313954
2383,1648,3.4886203
2383,2617,3.4530163
2383,736,3.3749218
2383,2378,3.3175693
2383,537,3.306056
2383,3176,3.261406
2383,3608,3.2399337
2383,2802,3.2254415
2383,1173,3.1899066
2383,435,3.0050344
2383,2642,2.952423
2383,1440,2.7858038
2383,1453,2.4259589
2815,593,4.306943
2815,608,4.2493944
2815,1488,2.9272397
5569,527,4.286064
5569,1265,3.8345456
5569,2268,3.799518
5569,2797,3.7840595
5569,597,3.782116
5569,11,3.7230487
5569,1500,3.6561286
5569,2406,3.6281338
5569,3526,3.592185
5569,2176,3.5123248
5569,246,3.4996996
5569,2581,3.4428878
5569,2133,3.3832688
5569,1888,3.3625424
5569,5,3.3503232
5569,1593,3.2213643
5569,3436,3.2000353
5569,207,3.1897168
5569,3591,3.1521122
5569,3269,3.107399
5569,1632,3.0998232
5569,1079,3.0609782
5569,1667,2.9898
5569,38,2.8618925
5645,2762,4.7448425
5645,1242,4.7435846
5645,3429,4.6923585
5645,3578,4.537779
5645,47,4.5245404
5645,497,4.501871
5645,741,4.4930296
5645,2797,4.469896
5645,3105,4.452261
5645,595,4.433955
5645,1721,4.335127
5645,24,4.2641053
5645,2011,4.2382326
5645,1124,4.2156334
5645,648,4.2105684
5645,1396,4.2060466
5645,1297,4.1266446
5645,21,4.1159825
5645,2407,4.087178
5645,2376,4.069248
5645,18,4.0429473
5645,3113,3.9649308
5645,849,3.56725
398,2858,4.6136045
398,2571,4.555253
398,3421,4.3639417
398,3265,4.33077
398,2959,4.327811
398,3360,4.234749
398,1625,4.2126036
398,2599,4.1946363
398,1220,4.150866
398,3160,4.1145177
398,223,4.0907974
398,1500,4.017285
398,562,3.9914083
398,1748,3.9526498
398,1297,3.9371169
398,3052,3.8934193
398,1047,3.3913112
398,2572,3.3506746
398,3752,2.9175868
398,185,1.9957848
179,2571,3.9515364
179,2804,3.8700233
179,1222,3.7292473
179,1259,3.6563861
179,3098,3.4408803
179,1270,3.36979
179,1097,3.3199403
179,1356,3.1844368
179,1965,3.1110778
179,1527,2.8946218
179,1376,2.7364378
179,2145,2.676131
179,2011,2.2587273
179,256,1.6473371
179,3690,1.1474593
1636,2858,4.214979
1636,2997,4.029953
1636,232,4.0103655
1636,2692,4.0089774
1636,223,3.7807536
1636,2908,3.7556276
1636,1625,3.6283703
1636,1094,3.5578609
1636,3159,2.9539452
1636,2490,2.6628306
1636,3016,2.33174
1636,2805,1.2895304
1636,2701,1.1865286
1636,3564,1.0550871
5128,1267,4.213491
5128,1240,3.9598207
5128,2948,3.8174586
5128,1997,3.810083
5128,1321,3.757806
5128,1394,3.7077503
5128,3330,3.615266
5128,349,3.5076709
5128,952,3.469486
295,2804,4.482883
295,1358,4.404886
295,2686,4.25415
295,1261,4.1978407
295,1954,4.1969213
295,2391,4.032009
295,2580,3.9577634
295,1127,3.8782194
295,968,3.8655741
295,3081,3.8151288
295,785,3.7463918
295,3179,3.670576
295,2712,3.6458664
295,2433,3.5613236
295,2707,3.5576978
295,3113,2.9033406
295,3717,2.9012692
295,3285,2.472811
295,2392,2.4249856
295,2995,2.2942278
2404,858,4.6667814
2404,1213,4.461524
2404,1617,4.4125385
2404,2918,4.258544
2404,553,4.104364
2404,1396,3.9957218
2404,1378,3.7761056
2404,2100,3.6815567
2404,368,3.681433
2404,317,3.6777492
2404,1377,3.3468437
2404,1379,3.2206814
5554,750,4.442467
5554,2762,4.381854
5554,1214,4.186304
5554,1374,3.8384774
5554,1965,3.6530998
5554,3032,3.5652735
5554,2826,3.5641086
5554,1573,3.3939774
5554,2722,3.1945148
1104,527,4.4601955
1104,3083,4.0292478
1104,446,3.9753082
1104,994,3.9229865
1104,1635,3.779906
1104,41,3.7304347
1104,2395,3.6157968
1104,448,3.5913417
1104,1392,3.5256696
921,1196,3.9968915
921,2313,3.9696016
921,1214,3.9318676
921,1231,3.9090478
921,1961,3.9026833
921,2194,3.8535612
921,2739,3.7893
921,2716,3.7815747
921,3044,3.7594547
921,3448,3.7556505
921,3751,3.7486334
921,296,3.735888
921,480,3.7348983
921,1220,3.6944025
921,648,3.5471656
921,2371,3.3924813
921,2321,3.312735
921,3701,3.1209536
42,527,4.5047927
42,858,4.390407
42,1253,4.002717
42,3421,3.9562476
42,2288,3.9034126
42,1608,3.8946056
42,2858,3.8137264
42,296,3.767354
42,2915,3.7428443
42,1019,3.7314034
42,2393,3.7148516
42,1396,3.649379
42,2021,3.5605974
42,2311,3.5239112
42,3704,3.5174253
42,2533,3.4548903
42,1373,3.3454452
42,880,3.1702666
42,3802,3.1428618
42,737,3.0690224
961,3510,4.1663494
961,3753,3.8599365
961,2694,3.689592
961,3863,3.631957
961,3484,3.3550985
5985,1704,4.167409
5985,2395,3.8653104
5985,3526,3.8126233
5985,26,3.662195
5985,3052,3.609166
5985,832,3.5893178
5985,1721,3.5023134
5985,585,2.778438
4377,2858,4.554582
4377,1215,4.232278
4377,1917,4.1135664
4377,292,3.9356537
4377,1049,3.9115944
4377,2625,3.878709
4377,2023,3.865724
4377,2334,3.8045242
4377,1687,3.742385
4377,1866,3.7191472
4377,3697,3.715341
4377,434,3.671759
4377,3764,3.6646512
4377,1831,3.6006894
4377,420,3.3630068
4377,1562,3.1743028
4377,692,3.0834057
4377,3299,2.9765358
4377,71,2.9513724
4377,2965,2.6002617
1320,908,4.502094
1320,1252,4.4905634
1320,903,4.446801
1320,1617,4.389077
1320,1089,4.2742033
1320,1230,4.249803
1320,1036,4.240863
1320,1387,4.1071854
1320,3104,3.9613843
1320,21,3.8030295
1320,3418,3.7787995
1320,1061,3.7508376
1320,507,3.6792352
1320,1573,3.3733366
177,1204,4.573542
177,1240,4.187974
177,590,4.1448154
177,3032,3.6488528
1502,527,4.4952507
1502,3897,4.0321984
1502,1580,3.916243
1502,832,3.780952
1502,3082,3.7198687
1502,380,3.7067475
1502,3852,3.6931248
1502,2694,3.6091533
1502,1015,3.5134232
1502,605,3.468526
1502,801,3.426073
1502,2976,3.425285
1502,2913,3.41063
1502,1042,3.4096215
1502,2084,3.4015093
1502,3264,3.2944276
1502,673,3.2664251
1502,216,3.2522774
1502,79,3.2487087
1502,158,3.1561375
1502,256,2.953874
1502,829,2.6702766
1502,2092,2.5426378
1502,3440,2.0916553
330,1221,4.3997126
330,913,4.3653913
330,593,4.2367773
330,3468,4.233261
330,919,4.2232714
330,3753,3.9731104
330,3793,3.8225167
330,2971,3.8017988
330,596,3.7425241
330,3298,3.7006354
330,3827,3.5403838
330,3409,3.5212746
117,750,4.2732015
117,1200,4.087285
117,1242,4.0522614
117,1960,3.995992
117,1301,3.900381
117,150,3.8893964
117,1210,3.820964
117,1275,3.770115
117,2644,3.7528226
117,1376,3.6992283
117,3859,3.6812837
117,223,3.6688404
117,3039,3.6363318
117,349,3.5809834
117,324,3.5519395
117,3555,3.544857
117,1261,3.5092356
117,2393,3.4786377
117,3763,3.4776187
117,3070,3.4766657
117,3418,3.4692826
117,552,3.4625869
117,253,3.460302
117,1785,3.4339056
117,1083,3.4281983
117,1375,3.4251325
117,2640,3.4229202
117,1378,3.416398
117,1722,3.4121776
117,2150,3.3646064
117,2043,3.3309333
117,2002,3.2985766
117,2736,3.2936914
117,1801,3.2924225
117,2478,3.2767048
117,1031,3.27561
117,2123,3.275002
117,2104,3.2384105
117,2111,3.2110066
117,611,3.1415298
117,172,3.1093025
117,2533,3.0964117
117,256,3.0685492
117,3697,3.055025
117,177,3.0226603
117,2097,2.9679155
117,3197,2.910903
117,2364,2.8554573
117,3921,2.7921767
117,160,2.767352
117,3941,2.6807168
117,3843,2.6469927
117,2088,2.6365578
117,3754,2.6108396
117,2053,2.3559444
117,1328,2.3536973
117,2817,1.9036351
3813,1247,4.648188
3813,953,4.5650034
3813,1283,4.557277
3813,3462,4.5427785
3813,919,4.5313416
3813,3733,4.222618
2646,1196,4.4079976
2646,1784,4.134074
2646,480,4.109446
2646,1393,3.8971038
2646,1073,3.8269954
5850,1219,2.5122707
5850,3366,2.4963572
5850,1356,2.3572614
5850,3467,2.0869963
5850,565,1.9103382
5850,2167,1.8566903
5850,3153,1.768919
5850,1569,1.745297
5850,3605,1.6931057
5850,2043,1.6423236
5850,1806,1.5773803
789,260,4.353266
789,2804,4.000319
789,1214,3.917864
789,1270,3.8395197
789,1259,3.7639132
789,1210,3.7547717
789,2672,2.82842
789,1513,2.69694
789,2688,2.4893036
789,2699,2.3826358
789,2676,2.3792083
789,3113,2.1687539
1032,1148,4.5911303
1032,2324,4.533861
1032,1223,4.4087896
1032,3578,4.296548
1032,1641,3.9398823
1032,1748,3.9224668
1032,1907,3.8596835
1032,2916,3.795263
1032,1527,3.784616
1032,2124,3.3507216
1032,3745,3.3213065
4066,318,3.964416
4066,319,2.87556
4066,1722,2.8650055
4066,1573,2.8155687
4066,1994,2.7393315
4066,1428,2.3759756
1276,858,4.743396
1276,2918,4.3565197
1276,2289,4.1659775
1276,3362,4.1571355
1276,1079,4.147114
1276,671,3.8677273
1276,2915,3.7660673
5756,919,4.343254
5756,2067,4.3351297
5756,586,3.5850432
5756,3054,3.092521
1739,2858,4.33294
1739,3468,4.325305
1739,608,4.2563686
1739,1228,4.193615
1739,1265,3.9614675
1739,1641,3.9134316
1739,3072,3.8778386
1739,34,3.751496
1739,21,3.6521788
1739,3948,3.6245751
1739,3755,3.5233908
1739,3865,3.3061366
1739,3943,3.2985137
4685,858,3.9070451
4685,3134,3.7844744
4685,296,3.7668376
4685,111,3.7323775
4685,1537,3.5408106
4685,1952,3.5169067
4685,1935,3.471025
4685,3742,3.4630587
4685,3095,3.4403389
4685,1231,3.36763
4685,978,3.3613276
4685,2396,3.3488934
4685,1939,3.3477614
4685,1246,3.325374
4685,1279,3.1777887
4685,2972,3.157341
4685,1179,3.148053
4685,265,3.1365383
4685,2599,3.0748053
4685,562,2.9859211
4685,715,2.9426408
4685,3329,2.5347807
4685,2822,1.6843994
5292,913,4.173337
5292,3114,4.048502
5292,105,2.388165
3596,904,5.0753393
3596,1136,4.877551
3596,3470,4.871879
3596,750,4.85976
3596,898,4.8566694
3596,969,4.7754
3596,2677,4.6219735
3596,53,4.5718465
3596,290,4.5655394
3596,3067,4.555684
3596,265,4.4465017
3596,1094,4.420575
3596,2987,4.271145
3596,1059,4.0599594
5748,2329,4.642665
5748,3578,4.4592648
5748,150,4.4098625
5748,480,4.1331043
5748,3753,4.076538
420,1278,4.6606946
420,1073,4.2525787
420,2395,4.23919
420,2080,4.1784115
420,3649,3.5810587
808,1610,3.8678827
808,3753,3.572907
808,3527,3.560185
808,2288,3.5414648
808,3727,3.4880779
808,1407,3.45047
808,1339,3.3519409
808,799,3.267529
808,3755,3.2031827
808,2717,3.0028186
808,2513,2.9975517
808,3708,2.8257875
808,3837,2.7572129
808,2026,2.6203434
808,1970,2.5628517
808,2719,2.3760843
808,1975,2.3493493
808,1973,2.1491342
808,3661,2.0543997
808,3940,1.9477599
808,2452,1.8459378
808,3572,1.7865367
808,1993,1.6141362
1206,260,4.9433336
1206,1253,4.7670813
1206,1077,4.6285877
1206,1210,4.339093
1206,2664,4.31056
1206,3702,4.171286
1206,2681,3.9828665
1206,2553,3.9366848
1206,2657,3.8312445
1206,426,3.596439
1206,788,3.5723677
1206,338,3.0223727
1206,1779,2.8576105
4382,593,3.9556742
4382,47,3.750301
4382,2959,3.715592
4382,441,3.4206414
4382,1747,3.0917244
4382,2916,2.9530706
4382,3298,2.8075552
4382,3107,2.8018818
4382,288,2.7760122
4382,231,2.562698
4382,2012,2.4838912
4382,2004,2.1167598
4382,485,1.601288
4382,419,1.1871574
4347,2959,3.9083571
4347,3363,3.8717985
4347,1682,3.8082423
4347,866,3.7265272
4347,1527,3.674127
4347,1393,3.669919
4347,3186,3.4811597
4347,514,3.3935602
4347,3623,3.371129
4347,3409,3.2946994
4347,2395,3.2871683
5276,17,3.6794837
5276,2599,3.1713133
3855,2858,4.3473954
3855,47,4.2435217
3855,3499,3.9709795
3855,165,3.8386502
3855,2301,3.8101892
3855,1805,3.757398
3855,21,3.7318227
3855,1645,3.6905293
3855,788,3.2414389
3855,185,2.9812543
3855,196,2.7701397
3855,737,1.6457281
3835,3147,4.7916336
3835,1249,4.587492
3835,34,4.4542217
3835,538,4.387742
3835,1639,4.285747
1215,296,4.7176676
1215,306,4.5750375
1215,307,4.5348263
1215,1,4.4860134
1215,1214,4.440721
1215,1270,4.3436785
1215,34,4.259281
1215,1374,4.1806593
1215,2495,4.1689177
1215,2288,4.1556454
1215,968,4.0921245
1215,3527,4.0661826
1215,1396,4.0497937
1215,1372,4.0153403
1215,3745,4.010115
1215,718,3.8959866
1215,2232,3.8266916
1215,2105,3.816947
1215,3704,3.7259498
3990,1136,4.5745687
3990,1278,4.4508376
3990,3037,4.282221
3990,3508,4.2294297
3990,2648,4.186967
3990,2401,3.9779167
3990,2005,3.9700418
3990,1019,3.8904197
3990,2174,3.7767816
3990,2344,3.7586808
3990,2867,3.7005131
3990,653,3.6605163
3990,1654,3.640703
3990,799,3.6065395
5211,1211,4.306619
5211,2248,4.1626215
5211,1238,4.0448184
5211,3360,4.034049
5211,3072,4.0189195
5211,2716,4.010784
5211,1663,3.9872272
5211,2174,3.6939788
5211,3535,3.4267814
5211,2003,3.1992123
5211,3617,3.0567958
5211,3269,2.8353868
5211,780,2.8030586
5211,2530,2.5322237
5211,3717,2.4442048
5211,2091,2.2282002
735,1225,4.229745
735,919,4.177572
735,3360,4.0937486
735,2797,4.0502295
735,2791,4.0497794
735,2947,4.0179086
735,2706,4.0042524
735,2949,3.969816
735,1960,3.9614038
735,1301,3.9351377
735,2268,3.9286613
735,1411,3.902683
735,1302,3.9000282
735,2355,3.8754065
735,3408,3.8729153
735,2502,3.835134
735,1580,3.8141441
735,1127,3.7958934
735,3101,3.7747626
735,592,3.7498565
735,2144,3.7041605
735,3005,3.6615102
735,648,3.6457214
735,3301,3.6105971
735,1608,3.5977752
735,3615,3.5644817
735,1917,3.5077991
735,3176,3.5076637
735,3409,3.4981327
735,1049,3.485383
735,2133,3.440669
735,1676,3.4078808
735,22,3.355951
735,3809,3.339467
735,3869,3.3256056
735,1457,3.2701676
735,44,3.0516582
735,3285,3.0275786
735,3785,2.8212564
735,2408,2.7922916
735,1499,2.2014933
735,3908,2.1704793
735,2748,2.026832
735,2537,1.9912341
2969,1136,4.430515
2969,1240,4.23011
2969,590,4.1007557
2969,2336,4.0733094
2969,1282,4.009549
2969,2987,3.8933578
2969,1653,3.8066509
2969,3005,3.7566278
2969,2470,3.7251904
2969,3219,3.7093778
2969,2012,3.419453
2969,2023,3.3973103
2969,172,2.9762194
2969,3697,2.9186997
5291,296,4.5168076
5291,1224,4.4536963
5291,593,4.4282465
5291,1263,4.3133698
5291,1231,4.3113527
5291,3359,4.273882
5291,1199,4.231365
1228,1196,4.380814
1228,1252,4.3544793
1228,1223,4.3130636
1228,541,4.2449846
1228,1200,4.1518726
1228,2997,4.151482
1228,1617,4.1400657
1228,246,4.1325817
1228,3578,4.1321697
1228,800,4.1069217
1228,111,4.0913877
1228,759,4.0307713
1228,1097,3.9717205
1228,214,3.9689074
1228,3178,3.9347746
1228,3019,3.921716
1228,1788,3.8616521
1228,1282,3.8560534
1228,1649,3.8215864
1228,10,3.7874606
1228,3266,3.6944368
1228,1527,3.6758678
1228,3267,3.6550262
1228,316,3.5466866
1228,1722,3.5119896
1228,1836,3.4530323
1228,1735,3.4076524
1228,292,3.06391
1228,327,2.2734947
5182,541,4.5052614
5182,3341,4.287998
5182,3671,4.2640247
5182,1200,4.2487507
5182,3552,4.1250105
5182,3448,4.113903
5182,3105,4.0609508
5182,215,4.045454
5182,3069,4.0062084
5182,1608,4.0030217
5182,3101,4.0026865
5182,357,3.9558172
5182,924,3.9398658
5182,1699,3.930119
5182,454,3.9104872
5182,1645,3.8953242
5182,2496,3.8849485
5182,2125,3.8840613
5182,1587,3.884001
5182,2826,3.8838716
5182,2174,3.8242044
5182,1875,3.8103838
5182,159,3.8087022
5182,1660,3.795009
5182,1457,3.7650669
5182,2975,3.7614186
5182,22,3.729402
5182,2688,3.71243
5182,2770,3.650558
5182,830,3.6417673
5182,2291,3.6171603
5182,2445,3.5620022
5182,1331,3.5550652
5182,784,3.5524802
5182,1167,3.5092068
5182,2531,3.4891822
5182,2530,3.4644446
5182,2456,3.3250334
5182,2147,3.3061488
1584,745,4.030835
1584,2762,3.9648435
1584,1148,3.885496
1584,2973,3.814015
1584,1617,3.747449
1584,2692,3.7369375
1584,1210,3.6614885
1584,1394,3.6596713
1584,3317,3.621069
1584,1261,3.5832658
1584,1641,3.5556178
1584,2502,3.531491
1584,2355,3.5238676
1584,1788,3.511907
1584,2599,3.5116436
1584,595,3.4981418
1584,1028,3.487486
1584,1292,3.4829066
1584,3751,3.4756134
1584,1175,3.4603617
1584,3910,3.4416401
1584,1500,3.4307778
1584,3539,3.3977337
1584,21,3.3962972
1584,440,3.3919234
1584,30,3.3819895
1584,3499,3.3474076
1584,194,3.3314567
1584,3763,3.3032854
1584,2294,3.2948847
1584,2076,3.271561
1584,661,3.2497067
1584,2065,3.2490597
1584,2871,3.2234251
1584,733,3.1547925
1584,2499,3.1178226
1584,1676,3.086827
1584,329,3.0839694
1584,112,3.0617187
1584,1375,3.0333283
1584,1645,3.0139492
1584,1482,3.0001929
1584,2628,2.99711
1584,1370,2.9448147
1584,2722,2.8540077
1584,786,2.7048573
1584,3301,2.6816392
1584,1127,2.6317039
1584,1391,2.6062822
1584,434,2.310982
1584,3593,1.797959
3054,1204,4.5752363
3054,922,4.5731897
3054,912,4.5599008
3054,1198,4.5333877
3054,1212,4.5073857
3054,1247,4.446313
3054,913,4.406238
3054,923,4.4053955
3054,1250,4.3971596
3054,910,4.37146
3054,1617,4.370341
3054,1217,4.365973
3054,608,4.3619127
3054,1147,4.3385825
3054,3462,4.247753
3054,1704,4.241355
3054,1235,4.229747
3054,1206,4.2078853
3054,3949,4.206029
3054,1269,4.1585436
3054,2575,4.1274223
3054,1938,4.0667953
3054,1214,4.065776
3054,34,4.053007
3054,3317,3.9773998
3054,838,3.9548383
3054,2542,3.9393473
3054,223,3.919169
3054,3788,3.9038873
3054,125,3.879196
3054,1641,3.8341656
3054,2355,3.8332057
3054,562,3.8320024
3054,25,3.7795534
3054,2390,3.7759533
3054,2912,3.7747738
3054,2138,3.7284107
3054,457,3.7197876
3054,16,3.711882
3054,1120,3.7051659
3054,501,3.643381
3054,150,3.6309743
3054,3100,3.4986198
3054,3793,3.32224
3054,39,3.1876585
3054,1699,3.1083984
3054,449,2.977311
3054,1721,2.926458
3054,2394,2.7715113
3054,597,2.7167988
3054,376,2.3282478
3054,783,2.1980157
3054,1620,2.123025
3054,1629,2.0304663
3054,2325,1.8924905
3054,3247,1.8646479
3054,3785,1.8022895
3054,3274,1.8015193
3054,3354,1.6140991
3054,3826,1.4620287
3054,65,1.1856327
4086,1,5.169199
4086,3052,4.9917803
4086,595,4.985758
4086,588,4.9808908
4086,2139,4.905524
4086,838,4.870612
4086,1641,4.7631674
4086,2747,4.7094526
4086,2582,4.629756
4086,1569,4.616864
4086,2539,4.614219
4086,708,4.5461235
4086,241,4.5170565
4086,1888,4.451448
4086,1059,4.397226
4086,1391,4.2103724
4086,788,4.1516104
4086,146,4.147065
4086,575,4.1335263
4086,2719,3.833365
4086,2713,3.7836654
4086,673,3.6762528
5894,593,4.4404616
5894,3508,4.272137
5894,1387,4.2634935
5894,553,4.1170025
5894,1101,4.0771627
5894,1408,4.0242124
5894,1918,3.7758095
5894,3430,3.697311
5894,2458,3.497813
5894,416,3.4376965
3571,3510,3.8370333
3571,1517,3.6533287
3571,2572,3.4202185
3571,785,3.3987532
3571,303,3.0916624
3571,3173,3.0572386
3571,3879,3.0289555
3571,3273,2.8118575
3571,2719,2.1591158
3571,405,1.8123899
781,110,4.6315527
781,589,4.5008473
781,2395,4.2774906
781,1732,4.194935
781,493,4.1270566
781,3052,4.09082
781,785,3.9801521
781,180,3.8992786
781,3174,3.8757668
781,1747,3.844914
781,1370,3.7314725
781,587,3.5860727
781,353,3.582262
781,480,3.421231
781,3120,3.2497318
781,1876,3.1280289
781,2694,2.9666662
781,1894,2.8510354
781,673,2.7478988
781,653,2.7148564
781,3841,2.5152168
781,2793,2.4572587
781,1468,2.3701727
781,637,2.0588868
781,1126,1.3891215
5058,950,4.825832
5058,1950,4.691906
5058,3733,4.3729424
5058,3788,4.3069725
5058,3445,3.5998967
2041,953,4.4475765
2041,1196,4.3238654
2041,1198,4.3068843
2041,1197,4.2356353
2041,1217,4.191824
2041,1199,4.1560054
2041,1394,4.104885
2041,36,4.076987
2041,1704,3.9962964
2041,955,3.994363
2041,1674,3.967429
2041,1259,3.9652696
2041,1246,3.8919396
2041,1344,3.8876035
2041,32,3.885127
2041,3911,3.87566
2041,2020,3.8663511
2041,3668,3.849069
2041,3317,3.8381863
2041,1957,3.79669
2041,1028,3.7515483
2041,1035,3.7421956
2041,596,3.733848
2041,1321,3.7262259
2041,41,3.713459
2041,1694,3.678327
2041,3461,3.6527874
2041,357,3.6001632
2041,1343,3.5976484
2041,3386,3.591076
2041,348,3.580918
2041,551,3.579018
2041,2406,3.573917
2041,2181,3.5704508
2041,223,3.5316274
2041,3081,3.5260663
2041,471,3.4931636
2041,425,3.4930882
2041,280,3.450663
2041,708,3.3511653
2041,2167,3.3460746
2041,3510,3.3325224
2041,1441,3.3002708
2041,3712,3.2729988
2041,3186,3.1618042
2041,2245,3.155784
2041,616,3.151227
2041,2424,3.1443968
2041,1597,3.0837054
2041,2723,3.0330973
2041,3101,3.0225863
2041,552,2.9901195
2041,372,2.9722915
2041,1379,2.8416808
2041,3798,2.811159
2041,277,2.7882843
2041,2409,2.669018
2041,2796,2.3256946
2041,2411,2.1081588
2041,2471,2.052271
2041,3821,1.9045485
2041,1979,1.7144109
5201,928,3.7340074
5201,1304,3.709159
5201,1269,3.6961026
5201,457,3.622127
5201,2300,3.6059554
5201,3467,3.5637667
5201,914,3.554627
5201,2791,3.5325317
5201,529,3.4576836
5201,1674,3.1892436
5201,3203,2.82222
5201,2375,1.9895387
5201,208,1.539272
5585,858,4.536207
5585,1213,4.2255344
5585,1288,4.137452
5585,1131,4.126482
5585,1172,4.090953
5585,2959,4.0580115
5585,1258,4.0282326
5585,1089,4.0123415
5585,1997,3.9685202
5585,1674,3.9401586
5585,589,3.9361265
5585,555,3.9010289
5585,3783,3.7763236
5585,2593,3.7671084
5585,3521,3.7600932
5585,2969,3.7213166
5585,2952,3.6224566
5585,2278,3.5128744
5585,2490,3.4300199
5585,3706,3.3636649
5585,1805,3.1833916
5585,3250,3.0554886
5585,1129,3.038032
5585,1334,2.8447173
5585,3701,2.5967407
5585,2787,2.4531825
5585,2126,2.263275
2576,608,4.312881
2576,1199,4.2702656
2576,2872,3.848447
2576,474,3.7939389
2576,2406,3.777531
2576,592,3.72703
2576,3018,3.5664968
2576,3740,3.4419863
2576,1370,3.3817704
2576,377,3.3718204
2576,380,3.3047109
2576,2011,3.2956004
2576,163,3.2585468
2576,1127,3.2290277
2576,3033,3.227535
2576,2625,3.167771
2576,504,3.1022048
2576,1717,3.0875716
2576,2,3.0732737
2576,1769,3.014131
2576,1049,2.777433
2576,1876,2.6819174
2576,196,2.5906596
2576,379,2.4494498
2576,1779,2.1615229
2576,3705,2.0030775
2576,737,1.3243849
2576,2614,1.3020337
3969,3007,3.9710891
5826,1197,4.265854
5826,1225,4.206439
5826,1089,4.1565833
5826,2947,3.9918709
5826,1060,3.9188914
5826,2871,3.9041018
5826,2318,3.8838108
5826,2716,3.8588324
5826,1357,3.8350668
5826,1285,3.7957225
5826,2791,3.791079
5826,1641,3.7826424
5826,1968,3.7793033
5826,1215,3.7567563
5826,1261,3.6495683
5826,69,3.633713
5826,1354,3.5953622
5826,1517,3.5912766
5826,2058,3.321601
5826,1059,3.269157
5826,2770,3.0477328
5826,2706,3.0034976
5826,2124,2.9571328
5826,3273,2.054322
5826,2719,1.5658183
3699,1219,4.786478
3699,928,4.7033844
3699,2612,4.59298
3699,1610,4.4663963
899,930,4.223699
899,1704,4.135415
899,1304,4.063341
899,1307,4.0602593
899,1,4.0542426
899,1947,4.023717
899,1214,3.9518707
899,2908,3.8991158
899,1270,3.8616753
899,3072,3.7980785
899,1265,3.7336965
899,2125,3.6518588
899,1380,3.4295974
899,2470,3.0981872
899,2046,3.0931637
899,1030,2.7690966
899,3824,2.1909142
5495,223,3.989819
5495,3052,3.9538038
5495,2700,3.8640363
5495,2683,3.7144184
5495,2657,3.6340182
5495,2712,3.3614743
530,1196,4.3906245
530,1214,4.2267027
530,1291,4.164742
530,1955,4.078599
530,321,3.8870175
530,2022,3.8191535
530,2916,3.806299
530,2912,3.7963314
530,2640,3.7193403
530,3264,3.6044502
3713,1148,4.671978
3713,2028,4.4995337
3713,1278,4.3450155
3713,3471,4.1892366
3713,356,4.1390085
3713,1961,4.110259
3713,2919,4.0880737
3713,94,4.0491858
3713,628,4.034375
3713,2310,3.977878
3713,3361,3.976387
3713,11,3.9613905
3713,3448,3.9342191
3713,2690,3.9230087
3713,2671,3.9174888
3713,2144,3.865575
3713,2001,3.844782
3713,2291,3.832018
3713,2915,3.8224163
3713,6,3.814792
3713,377,3.7690492
3713,2640,3.7503295
3713,2261,3.7280364
3713,2371,3.6819062
3713,2875,3.646934
3713,1777,3.6087918
3713,3477,3.5852065
3713,2657,3.5412402
3713,1135,3.4917827
3713,372,3.4505348
3713,2168,3.3469343
3713,2413,3.3334563
3713,2262,3.327592
3713,2581,3.2704015
3713,1888,3.2600925
3713,447,2.8792164
5851,1196,4.5382557
5851,969,4.517936
5851,296,4.495
5851,1219,4.4902587
5851,1197,4.3048825
5851,116,4.2218447
5851,595,4.1766295
5851,2115,4.154685
5851,1214,4.144244
5851,2791,4.117014
5851,3396,4.113516
5851,596,4.0975914
5851,2078,4.050262
5851,3386,4.0245485
5851,1017,4.0098176
5851,1758,3.9923997
5851,314,3.9620552
5851,3608,3.9151783
5851,2899,3.8712904
5851,2846,3.805494
5851,616,3.8021832
5851,957,3.76821
5845,922,4.904101
5845,908,4.8995285
5845,1945,4.8264947
5845,750,4.766261
5845,1233,4.7515554
5845,1267,4.6981955
5845,928,4.670266
5845,2858,4.649945
5845,306,4.6104016
5845,1218,4.559702
5845,1041,4.473654
5845,978,4.455462
5845,2997,4.3978186
5845,2336,4.3694086
5845,223,4.277606
5845,2318,4.272474
5845,3072,4.262082
5845,3417,4.0138927
5845,2709,3.8669782
5845,1896,3.8006034
5845,2683,3.7825966
5845,2605,3.7525547
5845,2718,3.6677184
5845,2724,3.648147
5845,2485,3.6269925
5845,1911,3.617146
5845,2392,3.1881232
3727,1204,4.362648
3727,1201,4.0044527
3727,1214,3.9927642
3727,1084,3.9852996
3727,1273,3.962362
3727,3671,3.7541523
3727,428,3.7243452
3727,1748,3.6833153
3727,357,3.6825821
3727,1729,3.6361542
3727,1982,3.6095872
3727,1392,3.6018653
3727,235,3.5912962
3727,1653,3.5811877
3727,471,3.5683832
3727,2073,3.5341187
3727,1345,3.5170164
3727,2707,3.4969592
3727,1527,3.464419
3727,2118,3.4392734
3727,3450,3.3651385
3727,2736,3.3419266
3727,2455,3.285492
3727,2420,3.279406
3727,481,3.2247772
3727,2926,3.1644495
3727,3259,3.1596503
3727,2990,3.1076455
3727,2435,3.0925357
3727,1614,3.0803533
3727,616,3.06338
3727,3810,3.0119395
3727,2789,2.8880048
3727,1687,2.7669106
3727,3258,2.7612977
3727,1332,2.7409801
3727,5,2.6705267
3727,413,2.6013188
3727,2374,2.5437334
3727,2717,2.31622
3727,2566,2.036576
3727,1882,1.8883095
3727,172,1.7513974
3727,1389,1.4616129
4832,296,4.5620003
4832,1225,4.554237
4832,1196,4.4967527
4832,2064,4.383491
4832,1246,4.2560606
4832,1968,4.1106935
4832,553,3.9262733
4832,2001,3.677639
4832,2734,3.6232276
4832,2133,3.2885191
4832,3301,3.122244
4832,2717,2.6939795
4832,3694,1.3341603
3822,541,3.9183466
3822,1230,3.8398664
3822,1222,3.7905526
3822,2947,3.7178452
3822,3504,3.6346624
3822,3408,3.5801523
3822,2580,3.5256953
3822,2599,3.4149523
3822,3186,3.2826645
3822,2289,3.2289228
3822,3506,3.1018562
3822,45,2.9904304
3822,3649,2.950341
3822,2409,2.9253294
3822,2340,2.7936387
3822,2881,2.3280072
3822,2840,2.3244276
2001,3072,4.150732
2001,3543,4.1499233
2001,2700,4.0045276
2001,968,3.9177732
2001,2683,3.7289662
2001,3005,3.6350744
2001,2369,3.3609407
2001,2710,3.21271
257,2762,5.125594
257,1097,4.9251404
257,589,4.8756857
257,1408,4.607314
257,1343,4.554613
257,280,4.4315405
3512,1104,4.213723
3512,589,4.0722103
3512,364,3.9778197
3512,1080,3.9738047
3512,1092,3.8964171
3512,1282,3.8929436
3512,2139,3.8884108
3512,180,3.8214102
3512,175,3.795628
3512,2987,3.7900195
3512,3034,3.7660003
3512,2009,3.7643704
3512,302,3.758933
3512,2015,3.728689
3512,300,3.7270236
3512,1127,3.7012622
3512,500,3.6783676
3512,2100,3.6751385
3512,380,3.6242466
3512,2232,3.5632424
3512,170,3.5465066
3512,1835,3.5014749
3512,10,3.4883242
3512,2672,3.4598126
3512,1205,3.4522038
3512,2485,3.4388685
3512,1475,3.2450175
3512,2378,3.1249766
3512,3257,3.0798156
3512,2699,3.049683
3512,3258,3.0310547
3512,44,3.0137277
3512,3802,2.8775427
3512,2042,2.7479305
3512,2379,2.5825994
5918,1961,4.326901
5918,3052,3.9286911
5809,50,4.6662836
5809,1148,4.603274
5809,908,4.590211
5809,1234,4.508443
5809,246,4.416134
5809,1288,4.3169613
5809,3090,4.2567544
5809,2599,4.20733
5809,3019,4.1227946
5809,589,4.0125027
5809,1078,4.0073156
5809,2970,3.921389
5809,3526,3.9108658
5809,1663,3.8427727
5809,2795,3.8310766
5809,1374,3.8165677
5809,588,3.8027632
5809,2140,3.7679513
5809,1028,3.7341657
5809,2640,3.4801943
5809,2916,3.4307094
5809,1376,3.3933074
5809,11,3.3515387
5809,2245,3.207372
5809,3527,3.099237
5809,2161,2.9638338
5809,2393,2.809748
5809,748,2.7784119
5809,1676,2.454272
5809,3156,1.8691788
4511,2132,4.601856
4511,1200,4.59153
4511,1387,4.5743732
4511,3147,4.5689816
4511,589,4.5179567
4511,2944,4.384012
4511,1356,4.34381
4511,3635,4.242622
4511,2000,4.237281
4511,2640,4.1999216
4511,2707,4.184928
4511,2013,4.042604
4511,3771,4.031786
4511,2105,3.9618998
4511,3785,3.9564695
4511,2535,3.7859688
4511,1388,3.7178488
4511,1863,3.3934774
541,1193,4.286835
541,47,4.079872
541,3481,3.8674784
541,32,3.7702734
541,300,3.7028668
541,1639,3.6925678
541,1408,3.5770905
541,471,3.5622191
541,2987,3.3672729
541,3255,3.2736042
541,2394,3.1412904
541,62,2.8433452
541,2141,2.7196963
541,317,2.4968667
541,1030,2.110168
541,185,1.9984283
541,313,1.9568824
541,1690,1.9340757
541,3438,1.765445
5782,1258,3.984768
5782,2918,3.9028645
5782,1387,3.8724096
5782,480,3.7992725
5782,1302,3.7355103
5782,1032,3.7180276
5782,3252,3.6421556
5782,2420,3.5135362
5782,1395,3.3378348
5782,2521,3.2696004
1423,1234,4.7813754
1423,910,4.7400765
1423,3578,4.426006
1423,1392,4.2182355
1423,3623,3.0561504
1423,2894,2.64362
3267,480,4.289286
3267,3543,4.265983
3267,3578,4.265511
3267,1517,4.1608458
3267,2706,4.057538
3267,3174,3.8485546
3267,2598,3.59348
3267,2976,3.5321205
3267,2881,3.245685
691,2571,4.5896454
691,1304,4.533504
691,3334,4.3577423
691,3362,4.3259044
691,1214,4.3094287
691,1580,4.208647
691,1199,4.195097
691,2239,4.150653
691,1285,4.116205
691,2302,4.11305
691,1393,4.042391
691,2348,3.9675903
691,1653,3.9568295
691,3684,3.8291652
691,2384,3.806982
3651,858,4.994688
3651,1252,4.7743587
3651,1617,4.6943684
3651,3091,4.562028
3651,1036,4.5132127
3651,1960,4.435177
3651,2921,4.294507
3651,247,4.2586646
3651,1500,4.224697
3651,2662,4.2196918
3651,1408,4.166846
3651,3256,4.1111326
3651,349,4.0835323
3651,230,3.9916418
3651,1909,3.9071953
3651,2985,3.8177662
3651,1645,3.7888644
3651,2273,3.752876
3651,3272,3.751504
3651,3770,3.7330787
3651,2012,3.227022
3651,786,3.1275184
3651,1488,2.986685
3651,849,2.1789649
40,1198,4.4334474
40,897,3.70085
40,3628,3.4562638
40,3755,3.3923163
40,2,3.2377844
40,3269,3.136121
40,674,2.8710098
5741,2495,3.416316
5741,3503,3.1183474
5741,2553,2.7612195
1765,2762,4.8180404
1765,110,4.593261
1765,1,4.5702186
1765,1261,4.4498715
1765,3408,4.243513
1765,3175,4.2432365
1765,3081,4.0968065
1765,1970,3.7268178
1765,2699,3.4195151
1765,1973,3.0966187
1765,2907,2.9370003
5239,954,4.474626
5239,910,4.4304748
5239,111,4.37473
5239,919,4.3344307
5239,1189,4.310459
5239,110,4.244915
5239,47,4.2056804
5239,1961,4.1362987
5239,3148,4.1249595
5239,3504,4.1093235
5239,1270,4.0936785
5239,3210,4.0735216
5239,1923,4.0419416
5239,1954,4.023908
5239,3039,3.9937286
5239,357,3.9872973
5239,1095,3.9698427
5239,1955,3.9550889
5239,3361,3.93193
5239,2231,3.8916264
5239,1393,3.8513303
5239,39,3.8400571
5239,3108,3.8291967
5239,342,3.8210633
5239,2987,3.767646
5239,1286,3.7369723
5239,2294,3.6648448
5239,3253,3.635831
5239,3529,3.6137116
5239,2455,3.6126864
5239,2474,3.6029577
5239,2469,3.425246
5239,2340,3.415884
5239,1088,3.2978811
5239,2375,3.0247016
5239,2517,2.944044
5239,2410,2.9280684
5239,1975,2.3347
5885,858,4.9212556
5885,1262,4.831338
5885,1213,4.7081547
5885,2762,4.6605587
5885,1089,4.5624247
5885,965,4.5242853
5885,1095,4.2598467
5885,2912,4.0184965
5885,3461,3.9590716
5885,952,3.884597
5885,2712,3.6635854
5885,339,3.6515942
5885,1647,2.6995347
716,2019,5.0615644
716,858,4.8822474
716,3114,4.6990666
716,1210,4.6695304
716,1266,4.637722
716,1387,4.557783
716,2944,4.5158434
716,741,4.467886
716,16,4.462019
716,1060,4.4324546
716,2406,4.372054
716,1732,4.302768
716,377,4.276319
716,1029,4.244602
716,368,4.2354455
716,1748,4.2316027
716,3253,4.22713
716,2387,3.9992366
716,379,3.8550391
716,2399,3.8509111
716,2093,3.8407307
716,459,3.8358948
716,485,3.7213757
716,44,3.627254
716,1391,3.6236768
716,3113,3.609248
716,3438,3.5286536
716,737,2.8669438
5341,1247,4.236642
5341,3072,4.0122895
5341,1258,3.9585106
5341,1101,3.9132035
5341,3330,3.7651849
5341,3101,3.6117465
5341,2926,3.570497
5341,2014,3.43231
5341,2095,3.1750863
5341,3388,3.1128016
5341,1327,3.079185
1420,858,4.6892185
1420,50,4.5792994
1420,1213,4.5416307
1420,1254,4.502796
1420,608,4.451521
1420,2028,4.4082994
1420,3265,4.26083
1420,1175,4.2125907
1420,1719,4.208759
1420,555,4.1062546
1420,1265,4.030673
1420,3271,3.8669264
1420,3418,3.8214178
1420,3700,3.7676759
1420,2291,3.728457
1420,2916,3.695261
1420,3256,3.6820965
1420,480,3.527739
1420,3070,3.4934602
1420,1092,3.4184022
1420,2527,3.385785
1420,377,3.177421
1420,2478,3.1055672
1420,3016,2.983792
1420,2803,2.9386218
1420,1339,2.8765123
5602,1617,4.501437
5602,1307,4.3755064
5602,1,4.366876
5602,2396,4.334587
5602,1097,4.1812825
5602,2395,4.0921364
5602,780,3.165762
5602,3053,2.938719
3806,1961,3.7551308
3806,1333,3.6340954
3806,1907,3.5293913
3806,2003,3.308508
3806,2026,3.2042727
3806,3708,3.1402445
3806,532,3.1241963
3806,1604,3.1052852
3806,1330,2.9672024
3806,3663,2.6236236
3806,2462,2.6023421
3806,1979,2.3833866
3806,1993,2.3824167
270,2019,4.8475323
270,1198,4.6902604
270,110,4.4890733
270,924,4.466797
270,1222,4.390621
270,1931,4.380843
270,3062,4.319707
270,2791,4.2952824
270,2951,4.270685
270,3948,4.134803
270,3703,4.064273
270,3529,3.8607688
270,3174,3.8254094
1152,1258,3.8752851
1152,3471,3.8721323
1152,1274,3.709048
1152,3751,3.596714
1152,1419,3.5708904
1152,3159,3.5350068
1152,1183,3.4605436
1152,2443,3.2965517
1152,1380,2.6953044
1152,3752,2.508854
1152,2722,2.2955005
1152,2322,2.0043597
1152,3489,1.9972855
1152,1377,1.94732
1152,761,1.8898818
1152,3754,1.605431
1152,1867,1.2320126
1152,2383,1.1549904
4514,296,4.221033
4514,919,4.1700845
4514,1136,4.1509027
4514,556,3.9684181
4514,2997,3.9298873
4514,2706,3.7153783
4514,223,3.5678434
4514,2159,3.5388563
4514,3717,3.1017368
4514,2710,3.0098076
4514,3273,2.734225
4514,2713,2.2996516
4514,1995,2.2213733
4514,1979,2.111349
4514,12,2.009447
3857,3147,4.430963
3857,1784,4.234581
3857,1220,4.1336336
3857,372,3.3838122
3393,899,4.228551
3393,1945,4.1329355
3393,1276,4.1170073
3393,1197,4.0831127
3393,923,4.0639157
3393,1927,4.0442057
3393,1247,4.033628
3393,924,3.93502
3393,3578,3.9229
3393,3019,3.8698044
3393,920,3.8342512
3393,3545,3.827223
3393,1073,3.7938535
3393,1387,3.788872
3393,2067,3.7750921
3393,3037,3.7704425
3393,6,3.757867
3393,1179,3.6792214
3393,1374,3.6742713
3393,1035,3.6488936
3393,3702,3.6286502
3393,3358,3.4609776
3393,2427,3.4256036
3393,647,3.3913908
3393,1959,3.3307366
3393,3706,3.2525625
3393,3827,3.25073
3393,1967,3.2449174
3393,1805,3.2082748
3393,1689,3.1024823
3393,653,2.3699033
2579,318,4.684156
2579,1207,4.547041
2579,1084,4.267267
2579,1304,4.247196
2579,1394,4.231721
2579,994,4.223582
2579,3742,4.084654
4910,260,4.4631243
4910,1197,4.3368998
4910,2761,4.028827
4910,1220,3.9670112
4910,1356,3.686924
4910,592,3.6772528
4910,2605,3.383505
4134,1267,4.09023
4134,913,4.0766745
4134,954,4.0184383
4134,1953,3.7539456
4134,356,3.71076
4134,3350,3.6574197
4134,920,3.6471186
4134,1597,3.0568264
4134,3672,2.7437286
4134,3841,2.527075
4134,160,1.707406
4772,1224,4.335751
4772,1233,4.2975163
4772,910,4.2877016
4772,1272,4.285798
4772,928,4.2128215
4772,942,4.203601
4772,1927,4.201282
4772,950,4.158813
4772,457,4.129283
4772,1952,4.1263146
4772,902,3.949744
4772,3068,3.789858
5966,2762,3.8484712
5966,593,3.702153
5966,1266,3.2724514
5966,1089,3.2467155
5966,2997,3.201696
5966,1243,3.158408
5966,3108,3.0523486
5966,337,3.0304418
5966,1051,2.5454056
308,1208,4.2750854
308,1193,4.251231
308,903,4.1291394
308,2858,4.0636816
308,1704,4.0240884
308,1222,3.9115582
308,36,3.8958464
308,915,3.8947895
308,457,3.8908322
308,1214,3.8858566
308,1220,3.8394935
308,3360,3.8087885
308,1625,3.808745
308,3552,3.7682796
308,1079,3.7648666
308,2268,3.7488687
308,595,3.7362928
308,1073,3.7265458
308,3747,3.703551
308,2797,3.6609926
308,1517,3.6188242
308,3072,3.599553
308,3320,3.5327277
308,2291,3.474847
308,592,3.3856635
308,3512,3.3792157
308,2683,3.3039722
308,1608,3.2592006
308,1485,3.1996646
308,2916,3.1725101
308,3087,3.1716518
308,3614,3.114029
308,104,3.048467
308,367,2.9876473
308,2409,2.9297616
308,3249,2.9130697
308,107,2.87182
308,3755,2.7894416
308,216,2.7153206
308,423,2.5932832
308,3208,2.4341307
308,379,2.208839
308,445,2.1519854
308,891,1.8043447
308,737,1.3892404
1296,1721,4.002772
1296,2917,3.9925811
1296,62,3.8318455
1296,3129,3.8278441
1296,337,3.824463
2075,2433,3.0743544
2075,2683,2.8806794
2075,2369,2.263583
1820,1258,4.2930527
1820,1222,4.2463846
1820,47,4.215915
1820,1240,4.1394663
1820,2871,4.136513
1820,589,4.122798
1820,373,4.0776877
1820,1635,4.0554194
1820,3068,4.0258474
1820,3271,3.9952004
1820,16,3.9910133
1820,3175,3.989464
1820,1407,3.9486184
1820,474,3.94352
1820,2081,3.9260142
1820,2391,3.8950243
1820,1127,3.866856
1820,2353,3.8508635
1820,968,3.8408878
1820,2321,3.829441
1820,1916,3.806531
1820,1241,3.7622347
1820,266,3.657182
1820,2901,3.4566646
1820,2478,3.4274688
1820,3016,3.4245095
1820,2789,3.3696556
1820,1544,3.2161312
1820,2533,2.9443824
1820,2995,2.1858008
1820,2713,2.1789894
4341,1270,3.801385
4341,3751,3.5462396
4341,1693,3.4849582
3979,2300,4.450864
3979,2141,4.1358633
3979,2876,3.699097
3979,798,3.6652133
3979,2142,3.5456698
3979,2535,3.4955966
3979,2092,3.383275
2715,912,3.8424697
2715,1097,3.4055595
2715,3649,2.9798095
1267,1221,4.1424856
1267,1193,4.1283636
1267,1104,4.077102
1267,1228,3.9160252
1267,2132,3.8461924
1267,589,3.8124835
1267,1206,3.8076103
1267,920,3.8041775
1267,1947,3.7435699
1267,590,3.714198
1267,1035,3.698072
1267,1175,3.6929255
1267,3521,3.6092844
1267,1809,3.4876065
1267,1032,3.4326906
1267,952,3.3634892
1267,3703,3.2997289
1267,2704,3.1110935
1267,3247,2.92911
3761,2019,4.7689524
3761,720,4.7401853
3761,1214,4.3919067
3761,3265,4.365307
3761,2997,4.3299923
3761,1210,4.300047
3761,480,4.2594457
3761,1321,4.1437726
3761,3527,4.12826
3761,2857,4.099489
3761,1580,4.087286
3761,1653,3.9967923
3761,3770,3.898336
3761,1573,3.7651858
3761,3698,3.6570861
3470,1148,4.7386303
3470,1,4.4247026
3470,2355,4.13828
3470,1883,3.7122145
3470,2889,3.651375
3470,1513,3.3029315
3470,2723,3.2124538
3470,788,3.0235143
3470,2628,2.806257
3470,3752,2.702879
719,1148,4.2505054
719,1193,4.163518
719,356,3.7255316
355,2762,4.3663306
355,296,4.3261356
355,2858,4.3135624
355,2501,4.3132086
355,3897,4.2282486
355,2959,4.2064824
355,2997,4.0759926
355,2599,4.0341253
355,1271,3.9944735
355,1275,3.945431
355,1678,3.915392
355,3271,3.855002
355,1641,3.853534
355,1265,3.8181155
355,223,3.816653
355,1639,3.8104115
355,3100,3.8064764
355,3527,3.793667
355,69,3.782506
355,3159,3.746858
355,3255,3.7418401
355,2273,3.7114685
355,3793,3.7107859
355,353,3.6827006
355,785,3.6268687
355,3461,3.5930579
355,2541,3.4860802
355,3786,3.4670477
355,3744,3.4163399
355,1895,3.354383
355,3752,3.3144398
355,1544,3.3099337
355,2320,3.2472508
355,1483,3.2153683
355,27,3.1690874
355,2060,3.1536746
355,3316,3.1446862
355,637,2.925966
355,1590,2.8952997
355,3826,2.7011418
355,2389,2.6653116
5551,2203,3.9585319
5551,3469,3.950028
5551,1407,3.3925307
5551,707,2.8760116
5551,188,2.5237834
5222,720,4.028284
5222,953,3.9391274
5222,898,3.916183
5222,1235,3.7518897
5222,1253,3.7477195
5222,457,3.7279553
5222,2791,3.672822
5222,2355,3.3508687
5222,1028,3.349979
5222,1022,3.2995634
5222,2115,3.1887212
5222,440,3.1734552
5222,3412,2.9774303
5222,2985,2.8970268
5222,1129,2.816156
5222,2709,2.5987134
5222,2011,2.4716496
5222,239,1.9638164
5222,2411,1.9466095
5222,2082,1.7026095
5222,2701,1.2956179
1287,1213,4.6081095
1287,1203,4.5698276
1287,2324,4.564611
1287,1617,4.5067215
1287,306,4.419907
1287,1912,4.0688148
1287,3744,3.3262222
1287,3617,2.7491543
1159,260,4.1656766
1159,2571,3.9048104
1159,1200,3.8328686
1159,1240,3.7195148
1159,924,3.704902
1159,1206,3.6552231
1159,589,3.619938
1159,1356,3.2648451
1159,3702,2.8237085
1159,780,2.7543511
1159,587,2.7153254
1159,3535,2.5494728
1159,1371,2.4721334
1159,3354,1.8300056
1159,1831,1.444846
1159,1882,1.364593
1824,3114,4.1578407
1824,588,3.8785167
1824,94,3.8582451
1824,1682,3.7533784
1824,2706,3.7135403
1824,1639,3.6814818
1824,3418,3.6737661
1824,3100,3.5764058
1824,3555,3.5293298
1824,3753,3.5182908
1824,1895,3.2183738
1824,27,2.9501994
1824,2432,2.7587118
1824,3898,2.382257
1824,327,2.2301927
1824,1590,1.7841023
1824,2380,1.6383566
4734,858,4.834367
4734,913,4.608073
4734,608,4.524619
4734,1276,4.507056
4734,910,4.4683185
4734,2728,4.3154454
4734,3735,4.2803993
4734,3201,4.277866
4734,1270,4.181616
4734,3384,4.089111
4734,1127,3.9259517
4734,1144,3.8728268
4734,2454,3.86893
4734,2985,3.8157165
4734,2012,3.6571293
4734,24,3.44238
4734,1676,3.4413748
3609,3178,3.554485
3609,223,3.50213
3609,34,3.482162
3609,587,3.2880692
3609,1641,3.2094893
3609,500,3.1362224
3609,2353,3.0358694
3609,317,2.8925335
3609,586,2.7931223
3609,3489,2.6055977
3609,95,2.4853275
3609,2485,2.2960732
3609,3238,1.5411248
321,1198,4.362324
321,2858,4.171476
321,778,3.8494873
321,2333,3.663011
321,1967,3.5457366
321,1916,3.5006523
321,3081,3.4185948
321,3863,3.277347
321,3476,3.2582772
321,2617,3.0174885
321,3785,2.921548
321,2699,2.8791113
321,2,2.8320894
321,2094,2.8057263
321,2328,2.5857618
321,2126,2.5138826
321,153,2.4830594
321,1999,2.3541477
321,1831,2.3343918
321,2713,2.3254974
321,2279,2.2828078
321,160,1.8238404
321,1623,1.660109
493,2324,4.3803473
493,1834,3.9891334
493,16,3.9405375
493,1914,3.93218
493,1921,3.868908
493,39,3.8396263
493,2890,3.8049428
493,1184,3.7669504
493,2912,3.5948603
1853,1223,4.703843
1853,2324,4.667617
1853,1197,4.6438775
1853,2064,4.5518017
1853,1394,4.5136433
1853,955,4.4322996
1853,110,4.42596
1853,2018,4.230201
1853,3104,4.225227
1853,1845,4.1906123
1853,16,4.180361
1853,2700,4.157201
1853,2795,4.122139
1853,1297,4.072698
1853,2321,4.0588837
1853,2915,4.031415
1701,908,4.3723807
1701,1136,4.1764317
1701,2396,4.088359
1701,3114,4.07359
1701,47,4.0673513
1701,457,3.9804828
1701,914,3.953769
1701,3006,3.950609
1701,933,3.9502013
1701,3451,3.9187198
1701,3317,3.9031088
1701,2336,3.8902285
1701,1941,3.8325293
1701,595,3.8225157
1701,2352,3.79276
1701,2739,3.770726
1701,480,3.7432675
1701,1956,3.71945
1701,2872,3.6930647
1701,1061,3.6731482
1701,2125,3.6648433
1701,3068,3.653126
1701,14,3.6363196
1701,1693,3.6344044
1701,2355,3.6177003
1701,515,3.6007533
1701,2502,3.581975
1701,2628,3.5732098
1701,3358,3.5369706
1701,2622,3.5017478
1701,1544,3.3891354
1701,1093,3.38753
1701,329,3.366044
1701,3608,3.2918973
1701,468,3.2474213
1701,2881,3.221311
1701,1327,3.0455387
1701,1371,2.9087648
1701,2961,2.6965406
1701,3299,2.5218306
1701,3593,1.5915612
2632,1732,3.974013
2632,3386,3.894623
2632,164,3.8248177
2632,2640,3.7613506
2632,1645,3.7014327
2632,1589,3.6830993
2632,1689,3.5735426
2632,1711,3.5115266
5259,908,4.6613374
5259,3006,4.164974
5259,78,3.2062912
5259,360,1.046565
5508,902,3.9534624
5508,2716,3.9154873
5508,2826,3.8085222
5508,367,3.6377084
5508,2701,3.0981138
3777,969,4.221619
3777,1214,3.9549801
3777,2396,3.9360075
3777,1,3.9286313
3777,2366,3.6314688
3777,2100,3.2130902
3777,1569,2.9982157
3777,377,2.9973054
3631,1387,4.077238
3631,3527,3.5398662
3631,377,3.3976488
5369,50,4.2887073
5369,1198,4.229944
5369,923,4.075915
5369,1132,3.931301
5369,670,3.9173796
5369,1036,3.9109743
5369,1952,3.8700557
5369,1104,3.8667307
5369,3362,3.8293915
5369,556,3.7940388
5369,1674,3.7930217
5369,1963,3.7895825
5369,1259,3.774685
5369,2948,3.7523947
5369,2819,3.7289083
5369,1220,3.7280169
5369,3019,3.6898973
5369,34,3.678114
5369,2302,3.6728916
5369,3067,3.6495585
5369,1292,3.6398666
5369,2916,3.5542686
5369,3521,3.5330288
5369,2058,3.525208
5369,1580,3.5148335
5369,349,3.4666033
5369,1277,3.3425527
5369,2985,3.3359818
5369,3108,3.271631
5369,1573,3.239212
5369,2124,3.1970682
5369,494,3.1748338
5369,798,2.4046278
1913,2571,4.5258365
1913,919,4.4367685
1913,741,4.217355
1913,34,4.1401443
1913,594,4.0645227
1913,596,3.9132676
1913,2085,3.7837937
3902,1304,5.6049213
3902,480,5.4251623
3902,3740,5.1683574
3902,2881,5.151077
3902,3274,5.0090346
3902,1587,4.9183593
3902,10,4.892869
3902,736,4.8434734
3902,2457,4.7138762
3902,2613,4.6871014
3902,3440,4.3940315
1096,3481,3.899853
1096,1210,3.7089036
1096,3408,3.6942167
1096,3148,3.6866236
1096,3253,3.4135878
1096,2763,3.2216294
1096,2058,3.155953
1096,3618,3.1478102
1096,1042,3.132062
1096,2167,3.0974612
1096,1909,3.0619307
1096,2916,3.0345125
1096,3893,2.9208615
1096,1722,2.8918343
1096,2,2.7481241
1096,1377,2.6723158
1096,1015,2.312198
1096,2335,2.220986
1096,1746,1.9747888
1096,2052,1.706931
1096,637,1.6800605
1096,186,1.6505368
1096,743,1.6058224
1096,1456,1.4928833
1096,546,1.2971987
1096,840,1.2882792
1096,502,1.2457545
1096,2036,1.2248819
1463,260,4.5162187
1463,2959,4.1148787
1463,17,4.07952
1463,1580,3.937825
1463,509,3.8442383
1463,1183,3.8074112
1463,2011,3.7277622
1463,1777,3.7119784
1463,25,3.6982408
1463,2688,3.585215
1463,3259,3.5816505
1463,3699,3.575186
1463,329,3.5343847
1463,1690,3.4651144
1463,2643,2.5061593
1463,1556,2.101327
1834,943,4.3810425
1834,1997,4.323545
1834,2355,4.2218165
1834,2288,4.14542
1834,1552,4.087986
1834,3185,3.7821238
1491,318,4.407758
1491,912,4.369229
1491,593,4.083337
1491,3897,3.957821
1491,3481,3.852263
1491,1788,3.758232
1491,1641,3.6325586
1491,235,3.5782833
1491,2171,3.5760226
1491,25,3.4962778
1491,3526,3.4939532
1491,3105,3.4704027
1491,2112,3.2883453
1491,3910,3.2296913
1491,3948,3.088133
1491,2696,3.0315793
1491,2712,2.9123855
1491,2528,2.7359855
1491,70,2.5139985
1491,1508,2.3054323
1491,2012,2.1716602
1491,3243,1.3774898
3893,3747,2.8248007
3893,3787,2.7178638
3893,3745,2.538372
3893,3784,1.9622574
3893,3754,1.8432262
3893,3743,1.584427
3893,3593,1.2359776
1565,2359,3.9946134
1565,3108,3.742724
1565,367,3.4085393
4024,912,4.606944
4024,2762,4.5100017
4024,955,4.295655
4024,1200,4.2834363
4024,2333,3.9640145
4024,2502,3.9040656
4024,2114,3.7590656
4024,2987,3.7415762
4024,412,3.704114
4024,1441,3.5410264
4024,3649,3.360311
4024,3251,3.3313398
4024,3112,3.1895206
4024,1895,3.1860642
4024,2141,3.1720316
4024,3478,3.1610224
4024,2262,3.1379685
4024,2012,3.0990796
4024,616,3.0763187
4024,2440,3.052116
4024,674,3.0282722
4024,2699,2.81734
4024,344,2.7995553
4024,1917,2.716627
4024,410,2.7019267
4024,2504,2.4939022
4024,2491,2.3744278
4024,3715,1.5825737
5177,3147,3.876219
5177,1610,3.86923
5177,34,3.8200502
5177,3256,3.6577823
5177,1917,3.5284243
5177,21,3.4387066
5177,316,3.378699
5177,339,3.3670988
5177,786,3.2299867
5177,377,3.2246044
5177,1049,3.181407
5177,1382,2.9520307
1450,2858,4.0388727
1450,356,3.8029447
1450,3481,3.7880235
1450,589,3.5754979
1450,3868,3.433124
1450,104,3.146861
1450,1476,3.029071
1450,3247,2.578854
1450,3156,1.5545151
2039,858,4.2586966
2039,260,4.216108
2039,1207,4.195064
2039,1299,4.0844784
2039,2858,4.0299187
2039,1230,3.8798788
2039,3836,3.599943
2039,1954,3.549769
2039,480,3.4289205
2039,1100,2.3809001
2039,1388,2.1873899
776,1197,4.272847
776,910,4.2558694
776,2937,4.1542883
776,3114,4.1182194
776,955,4.0970287
776,1238,4.0328226
776,2761,4.0249186
776,1,3.9917157
776,1086,3.9861438
776,2791,3.9553137
776,3421,3.867725
776,2664,3.7245178
776,1042,3.647023
776,2150,3.6249652
776,785,3.4933453
776,3554,3.455896
776,2414,3.4068146
776,2136,3.2802901
776,2710,2.9845605
776,1911,2.3227422
4232,223,4.214058
4232,3176,3.8657365
4232,3081,3.8228214
4232,1059,3.7081554
4232,2013,3.5969968
4232,2916,3.4505818
3799,3396,4.241955
3799,1374,4.2111926
3799,3397,4.0749035
3799,1917,4.012698
3799,2046,3.915178
3799,185,3.8228712
3799,671,3.7872248
3799,2038,3.784255
3799,2413,3.7302933
2522,480,3.83182
2522,592,3.660088
2522,168,3.433403
2522,2421,3.2150588
2068,1036,4.3624315
2068,1674,4.2645197
2068,2640,3.8613424
2068,3685,3.85736
2068,2058,3.8245978
1097,318,4.3727317
1097,1784,3.9726985
1097,6,3.7757425
1097,345,3.7513103
1097,2115,3.7099237
1097,1580,3.6937943
1097,3255,3.6826463
1097,2890,3.671027
1097,10,3.6008775
1097,3418,3.5411723
1097,3450,3.4985476
1097,2353,3.4468794
1097,368,3.3838642
1097,785,3.3730652
1097,780,3.286295
1097,3173,3.281358
1097,3005,3.182934
1097,1597,3.086944
1097,1614,3.0629463
1097,1037,2.4927855
2924,2396,4.252333
2924,2355,4.101579
2924,3005,3.9340665
2924,3752,3.756176
2924,2694,3.6950793
2924,2723,3.5538554
3649,593,4.4988317
3649,1258,4.422875
3649,1242,4.4075556
3649,1090,4.344884
3649,1259,4.3272367
3649,902,4.1487174
3649,2946,4.062698
3649,3206,3.6123428
1992,2321,3.1620026
1992,1485,2.815194
1992,1580,2.7924993
1992,1569,2.7686949
1992,700,2.5977576
1992,3033,2.5159218
2271,1945,4.589207
2271,1256,4.5497174
2271,1233,4.528724
2271,1248,4.510646
2271,898,4.4646883
2271,3468,4.4541626
2271,951,4.3829165
2271,3035,4.3429255
2271,1,4.291317
2271,589,4.2840815
2271,1617,4.2612066
2271,1673,4.220655
2271,3578,4.1944685
2271,2921,4.1384826
2271,3448,4.0968585
2271,2872,4.0763235
2271,3175,4.06602
2271,333,4.025159
2271,3702,4.013795
2271,2359,4.0004454
2271,161,3.983111
2271,1777,3.9369237
2271,164,3.926355
2271,377,3.8732975
2271,104,3.8455317
2271,1542,3.7819238
2271,964,3.7542999
2271,2424,3.6942117
2271,3809,3.670518
2271,2539,3.6604369
2271,1552,3.638434
2271,586,3.5514822
780,1198,4.256595
780,1234,4.153
780,3000,3.9497113
780,3035,3.9248161
780,1947,3.8850741
780,2761,3.873999
780,1923,3.862764
780,47,3.8563874
780,1291,3.8347661
780,1265,3.8079119
780,1249,3.7981138
780,2565,3.7819648
780,1035,3.7792354
780,1079,3.7710996
780,1907,3.7529137
780,1028,3.73855
780,2941,3.7295463
780,1376,3.694279
780,1967,3.6862416
780,595,3.6557384
780,1682,3.6466718
780,588,3.624743
780,1286,3.6065502
780,1380,3.591308
780,555,3.5724406
780,2406,3.5702496
780,551,3.5643399
780,1552,3.5626664
780,2085,3.5541067
780,1396,3.5467858
780,1917,3.5299761
780,1268,3.51461
780,2291,3.4915633
780,2046,3.4786499
780,253,3.477187
780,3763,3.471227
780,1909,3.4504147
780,2617,3.421073
780,3928,3.415902
780,517,3.3964307
780,2141,3.3659868
780,2709,3.3640678
780,2759,3.3631434
780,3740,3.3319929
780,3269,3.317907
780,266,3.2917142
780,3452,3.2593067
780,1597,3.1713262
780,2269,3.111809
780,2386,2.5139613
780,1681,2.3361983
5213,1769,3.168745
5213,3016,3.128252
5213,2606,2.5899527
5692,2028,4.878334
5692,1197,4.7767653
5692,3578,4.445507
5692,3298,3.9560318
5692,1911,3.2742584
5692,2694,2.9773474
2258,3435,4.3020635
2258,1449,4.145344
2258,2396,4.069271
2258,2137,3.9203336
2258,3545,3.9161165
2258,3396,3.8387034
2258,2355,3.7928715
2258,595,3.7880323
2258,1057,3.705837
2258,339,3.58522
2258,2005,3.5788436
2258,539,3.5772667
2258,342,3.5762067
2258,1031,3.5258868
2258,1569,3.5091805
2258,353,3.4992685
2258,1597,3.4992447
2258,3081,3.4033785
2258,224,3.3722403
2258,799,3.3540258
2258,2135,3.3302372
2258,780,3.3288345
2258,236,3.2886486
2258,1801,3.1591425
2258,3759,3.1216807
2258,2043,3.103138
2258,207,3.0580173
2258,1676,2.9496527
2258,3826,2.900428
2258,2053,2.0735235
2258,546,1.661972
2445,2019,4.615405
2445,902,4.0583124
2445,3753,4.020096
2445,480,3.9710546
2445,2951,3.9385314
2445,2353,3.9122858
2445,1261,3.8469958
2445,380,3.8280475
2445,353,3.704887
2445,2273,3.6964655
2445,2990,3.657567
2445,2002,3.6425047
2445,1049,3.4953942
2445,3623,3.4722564
2445,1371,3.4290366
2445,2530,3.3896391
2445,434,3.2004552
2445,315,3.1917849
2445,798,3.1248121
2445,3113,3.1204276
2445,3764,2.9358692
2445,2196,2.903546
2445,2701,2.7596135
2445,3439,2.4852617
326,318,4.0429063
326,608,3.9296093
326,951,3.8920183
326,1254,3.8376021
326,1278,3.6404126
326,2398,3.6275883
326,3448,3.5765395
326,597,3.568099
326,2302,3.5678234
326,1952,3.5654154
326,1101,3.5489376
326,1682,3.5114853
326,2406,3.4780934
326,1949,3.4359746
326,3479,3.4319975
326,2983,3.4167285
326,1959,3.4114838
326,3471,3.4026477
326,1370,3.3777318
326,1286,3.3679729
326,2139,3.366063
326,2467,3.3597062
326,3703,3.3588834
326,3244,3.3327992
326,3634,3.3284738
326,2243,3.3266156
326,916,3.2508478
326,161,3.171179
326,3076,3.1309257
326,1948,3.0954933
326,3081,3.0948734
326,2539,3.0569253
326,2969,3.0506527
326,3543,3.050328
326,3546,3.0408752
326,2942,2.9829154
326,317,2.9324915
326,2020,2.87001
326,1135,2.8455698
326,2796,2.7677321
2534,3061,3.4702432
2534,2064,3.1150265
2534,2870,2.989492
2534,2169,1.6597625
4552,110,4.274742
4552,1206,4.2304063
4552,1610,4.166231
4552,3265,4.157959
4552,2763,3.8486876
4552,1721,3.7819862
4552,1909,3.7463303
4552,3358,3.7313185
4552,2232,3.5730124
4552,1917,3.3916373
4552,2699,3.0540712
4552,173,1.9352698
114,2137,4.0658903
114,2080,4.034594
114,596,4.024622
114,2081,4.016029
114,2087,3.993301
114,616,3.7499597
114,2354,2.6101127
114,2147,2.2992816
1561,318,4.615705
1561,3089,4.42813
1561,1104,4.1929073
1561,2599,4.09598
1561,213,4.0768833
1561,232,4.0285068
1561,480,3.9834578
1561,778,3.9166527
1561,229,3.7389042
1561,1088,3.6214173
1561,1747,3.564878
1561,3943,3.5062377
5917,750,4.6320834
5917,593,4.390723
5917,905,4.3773494
5917,1201,4.324154
5917,1036,4.2990074
5917,2948,4.218229
5917,1230,4.188431
5917,1214,4.180088
5917,2863,4.144862
5917,265,4.144695
5917,1292,4.1380577
5917,590,4.1094227
5917,3527,3.854288
5917,2916,3.836631
5917,342,3.8274164
5917,3608,3.8129253
5917,2005,3.7589273
5917,2001,3.7568097
5917,1722,3.7536614
5917,3524,3.7074497
5917,733,3.697226
5917,2054,3.4083436
5917,24,3.3346837
5917,558,3.1672177
1337,34,4.1342974
1337,1012,3.850224
1337,3034,3.8423905
1337,3398,3.6006699
1337,2059,3.5888119
1337,3926,3.3662877
1337,3615,3.2005632
410,1136,4.4832497
410,2028,4.33828
410,2599,4.1132345
410,1073,4.0691075
410,2302,4.0408177
410,218,3.6560345
410,372,3.4825804
334,953,4.2058544
334,17,4.058864
334,900,3.7942562
334,587,3.790217
334,2405,3.613326
334,105,3.5096955
334,3,3.279879
173,3089,4.625699
173,1136,4.495652
173,1132,4.459534
173,1196,4.416605
173,111,4.412506
173,1253,4.38988
173,924,4.3705883
173,2920,4.364117
173,2206,4.3593693
173,1361,4.34717
173,1200,4.346497
173,909,4.335039
173,3801,4.3097286
173,1,4.3066063
173,1226,4.296714
173,1394,4.290805
173,1235,4.2884965
173,3334,4.2799125
173,3265,4.269061
173,1041,4.262983
173,2064,4.2491155
173,1294,4.237652
173,1960,4.2172494
173,3508,4.2021995
173,2396,4.198983
173,914,4.180871
173,1946,4.1615925
173,2947,4.1436806
173,1227,4.1367483
173,2908,4.125393
173,940,4.119765
173,2919,4.0688195
173,3168,4.0657177
173,1069,4.0645494
173,3543,4.010771
173,2109,4.005064
173,1305,3.9903257
173,290,3.96418
173,1913,3.941542
173,1035,3.9185843
173,1748,3.9119353
173,2580,3.9077702
173,1050,3.9026022
173,2948,3.8869727
173,549,3.8845232
173,1085,3.812025
173,3682,3.797625
173,2512,3.7854033
173,2708,3.7640224
173,428,3.749716
173,3910,3.7404091
173,970,3.7056386
173,2278,3.6728551
173,3329,3.6592476
173,3855,3.6346579
173,3726,3.5750573
173,3794,3.5450113
173,2245,3.4491599
173,2645,3.3847485
173,2915,3.3818817
173,2433,3.3502262
173,3699,3.155178
173,3016,2.9698467
173,2864,2.4206743
5520,1199,4.3961067
5520,1304,4.3871813
5520,3505,4.1111774
5520,165,4.059491
5520,2353,4.0440187
5520,52,3.9629316
5520,1029,3.9208868
5520,2916,3.8783846
5520,2278,3.8267288
5520,2393,3.8243985
5520,2770,3.7415223
5520,2699,3.2683616
4204,2329,4.755888
4204,1090,4.700094
4204,1253,4.6835375
4204,1213,4.674258
4204,3421,4.6143436
4204,3114,4.5871544
4204,1287,4.5769753
4204,2664,4.463803
4204,2871,4.441457
4204,2000,4.3981147
4204,555,4.2960215
4204,2916,4.185733
4204,1912,4.167622
4204,2001,4.1479874
4204,2527,4.097745
4204,2100,3.9965217
4204,736,3.9724534
4204,2520,3.8884187
4204,3614,3.8063543
4204,2724,3.666333
5752,2762,4.217762
5752,1221,4.1313124
5752,903,4.058383
5752,1939,4.0464783
5752,1293,4.042056
5752,3196,3.9921885
5752,111,3.8500967
5752,1845,3.7257323
5752,11,3.6883872
5752,1280,3.6793785
5752,306,3.646621
5752,3253,3.5020576
5752,25,3.4314964
5752,39,3.3794398
5752,639,2.537132
3352,1258,3.9952152
3352,2160,3.8572917
3352,1348,3.8571532
3352,2901,3.4715066
3352,1347,3.4581633
3352,3351,3.3567336
3352,3627,3.2516823
3352,2428,3.208828
3352,3847,2.9736028
3406,2918,4.2577114
3406,1674,4.143461
3406,1962,3.983201
3406,3863,3.6408145
2609,3147,4.683204
2609,47,4.6590214
2609,2997,4.498172
2609,162,4.4660873
2609,515,4.3389235
2609,247,4.3376226
2609,2967,4.288123
2609,3546,4.2613044
2609,194,4.244075
2609,3260,4.2385435
2609,3461,4.213481
2609,21,4.1380377
2609,2180,4.0716696
2609,997,3.9351873
2609,2976,3.8740027
2609,2873,3.7767239
2609,2505,3.7345366
2609,559,3.1975324
102,2935,3.7621305
102,2908,3.5823908
102,2398,3.4689462
102,1266,3.4045496
102,1179,3.3473885
102,3793,3.142476
102,2502,3.1224186
102,2926,3.0260727
102,3755,2.909212
102,3786,2.8945236
102,3745,2.7038748
102,2541,2.6377199
102,2369,2.3940346
3770,3088,4.4965973
3770,1304,4.4525933
3770,1537,4.3990088
3770,1,4.368779
3770,3671,4.3266664
3770,2863,4.2761965
3770,2087,4.1853256
3770,2321,4.0268993
3770,1564,3.97822
3770,440,3.9682343
3770,3516,3.9167976
3770,1554,3.868212
3770,222,3.7806797
3770,266,3.7392306
3770,3479,3.5556488
3770,353,3.5494785
3770,2671,3.5426593
3770,3087,3.444047
3770,380,3.4244628
3770,2657,3.387533
3770,2628,2.7188642
3770,2491,2.146619
3770,885,1.7507489
5340,1358,4.105568
5340,293,3.9302688
5340,440,3.8700483
5340,3148,3.8365464
5340,2336,3.762472
5340,3552,3.742856
5340,1057,3.6131904
5340,3543,3.5528145
5340,1357,3.5332556
5340,1865,3.4499724
5340,211,3.4096913
5340,1733,3.3329248
5340,764,3.2328353
5340,248,3.219901
5340,2331,3.133323
2630,2762,4.561818
2630,3578,4.2153006
2630,1127,3.81466
2630,2433,3.6367023
2630,3274,3.0687852
2630,2906,2.1312828
2428,1193,4.113889
2428,955,3.848476
2428,2937,3.7844036
2428,1259,3.7739677
2428,2300,3.7267914
2428,3341,3.7142875
2428,2936,3.6741595
2428,597,3.645633
2428,2150,3.5295403
2428,1014,3.277843
5449,2115,4.3425817
5449,1527,4.266472
5449,2690,4.2310863
5449,2395,4.20471
5449,780,4.1946416
5449,3408,4.178669
5449,3635,4.0848002
5449,2707,4.064221
5449,2105,3.8781297
3350,1148,4.9279337
3350,2997,4.5398064
3350,1923,4.334427
2851,357,3.809766
2851,2707,3.6294715
2851,2541,3.2135787
2851,2712,2.960838
2851,2581,2.9515285
2851,3453,2.3320794
3065,1148,4.5484343
3065,50,4.541068
3065,2571,4.4814496
3065,2692,4.331945
3065,110,4.262468
3065,2959,4.105625
3065,162,4.048724
3065,595,4.0403733
3065,480,4.0226927
3065,180,3.9652038
3065,3105,3.953958
3065,1302,3.9488587
3065,1022,3.9228518
3065,1584,3.875389
3065,3536,3.8577166
3065,3052,3.823696
3065,147,3.7151158
3065,163,3.7075438
3065,3267,3.6834264
3065,224,3.6008987
3065,1441,3.5684402
3065,381,3.5683002
3065,236,3.518921
3065,3896,3.4648447
3065,3566,3.4323268
3065,489,3.1832352
3065,432,3.0885541
5400,1340,4.1807747
5400,2890,4.0117636
5400,1829,3.6430688
5400,3354,3.4600189
5400,484,3.338142
2678,969,4.3770285
2678,1264,4.0714197
2678,2716,3.9105396
2678,1374,3.8582804
2678,1994,3.8139439
2678,3702,3.6651692
2678,3917,3.2873118
2894,1036,4.5052776
2894,3267,4.123312
2894,3703,4.0536013
2894,3744,3.993576
2894,3635,3.902265
2894,3300,3.8997135
2894,329,3.8723302
2894,3729,3.8407705
2894,1377,3.7020695
2894,2421,3.5360234
2894,3876,3.323585
4708,1197,4.674264
4708,1247,4.6679506
4708,3421,4.3358927
4708,3363,4.3216047
4708,1240,4.301564
4708,3060,4.26529
4708,1285,4.1875725
4708,1594,4.1822844
4708,2529,4.1392813
4708,549,4.117171
4708,3682,4.0800133
4708,471,4.050471
4708,3418,4.0487695
4708,1120,3.9907691
4708,2640,3.9255888
4708,1393,3.9164524
4708,1962,3.86439
4708,3032,3.7735715
4708,480,3.6803303
4708,2991,3.661344
4708,1194,3.6560068
4708,1587,3.5623636
4708,1017,3.5173972
4708,3055,3.4886441
4708,1290,3.433311
4708,616,3.3378267
4708,2990,2.999546
4708,303,2.6588006
4708,3707,2.6284
4708,2642,1.7657161
4708,2421,1.6703773
4708,1439,1.3166091
4708,2498,1.1280277
667,1387,3.97009
667,589,3.8873866
667,3499,3.6740403
667,1350,3.6635895
667,2118,3.5015907
667,1544,3.392717
667,2826,3.3116856
667,1347,3.2710328
667,2657,2.9729753
667,1330,2.882354
667,196,2.6915023
667,3004,2.689816
667,3826,2.5978062
667,3563,2.4027438
667,2188,2.3450866
667,2465,2.2014484
667,1977,2.1065235
667,1389,1.8429666
2623,1193,4.643297
2623,1784,4.187335
2623,830,3.8552866
2623,216,3.8062305
2623,2492,3.7989397
2623,2581,3.7240553
2623,788,3.6114554
1717,908,4.8694463
1717,2028,4.8292747
1717,904,4.8238287
1717,1212,4.720922
1717,556,4.600055
1717,527,4.5900354
1717,3462,4.5481095
1717,1206,4.5403256
1717,1172,4.4932427
1717,1080,4.4917746
1717,1394,4.445425
1717,1960,4.439331
1717,2010,4.4305067
1717,1281,4.428425
1717,2303,4.3470716
1717,3552,4.287043
1717,162,4.2864313
1717,3067,4.2861733
1717,2791,4.278023
1717,334,4.255762
1717,3052,4.2061462
1717,3932,4.1691303
1717,3783,4.1661224
1717,3175,4.143896
1717,3105,4.123061
1717,549,4.0453057
1717,1297,4.019229
1717,2938,3.8701813
1717,2384,3.5868824
1717,3702,3.537375
1717,3701,3.1595125
1717,1917,2.6913085
1717,2365,2.3461573
1717,1483,2.321216
1717,1544,2.1003304
1717,1534,1.9643757
1717,2504,1.9264848
1717,1590,1.7424954
4648,2628,3.7805119
4648,2770,3.6435595
3899,2336,4.205551
3899,2908,4.159745
3899,2318,4.1092024
3899,1257,4.0888977
3899,1127,3.6706905
3899,2598,3.0042284
4279,858,4.4814262
4279,1221,4.3772326
4279,162,4.1534443
4279,1200,4.0867214
4279,1220,3.9832683
4279,3067,3.9777372
4279,3499,3.9613714
4279,2662,3.9393282
4279,562,3.8771555
4279,349,3.8596077
4279,1885,3.8337207
4279,441,3.8310957
4279,1321,3.8269753
4279,205,3.8046236
4279,2700,3.7707286
4279,188,3.7682796
4279,968,3.762176
4279,1297,3.7247934
4279,253,3.649174
4279,3267,3.6469808
4279,2025,3.6368248
4279,1372,3.623801
4279,2476,3.6151288
4279,198,3.6124618
4279,1573,3.6095119
4279,3550,3.6029942
4279,2990,3.5774279
4279,1378,3.5673327
4279,3807,3.5652633
4279,2527,3.5510585
4279,2784,3.5497086
4279,2641,3.4874845
4279,1128,3.433734
4279,736,3.407511
4279,2003,3.3657355
4279,1332,3.3589952
4279,303,3.338159
4279,2901,3.33213
4279,735,3.282604
4279,1833,3.2617745
4279,1866,3.2251148
4279,2900,3.1988754
4279,2710,3.1926832
4279,2126,3.164028
4279,273,3.1429515
4279,1009,3.1047218
4279,1690,3.1009254
4279,1676,3.085114
4279,1591,3.016245
4279,2517,2.9838583
4279,3841,2.9564152
4279,3638,2.9441814
4279,2986,2.8122227
4279,3431,2.7366965
4279,742,2.4696093
4279,2279,2.4690313
4279,1744,2.3167372
4279,173,2.0972826
4279,1998,1.981149
4279,2642,1.9580162
1114,912,4.214351
1114,1265,3.8670344
1114,1643,3.8475642
1114,480,3.8121128
1114,3793,3.7349567
1114,357,3.702658
1114,222,3.6407704
1114,802,3.5967002
1114,2485,3.0624552
880,3435,4.991135
880,3114,4.764724
880,1230,4.74149
880,3546,4.3498077
880,2700,4.3367624
880,1748,4.275998
880,799,3.6573162
880,2617,3.59625
880,2710,3.5376396
880,3863,3.4018455
880,788,3.3473015
880,724,3.1932206
880,316,3.1636379
880,1603,2.914866
880,366,2.71926
880,2986,2.136575
880,2053,1.4636307
2188,2571,3.818877
2188,608,3.8026981
2188,2599,3.5883198
2188,2398,3.5535522
2188,3408,3.5186336
2188,235,3.4560816
2188,1784,3.4061275
2188,2596,3.3159153
2188,2801,3.2754457
2188,223,3.2659402
2188,1517,3.2367775
2188,1777,3.206488
2188,1464,3.178614
2188,2134,3.1746845
2188,2678,3.1397328
2188,781,3.1191628
2188,2046,3.1140819
2188,2628,3.062005
2188,1405,2.9090536
2188,550,2.7788682
2188,1627,2.720567
2188,2007,2.7074099
2188,1919,2.6713557
2188,2012,2.6600394
2188,3264,2.567744
2188,2119,1.9857898
2188,1388,1.960367
2188,160,1.8025694
2188,179,1.7938375
2188,3268,1.3539311
299,2028,4.6236258
299,541,4.4809313
299,1189,4.4279766
299,246,4.363614
299,1041,4.3287373
299,1282,4.1944666
299,223,4.1080275
299,2585,4.102048
299,2355,4.0043097
299,2704,3.4691393
299,105,3.2289333
2341,1784,3.6701918
2341,2791,3.514325
2341,3175,3.4379673
2341,1580,3.4120324
2341,3408,3.315889
2341,3871,3.288795
2341,3160,3.2307012
2341,2454,3.2012448
2341,2950,2.8028097
2659,1252,4.718407
2659,1256,4.5902414
2659,951,4.537917
2659,2935,4.5149426
2659,2028,4.504779
2659,916,4.4726357
2659,1269,4.453245
2659,2917,4.32815
2659,1292,4.3098783
2659,1674,4.3064556
2659,3507,4.2836895
2659,1953,4.269898
2659,1784,4.0173006
963,953,4.1638384
963,1197,4.119385
963,3578,4.021078
963,1147,4.0194244
963,110,4.0033555
963,3147,3.9840126
963,2997,3.862754
963,1246,3.8306224
963,1394,3.8269196
963,3317,3.789184
963,1270,3.667964
963,3044,3.6245832
963,3060,3.6231685
963,1215,3.6015654
963,3702,3.591645
963,3104,3.5716543
963,141,3.5254142
963,2987,3.5182974
963,2690,3.4999037
963,3386,3.4575105
963,1484,3.4486618
963,2282,3.4132862
963,1306,3.363733
963,3298,3.3278475
963,3070,3.231682
963,500,3.127729
963,3274,3.0966403
963,2883,3.0390615
963,1883,3.0370643
963,1689,2.991669
963,350,2.984151
963,231,2.9624074
963,3755,2.9412012
963,707,2.8900578
963,3262,2.876885
963,2641,2.6705616
963,95,2.3984168
963,3697,2.3773227
963,2900,2.1985748
1555,2804,4.541464
1555,924,4.512951
1555,1307,4.49812
1555,1235,4.4937277
1555,1674,4.4770756
1555,1035,4.406266
1555,3039,4.2632575
1555,2369,3.62572
5988,2762,3.8792155
5988,110,3.6935449
5988,3481,3.6121721
5988,36,3.541093
5988,32,3.4251678
5988,1079,3.2105632
5988,3255,3.0739067
5988,1747,3.0388145
5988,1611,2.7781014
5988,1713,2.469824
5988,292,2.2772212
4208,930,4.402934
4208,945,4.2535768
4208,1277,3.9154296
4208,2108,3.761235
1054,1198,4.797962
1054,1223,4.6000443
1054,3114,4.5654655
1054,2012,4.358186
1054,317,4.1833773
1054,586,4.1063414
1054,786,4.0719094
1054,2042,3.8801396
1054,881,3.7584548
1054,1882,3.5425375
1054,2354,3.3744564
1054,181,2.7295623
2966,2396,4.512859
2966,3147,4.483674
2966,1095,4.3960295
2966,3783,4.3460073
2966,1954,4.307371
2966,3448,4.3062515
2966,3060,4.270292
2966,222,4.183075
2966,733,4.162652
2966,3512,4.1418495
2966,317,4.0611033
2966,10,3.8520448
2966,351,3.8342848
2966,105,3.8202095
2966,3263,3.777078
2966,1920,3.43088
1870,1,4.1228557
1870,3527,3.8943386
1870,3361,3.8496022
1870,2671,3.8042202
1870,2353,3.7417269
1870,3763,3.7160077
1870,2001,3.6919625
1870,2915,3.6892855
1870,1544,3.465691
1870,2978,3.1776745
584,260,4.7258863
584,110,4.4773097
5184,50,5.004144
5184,3683,4.8364196
5184,1649,4.5270786
5184,3006,4.4954643
5184,2391,4.4923363
5184,1354,4.4858055
5184,3539,4.446217
5184,3747,4.4369364
5184,3317,4.4331183
5184,235,4.429429
5184,2611,4.415354
5184,2693,4.372326
5184,471,4.332734
5184,2952,4.305552
5184,3812,4.2666283
5184,2355,4.2267017
5184,1845,4.21146
5184,1966,4.206975
5184,1466,4.1262374
5184,2841,4.0125704
5184,3760,3.9802341
5184,99,3.8986502
5184,2746,3.8268237
5184,3501,3.7544546
5184,3510,3.7510533
5184,3618,3.6631882
5184,2413,3.5151181
5184,3755,3.4493394
5184,3948,3.3361676
5184,3753,3.2812424
5184,3537,3.2182074
5184,3708,2.81278
5184,3825,2.1766615
5184,3715,1.7411383
5184,3616,1.6073563
5184,3716,1.3154926
3647,3629,4.1382523
3647,920,3.921574
3647,1210,3.843936
3647,3624,3.4433706
3647,3404,2.7553668
2825,1204,4.681836
2825,926,4.4753985
2825,1224,4.4600177
2825,2064,4.193779
2825,2020,4.0627184
2825,2972,4.0385
2825,215,3.9717057
2825,3948,3.9532666
2825,1396,3.915822
2825,3266,3.9118817
2825,1094,3.9081533
2825,1916,3.8125808
2825,1660,3.684743
2825,802,3.679444
2825,3174,3.644906
2825,2024,3.591029
2825,159,3.5397105
2825,832,3.538228
2825,2702,3.328296
2825,2875,3.2855968
2825,2688,3.2374616
2825,2540,3.1490088
1729,858,4.151362
1729,3481,3.7044644
1729,3498,3.514354
1729,3793,3.429498
1729,3914,3.10316
1729,3893,2.8608189
2390,838,4.3444963
2390,11,4.305793
2390,2671,4.1934805
2390,3948,4.1911697
2390,3512,4.118518
2390,357,4.10258
2390,3466,4.046169
2390,3553,3.6265779
2390,2961,3.6173272
2390,2724,3.5779533
3342,2336,3.8198564
3342,24,3.5675359
3342,3081,3.5163302
3342,2722,3.2562466
3342,2723,3.216296
3342,2806,3.1417813
3342,1911,3.1146393
3342,2710,2.9844284
3503,912,4.7628183
3503,1198,4.7024045
3503,1272,4.609907
3503,2396,4.529044
3503,1287,4.4872904
3503,1307,4.479932
3503,1251,4.4651957
3503,356,4.4321976
3503,1952,4.4243474
3503,2160,4.376107
3503,971,4.368487
3503,2268,4.3604765
3503,2947,4.2884073
3503,1249,4.28619
3503,3175,4.279681
3503,373,4.2266736
3503,3448,4.223825
3503,1994,4.221622
3503,1967,4.173547
3503,2076,4.131258
3503,2115,4.127137
3503,2763,4.1153035
3503,2915,4.062538
3503,3256,4.0492096
3503,3398,4.0397954
3503,2174,4.039721
3503,3412,4.0290565
3503,2579,4.0124598
3503,3267,3.9936357
3503,377,3.9543273
3503,3763,3.9003606
3503,2263,3.8572013
3503,3886,3.8317344
3503,2179,3.8049643
3503,2875,3.7628722
3503,3617,3.667539
3503,1488,3.520199
3503,2792,3.4873807
3503,208,3.399808
3503,2413,3.2062566
3503,325,2.9689116
3503,1381,2.9603264
5730,1197,3.5542119
5730,1265,3.4000106
5730,2194,3.3472543
5730,1580,3.074502
5730,1794,3.0050635
5730,2541,2.8770142
5730,348,2.7929215
5730,2699,2.5652063
5730,2900,2.4673603
1648,1276,3.8449516
1648,1617,3.8078845
1648,3089,3.7991233
1648,1219,3.726643
1648,3114,3.6522722
1648,2132,3.64261
1648,2067,3.6382663
1648,293,3.5767007
1648,2779,3.2682414
1648,2406,3.1694653
1648,2916,3.133185
1648,2058,3.1219401
1648,2141,3.0563889
1648,3262,2.9179153
1648,3740,2.8763733
4812,1221,4.2823677
4812,2726,3.992601
4812,3104,3.7871833
4812,1500,3.781116
4812,2312,3.74887
4812,1846,3.0750945
4812,2002,3.042214
4812,367,2.919176
4812,170,2.8594637
4812,3717,2.6058125
5524,2396,4.3056107
5524,356,4.170168
5524,914,4.128962
5524,3548,4.0756955
5524,2096,3.920352
5524,2015,3.6979995
5524,1042,3.5893383
5524,1016,3.5597682
5524,1588,3.5368357
5524,1135,3.482762
5524,1436,3.4514358
5524,1018,3.3912926
3714,3654,3.4803061
3714,356,3.4510937
3714,3869,2.2926764
3714,3394,1.9140757
2259,1213,4.886579
2259,1104,4.8765655
2259,1949,4.8559136
2259,306,4.8541155
2259,1197,4.8280525
2259,1394,4.7626963
2259,1089,4.749756
2259,1077,4.7170663
2259,3037,4.635594
2259,2070,4.5986795
2259,3168,4.5696383
2259,3098,4.5163584
2259,1150,4.4927945
2259,2944,4.4722834
2259,515,4.4440703
2259,1913,4.438095
2259,3920,4.4115086
2259,1959,4.3845487
2259,2000,4.3501177
2259,3128,4.0473533
2259,661,4.009183
2259,2369,3.2766364
5726,1250,4.4359274
5726,2670,4.0687747
5726,34,3.9641864
5726,2669,3.8216178
5726,2352,3.711998
5726,3107,3.6899016
5726,2816,2.9118826
4120,2918,3.804346
4120,1663,3.6360192
4120,1968,3.348209
4120,2797,3.253129
4120,2136,2.9149027
5061,2762,4.614982
5061,1223,4.6077294
5061,1206,4.5054884
5061,1,4.34548
5061,345,4.1962533
5061,2096,4.130762
5061,1210,4.0253353
5061,2857,3.9261122
5061,1485,3.8721523
5061,2770,3.797718
5061,317,3.7936978
5061,367,3.7641807
5061,543,3.6877432
5061,852,3.2264676
5061,157,3.2055573
5061,2628,2.7331288
5061,305,2.6043372
5061,1772,1.8347216
5033,913,4.673477
5033,2206,4.4615293
5033,3097,4.3938875
5033,1035,4.2216663
763,1036,4.0516844
763,1721,3.937418
763,2997,3.9359455
763,3863,3.4304593
4606,3114,3.7498968
4606,1721,3.7317138
4606,2355,3.7124977
4606,3753,3.661367
4606,7,3.425862
4606,2581,3.412438
4606,3157,3.3422291
4606,1569,3.311873
4606,2059,3.2672539
4606,2506,3.2620924
4606,2485,3.2303147
4606,2961,3.1910448
4606,27,3.1197634
4606,169,2.6535747
3972,1198,4.4598904
3972,2858,4.19298
3972,2861,3.6107287
3972,3285,3.1249502
1500,1136,4.738741
1500,1278,4.7118015
1500,2797,4.3572974
1500,3147,4.339162
1500,2174,3.9939287
1500,3948,3.9601464
1500,3052,3.8860734
1500,2706,3.6124165
1500,3755,3.4966717
1500,2942,2.6742604
4286,904,4.5066485
4286,1207,4.3839006
4286,1276,4.3409014
4286,1263,4.0844793
4286,1303,3.9838593
4286,3504,3.9732308
4286,3654,3.8655186
4286,3819,3.7784197
4286,272,3.6845748
4286,3302,3.5364883
4286,2746,3.4954662
4286,2290,3.3242774
4286,3649,3.3164
4286,2420,3.1689029
4286,1024,3.1120982
4286,2653,3.056132
4286,3752,2.977285
4286,835,2.896783
4286,3754,1.7697566
2503,1674,3.145386
2503,3552,2.9691534
2503,1033,2.9044979
2503,592,2.8545823
2503,2407,2.8405185
2503,2795,2.826582
2503,2064,2.7649026
2503,3550,2.7338493
2503,3844,2.7281837
2503,2968,2.7219512
2503,3690,2.479019
832,1961,4.191472
832,3421,4.184616
832,1784,4.0626116
832,1517,4.0372214
832,125,3.953919
832,1500,3.8862848
832,1885,3.8829477
832,471,3.8585205
832,2301,3.8191345
832,3052,3.753861
832,2423,3.6498191
832,339,3.5846624
832,2622,3.4956446
832,107,3.2585807
832,2133,3.2456331
832,410,2.5674057
832,637,1.8491923
832,2552,1.3531528
3481,2028,4.2389755
3481,1219,4.1509748
3481,293,4.091416
3481,1997,3.9993124
3481,1222,3.949769
3481,1175,3.8600476
3481,247,3.830356
3481,2395,3.5759208
3481,2174,3.5452418
3481,1747,3.185235
800,914,4.1450186
800,919,4.03464
800,2804,4.0045595
800,1253,3.9655652
800,2010,3.9039023
800,3471,3.8990896
800,3104,3.8613353
800,2018,3.743126
800,3461,3.693369
800,3499,3.6789572
800,2863,3.6305003
800,2527,3.6289036
800,3668,3.589794
800,262,3.5556686
800,1375,3.490377
800,367,3.482943
800,2014,3.407524
800,107,3.3838773
800,1367,3.3593044
800,2782,3.337628
800,2530,3.2981496
800,2667,3.2670946
800,2485,3.2583935
800,1373,3.2375362
800,2375,3.2317314
800,3450,3.1306498
800,2094,3.0655074
800,153,2.9228399
800,174,2.909133
800,1562,2.7866592
800,427,2.714893
800,312,2.6758857
4351,541,4.509928
4351,1274,4.2592144
4351,380,4.183738
4351,1220,4.1764
4351,2140,4.113037
4351,3527,4.0969357
4351,2011,4.0493116
4351,2001,3.9321992
4351,2490,3.9318252
4351,2278,3.853884
4351,2273,3.8533168
4351,1552,3.826129
4351,329,3.7097738
4351,1918,3.695139
4351,3704,3.5636158
4351,1676,3.271946
4351,1377,3.1006317
4351,3285,3.0841343
4351,1373,3.010899
2752,593,4.1148825
2752,994,3.9226336
2752,2859,3.890491
2752,101,3.8504505
2752,2599,3.7773762
2752,1302,3.7417817
2752,3210,3.7033644
2752,1095,3.6938787
2752,2890,3.688724
2752,314,3.6799934
2752,3552,3.6709657
2752,2467,3.6665816
2752,3361,3.6067433
2752,1285,3.5742002
2752,1094,3.5198736
2752,1171,3.517052
2752,1414,3.505733
2752,1321,3.3232
2752,2174,3.3146255
2752,661,3.2837255
2752,1127,3.2743394
2752,2022,3.2565544
2752,592,3.2227516
2752,3169,3.204598
2752,1407,3.1275446
2752,2407,3.1113572
2752,39,3.079446
2752,482,3.0558786
2752,2145,3.0396628
2752,417,3.017076
2752,2001,2.9906814
2752,2753,2.9515786
2752,2370,2.9507675
2752,3478,2.828203
2752,1347,2.6151779
2752,3501,2.6148953
2752,3707,2.4801338
2752,3441,2.4228334
2752,2148,1.8825307
3749,3359,4.5658817
3749,357,4.2390323
3749,3256,3.8761177
3749,39,3.8536396
3749,1884,3.7932982
3749,2124,3.0925596
3749,1569,2.853819
3749,1917,2.625376
401,1246,4.4400015
401,1589,3.8575616
401,2683,3.8322706
401,2294,3.8047707
401,122,3.3775227
401,3173,3.3762507
931,1178,4.4313874
931,899,4.43036
931,1197,4.2457356
931,3462,4.2337365
931,924,4.163761
931,1387,4.074932
931,2248,4.0363207
931,2940,3.9619968
931,199,3.8364167
931,3739,3.8081343
931,2857,3.6889343
931,2291,3.6451616
3759,1,4.4913635
3759,1294,4.485906
3759,1080,4.4634466
3759,3298,4.025508
3759,2718,3.9510565
3759,3608,3.930187
3759,2111,3.7070847
3759,852,3.6999393
2991,2019,4.453019
2991,1207,4.3782268
2991,1221,4.349109
2991,1213,4.2027707
2991,1537,4.050825
2991,1179,3.4641812
4989,50,4.536126
4989,908,4.4649754
4989,1704,4.2065268
4989,3341,4.017168
4989,3060,3.7766888
4989,222,3.6017509
4989,3529,3.5563302
4989,1413,3.5234957
4989,2361,3.2271595
5252,858,4.5766225
5252,904,4.5482345
5252,1193,4.480132
5252,1213,4.402501
5252,1247,4.3625975
5252,541,4.3385425
5252,593,4.316496
5252,3730,4.294424
5252,919,4.277457
5252,1228,4.2694597
5252,556,4.1865664
5252,1952,4.1852036
5252,2712,3.0490875
1212,3897,4.452185
1212,1089,4.376429
1212,866,3.980046
1212,2605,3.6096716
1212,1717,3.586262
1212,426,3.4830337
1212,70,3.4093723
1212,1632,2.8016794
546,908,4.554419
546,1949,4.469243
546,246,4.3395987
546,3114,4.2771306
546,1249,4.1641264
546,2693,3.9232166
546,2078,3.8662276
546,2502,3.8120985
546,1966,3.7886238
546,3604,3.7434702
546,2291,3.7213101
546,342,3.7179446
546,3108,3.7122276
546,3253,3.6259048
546,3261,3.5429204
546,2657,3.3866355
546,1042,3.3263726
546,2718,3.0913658
546,1020,2.7819347
546,788,2.5118246
546,2589,2.336463
546,804,2.2873602
546,552,2.1350813
546,1821,2.0827827
546,3922,1.3945824
546,3931,1.1323456
2745,912,4.6573515
2745,2248,4.2364626
2745,3668,4.133262
2745,920,4.1322184
2745,11,3.9967487
2745,2125,3.9633849
2745,349,3.905651
2745,597,3.8356848
2745,342,3.83374
2745,2058,3.805547
2745,3524,3.777316
2745,451,3.625594
2745,1586,3.5074801
2745,140,3.4586706
2745,2942,3.454916
2745,1876,3.394641
2745,427,2.7940536
939,1221,4.2897277
939,2329,4.1595073
939,1230,4.104923
939,3897,4.099517
939,1258,3.9849644
939,1249,3.9791646
939,1240,3.8932238
939,3152,3.8587568
939,1220,3.7714486
939,3948,3.7248185
939,1965,3.508481
939,3812,3.3291156
939,3795,3.2134948
939,3126,3.2105055
939,3608,3.1325226
939,1544,3.0446396
939,3615,2.921024
939,3535,2.884205
2411,2028,4.3121395
2411,1196,4.251101
2411,2336,3.9936504
2411,1270,3.983653
2411,1387,3.9487538
2411,3061,3.922336
2411,3037,3.8994317
2411,3072,3.819353
2411,2108,3.799989
2411,1732,3.7803316
2411,2529,3.7644582
2411,1517,3.7429476
2411,471,3.6678069
2411,2174,3.6487684
2411,3703,3.614937
2411,1372,3.6046085
2411,2463,3.410733
2411,1380,3.3541393
2411,1049,3.3137941
2411,2490,3.284142
2411,653,3.1372051
2411,2723,3.0672698
2411,1513,3.0636125
2411,168,2.6022766
2411,1544,2.2353704
2411,558,1.8250031
1455,2858,4.2546015
1455,1259,3.997033
1455,892,3.703571
1455,2943,3.58281
1455,1393,3.5590706
1455,1554,3.3650162
1455,266,3.2850523
1455,2455,2.907205
2730,1198,4.6167574
2730,318,4.518447
2730,1213,4.2862744
2730,3114,4.254467
2730,1206,4.159391
2730,3265,4.1252503
2730,940,4.0959244
2730,3471,4.0896554
2730,3363,4.058467
2730,29,4.0369167
2730,3408,3.9460816
2730,2018,3.8977408
2730,2872,3.8951635
2730,6,3.8926687
2730,596,3.863801
2730,3751,3.8478427
2730,2987,3.8084228
2730,2915,3.798968
2730,3213,3.7462904
2730,661,3.7191317
2730,2657,3.5980473
2556,1225,3.6020298
2556,1834,3.4403672
2556,1960,3.3780775
2556,1885,2.9690003
2556,583,2.76077
1954,2858,4.224014
1954,1,4.166421
1954,3481,4.100628
1954,150,4.085043
1954,6,3.971292
1954,2908,3.9366713
1954,1188,3.9100466
1954,2721,3.894752
1954,1500,3.7816615
1954,1535,3.648405
1954,3794,3.5973272
1954,2232,3.5387807
1954,3827,3.44887
1954,1425,3.283193
1954,2154,3.2518706
2121,1204,4.3929176
2121,1221,4.336132
2121,3435,4.3039837
2121,913,4.2694435
2121,910,4.1674337
2121,110,4.1066713
2121,1945,4.0959344
2121,3475,4.072902
2121,3681,3.981583
2121,2927,3.9698303
2121,2664,3.866602
2121,1200,3.8374505
2121,897,3.73136
2121,2940,3.6364255
2121,952,3.4898736
2121,1327,3.2640116
2121,2651,3.2247784
2121,2291,3.2078395
2121,2636,2.8811593
3062,3361,3.7834818
3062,2433,3.3234444
3062,1608,3.266325
3062,2683,3.151878
3062,2023,3.1249948
3062,2826,2.984637
3062,1390,2.786228
3062,784,2.5017002
3062,3922,1.9819236
4239,593,4.650837
4239,589,4.377101
4239,1097,4.3534718
4239,2288,4.11874
4239,1965,4.091798
4239,3703,4.0256376
4239,610,3.873355
4239,3763,3.8516004
19,2762,4.3320427
19,2324,4.301206
19,1234,4.3010826
19,1197,4.1482897
19,1036,4.0910907
19,1259,4.046841
19,1200,4.007139
19,2949,3.920425
19,1997,3.9202566
19,1080,3.9190862
19,2080,3.8653033
19,2137,3.8253798
19,2139,3.7939255
19,480,3.7693841
19,2096,3.7237153
19,733,3.6752863
19,2989,3.6746776
19,1215,3.6655262
19,3409,3.476432
19,3264,3.4691386
19,1918,3.4452555
19,1753,3.4249516
19,2836,3.3146706
19,2710,3.0888722
19,3082,2.896061
19,1772,2.2566278
19,420,2.2417781
1073,2203,4.556446
1073,913,4.525731
1073,1196,4.5136604
1073,914,4.3647976
1073,28,4.335823
1073,2997,4.2680054
1073,920,4.240426
1073,3668,4.1721087
1073,2168,3.5740123
1073,3534,3.3972642
4276,1304,4.1558385
4276,1029,3.675185
4276,1466,3.666851
4276,2871,3.566957
4276,1339,3.5648103
4276,3107,3.5475054
4276,1331,3.3505824
3896,2571,4.2730327
3896,1982,3.8522575
3896,1345,3.79073
3896,1408,3.7717843
3896,480,3.7553806
3896,1346,3.4554663
3896,1378,3.4407797
3896,2901,3.2395215
3896,1676,3.2108333
3896,2478,3.0727618
3896,1327,3.0178905
3896,1590,2.8109016
3896,1379,2.6949575
3896,2815,2.6490872
3896,2460,2.2625678
3896,160,2.0545979
3896,1971,1.89343
11,1213,4.013669
11,110,3.8479862
11,47,3.7246237
11,2997,3.649729
11,2706,3.1837795
11,1563,3.150259
11,1916,3.0993571
11,333,3.0950296
11,2683,2.9813051
11,3107,2.866665
812,3510,4.3321404
812,24,4.08873
812,3534,3.8034663
812,2975,3.7423701
812,2827,3.5378358
812,2392,3.5134332
604,1210,3.7697968
604,3753,3.7155151
604,3317,3.711131
604,1917,3.5595424
604,2115,3.5206661
604,1584,3.495463
604,780,3.490316
604,2167,3.4497905
604,3513,3.3459463
604,2997,3.3275871
604,2989,3.3137217
604,1918,3.3044252
604,32,3.253715
604,3763,3.2450943
604,3104,3.2301898
604,2599,3.1750908
604,3623,3.1409225
604,1690,3.0638423
604,3638,3.0298014
604,95,3.0136352
604,2688,2.9645908
604,2054,2.9410758
604,1379,2.8901384
604,3285,2.8292105
604,2094,2.671094
604,1100,2.547821
604,2701,2.531587
604,2712,2.4842792
604,1867,2.473804
604,1326,2.0016103
4438,1207,4.0724826
4438,1023,3.6516209
4438,589,3.592718
4438,1231,3.5755446
4438,1217,3.549574
4438,3730,3.542921
4438,1278,3.5061355
4438,940,3.44982
4438,1674,3.4227555
4438,915,3.3998091
4438,1960,3.3876815
4438,2570,3.3466344
4438,25,3.1709623
4438,3104,3.161462
4438,2648,3.1484094
4438,2529,3.1370876
4438,1285,3.0955796
4438,1263,3.0359504
4438,163,3.0283098
4438,2289,2.890312
4438,3619,2.755467
4438,2043,2.6743312
4438,731,2.4992466
2923,1214,4.062664
2923,1265,3.8846664
2291,1376,4.170139
2291,2470,3.9334528
2291,1894,3.5723052
2291,153,3.430285
2291,1373,3.4036067
2291,688,2.8964727
5685,1093,3.521421
5685,2266,3.0547533
1963,318,4.8441257
1963,1235,4.361847
1963,1545,4.3465705
1963,17,4.325668
1963,2336,4.3079104
1963,515,4.112283
1963,2166,3.9952066
1963,3107,3.9804795
1963,2291,3.9678383
4560,904,4.349549
4560,1193,4.3298426
4560,1197,4.1666636
4560,1307,4.032758
4560,590,3.9338884
4560,1231,3.9199717
4560,3421,3.8962393
4560,628,3.7722964
4560,3527,3.6693435
4560,357,3.623952
4560,3101,3.6198895
4560,493,3.6011846
4560,2916,3.592556
4560,1748,3.5749547
4560,3102,3.5679827
4560,3396,3.5282416
4560,647,3.4574542
4560,1401,3.4378133
4560,1653,3.4003997
4560,3614,3.400138
4560,2976,3.290397
4560,934,3.279491
4560,3145,3.274513
4560,3082,3.2687423
4560,408,3.1787367
4560,835,3.0662446
4560,434,3.039321
4560,3500,2.746004
2998,318,4.8048587
2998,1784,4.249604
2998,597,4.212208
2998,2716,4.1348815
2998,2011,3.964785
2998,1959,3.928453
2998,2881,3.6648302
2998,3623,3.510508
2998,48,3.0231714
2970,1704,4.5280476
2970,441,4.1656427
2993,2571,4.7625
2993,110,4.559148
2993,1089,4.500453
2993,1240,4.3237796
2993,3160,4.3231635
2993,1073,4.2844267
2993,1673,4.2650065
2993,6,4.2322183
2993,1407,3.961004
2993,1645,3.756517
2993,2829,3.5317407
2993,231,3.4368238
2993,2699,3.2310848
559,2396,3.342032
5993,914,3.7713654
5993,1270,3.4618807
5993,1035,3.4196
5993,3360,3.3449416
5993,2752,1.8902855
57,1221,4.5037985
57,3429,4.379936
57,3864,1.7537321
57,3820,1.0394908
57,1977,0.9934261
3084,1197,4.1782117
3084,1090,4.092276
3084,1263,3.9788465
3084,3753,3.9780989
3084,3298,3.7118306
3084,3893,3.480676
3084,103,3.4342027
3084,3355,3.296844
3084,3326,3.2397313
3084,3325,3.2056198
3084,3149,3.1092062
3084,3322,2.8133419
1204,858,4.3544693
1204,2762,4.3305864
1204,589,3.8975048
1204,2763,3.7021246
1204,1580,3.5868676
1204,1261,3.5828347
1204,3300,3.357172
1204,2770,3.288668
1204,1911,3.1478734
1204,2734,3.090067
1204,2699,3.024207
1204,420,2.9409873
237,3147,3.9559617
237,1,3.8727984
237,1961,3.8465643
237,1307,3.769273
237,2706,3.6808398
237,2109,3.663794
237,588,3.646128
237,2081,3.6249745
237,3536,3.601375
237,1584,3.599669
237,3751,3.5825853
237,3809,3.2630773
237,2012,3.2075636
237,1049,3.1879625
237,3869,3.1399379
237,1721,3.1082854
237,153,2.9898307
237,435,2.7469075
237,2170,2.5042188
237,3243,2.3393927
3120,2336,4.267872
3120,2716,4.114114
3120,3408,4.0494275
3120,3176,3.6956294
3120,372,3.3637788
2508,2000,3.8353074
2508,3081,3.4035687
2508,2724,3.3643699
2508,2581,3.3616748
2508,3717,3.1339345
2645,2571,4.1535606
2645,3006,3.8887095
2645,1968,3.8119433
2645,1957,3.753782
2645,2671,3.6061697
2645,3448,3.596068
2645,1183,3.567188
2645,349,3.5136635
2645,2011,3.511675
2645,1777,3.4719028
2645,7,3.4406557
2645,2883,3.41992
2645,3770,3.3283334
2645,2628,3.2507
2645,2990,3.2398162
2645,852,2.8885014
2645,288,2.8665128
2645,2492,2.7240252
2645,2688,2.638374
2645,1894,2.3422332
3719,223,4.1901274
3719,2987,3.9531498
3719,2490,3.7209709
3719,3174,3.7181873
3719,432,2.633279
2501,3114,4.1139345
2501,1185,3.9158938
2501,3551,3.8644094
2501,3019,3.8577278
2501,3543,3.8443353
2501,34,3.6712394
2501,3081,3.571405
2501,2683,3.4703612
2501,2148,2.6898756
1860,1197,4.0044928
1860,1276,3.9740903
1860,1358,3.9141235
1860,1036,3.9017057
1860,3578,3.8858438
1860,1201,3.8793645
1860,2959,3.864451
1860,1,3.85636
1860,1214,3.8409648
1860,457,3.814806
1860,1307,3.7828417
1860,529,3.754629
1860,1265,3.700825
1860,1270,3.6268814
1860,2406,3.5934076
1860,1954,3.583218
1860,3871,3.5720835
1860,2401,3.531784
1860,2921,3.497004
1860,2972,3.4833567
1860,3702,3.4530058
1860,2687,3.441836
1860,1643,3.437631
1860,1073,3.392283
1860,648,3.3125253
1860,3494,3.2585475
1860,2393,3.256814
1860,3753,3.246085
1860,3927,3.2107193
1860,1673,3.19348
1860,3623,3.11943
1860,3704,3.0947876
1860,316,2.9713948
1860,2640,2.8537107
1860,2976,2.7080321
1860,516,2.4623404
1860,2549,1.7569036
4896,3746,4.103999
4896,3556,3.9464092
4896,3506,3.4526901
4896,3754,1.8530767
5505,260,4.5656643
5505,1387,4.3334
5505,3578,4.2799454
5505,1277,4.2181387
5505,1408,4.0764995
5505,2081,3.9559414
5505,1688,3.8578732
5505,353,3.8507586
5505,198,3.8028672
5505,3404,3.7931328
5505,3423,3.6361985
5505,673,2.9292355
525,1197,4.267309
525,3819,4.0839596
525,595,3.9015775
525,1466,3.8060617
525,1673,3.714155
525,2657,3.4210658
2394,1214,4.358769
2394,1997,4.2904706
2394,2000,4.116002
2394,1584,4.083582
2394,2081,4.0616074
2394,1396,4.0077877
2394,2916,3.9550986
718,608,4.376642
718,2692,4.27466
718,1036,4.2442074
718,3006,4.2107854
718,3481,4.1540213
718,553,4.0576468
718,2423,3.963678
718,3751,3.9475446
718,1396,3.911942
718,1873,3.9043677
718,161,3.8390102
718,349,3.8364024
718,165,3.7903335
718,3253,3.777679
718,3255,3.7726388
718,1552,3.6938999
718,377,3.6614316
718,3827,3.5980601
718,145,3.4904568
718,875,3.4872289
718,2334,3.3835137
3212,2858,3.8542476
3212,2396,3.4551876
3212,2404,1.1782436
4567,923,4.7505903
4567,541,4.637324
4567,3175,4.2202597
4567,3556,4.088525
4567,1610,4.059331
4567,2189,4.0582814
4567,2282,4.03036
4567,1916,3.9961634
4567,367,3.7580137
4567,377,3.702372
4567,2600,3.390749
4567,317,3.3045118
4102,3785,2.627859
4102,2389,2.4052505
4102,2448,2.1852212
4102,2004,2.0816514
4102,1984,1.9899853
4102,1992,1.8397288
4102,2995,1.6943454
1023,150,4.099634
1023,900,4.0140996
905,1253,4.3587437
905,232,4.2773128
905,293,4.2485056
905,1301,4.176675
905,1719,4.173009
905,1095,4.019799
905,215,3.9880676
905,2890,3.980422
905,1019,3.9322524
905,1094,3.8936868
905,509,3.8765776
905,21,3.7907958
905,1544,2.0547314
5079,919,3.9248765
5079,1221,3.762872
5079,3006,3.6973069
5079,2804,3.543083
5079,111,3.5076602
5079,1208,3.1576273
1121,1234,4.43671
1121,3897,4.3873014
1121,1147,4.322339
1121,47,4.284514
1121,1394,4.234529
1121,590,4.231659
1121,480,4.2238483
1121,2396,4.211477
1121,1060,4.207406
1121,265,4.077837
1121,3044,4.065445
1121,2917,4.0651655
1121,161,3.993352
1121,3713,3.93042
1121,3948,3.9148798
1121,2058,3.9144952
1121,368,3.8687356
1121,500,3.8546438
1121,2062,3.7099185
1121,3863,3.5613084
1121,3614,3.4784584
1121,2805,3.4690323
1121,731,3.364766
1218,1284,4.0834885
1218,1617,4.066531
1218,3897,4.0144677
1218,1952,4.0126076
1218,497,3.8760371
1218,3152,3.8425794
1218,2396,3.8364382
1218,1961,3.834357
1218,2352,3.783362
1218,2908,3.7232912
1218,1095,3.6806154
1218,11,3.5847607
1218,3108,3.5557275
1218,1183,3.5262496
1218,3143,3.520269
1218,164,3.4816856
1218,151,3.4537547
1218,2866,3.440842
1218,2340,2.9139655
1218,3869,2.8918037
1218,2478,2.7559912
1218,2953,1.6847963
1218,2379,1.6120069
4834,2019,4.3792477
4834,50,4.3420806
4834,1221,4.3011246
4834,858,4.254957
4834,951,4.123044
4834,1233,4.090824
4834,2067,4.0365124
4834,2336,3.9925506
4834,1089,3.93078
4834,1096,3.9121807
4834,1545,3.909988
4834,3421,3.8362398
4834,628,3.834197
4834,1678,3.8166642
4834,2352,3.8120825
4834,474,3.782696
4834,1580,3.7633548
4834,377,3.7190938
4834,2763,3.6737761
4834,3763,3.6241684
4834,3111,3.5355399
4834,39,3.482055
4834,3798,3.3822875
4834,2572,3.3782597
4834,1654,3.3420997
4834,3623,3.3398173
4834,362,3.3209972
4834,2490,3.2642193
4834,1513,3.249924
4834,2293,3.159936
4834,3886,3.1514747
4834,3826,2.808348
4834,160,2.363041
4834,2906,2.2501473
4114,858,4.223379
4114,1196,4.097433
4114,1242,4.0079393
4114,1394,3.969783
4114,2804,3.9609733
4114,1953,3.9451818
4114,2028,3.9377694
4114,3019,3.86837
4114,47,3.856702
4114,3811,3.853284
4114,1610,3.8318653
4114,1982,3.7908893
4114,3421,3.7770643
4114,1994,3.695258
4114,2890,3.6945338
4114,2078,3.6531954
4114,3420,3.6471927
4114,2529,3.5751414
4114,1912,3.5693831
4114,1127,3.5587525
4114,1645,3.550813
4114,1194,3.5353117
4114,991,3.528466
4114,2097,3.453617
4114,3771,3.4161015
4114,2702,3.3310928
4114,1762,3.0095496
1255,1079,4.4344254
1255,2997,4.41306
1255,927,4.322894
1255,2607,4.2817845
1255,2352,4.2608805
1255,2890,4.203687
1255,1060,4.181574
1255,2390,4.090784
1255,1673,4.0881724
1255,299,3.9573722
1255,3386,3.9278567
1255,551,3.9070823
1255,1298,3.884071
1255,2437,3.8199112
1255,685,3.766319
1255,2759,3.466753
1255,1351,3.4534993
1255,454,3.3302338
1255,2453,3.2314303
1255,372,3.038649
1255,292,2.6974652
1255,24,2.5479975
2644,908,4.2783084
2644,2858,4.1214
2644,3897,3.9904237
1524,2762,4.4212475
1524,1307,4.2838774
1524,2028,4.277837
1524,1274,4.2096124
1524,2018,4.1493697
1524,555,4.0959754
1524,2096,4.0213213
1524,1777,3.991008
1524,1680,3.9827006
1524,380,3.8734348
1524,1025,3.8668342
1524,1619,3.8573053
1524,266,3.8235946
1524,3618,3.8232749
1524,3948,3.78187
1524,2478,3.7245212
1524,708,3.6913972
1524,3623,3.6677244
1524,788,3.5633245
1524,2094,3.5617719
1524,1544,3.3521848
1524,2723,3.3212986
1524,3173,3.2807877
1524,742,3.2251883
1524,3799,2.2378623
654,2804,4.014127
654,2858,4.0026226
654,2324,3.9971223
654,1358,3.9693837
654,1231,3.7758164
654,1357,3.6619964
654,1962,3.597402
654,2312,3.5542202
654,10,3.4645064
654,377,3.411877
654,1101,3.379188
654,1393,3.3716888
654,2797,3.340242
654,1395,3.3248081
654,3699,3.2786222
654,3444,3.1823664
654,2735,2.603714
2753,1193,4.3541775
2753,3462,4.248645
2753,916,4.242383
2753,911,4.1933174
2753,1230,4.179175
2753,326,4.162162
2753,942,4.1616135
2753,1280,4.1229734
2753,1303,4.1089497
2753,2313,4.093314
2753,3911,4.0690722
2753,2927,4.067305
2753,909,4.0290794
2753,920,3.9756746
2753,2936,3.9672513
2753,1923,3.945537
2753,3451,3.9441125
2753,1784,3.941921
2753,2863,3.9323294
2753,940,3.9078188
2753,3396,3.9036486
2753,1940,3.875905
2753,907,3.868272
2753,2716,3.8448112
2753,2919,3.8322477
2753,3379,3.8111215
2753,1965,3.7764614
2753,2000,3.7732496
2753,2080,3.7704499
2753,892,3.739243
2753,2295,3.7238352
2753,2866,3.6830864
2753,1354,3.6822433
2753,1124,3.6804729
2753,1081,3.6628826
2753,211,3.6377823
2753,281,3.6192102
2753,2406,3.5840628
2753,3685,3.5772598
2753,477,3.5735416
2753,389,3.5445833
2753,598,3.475349
2753,3763,3.4508872
2753,2747,3.4423923
2753,2926,3.4301832
2753,52,3.4117846
2753,3699,3.4006357
2753,2077,3.2403283
2753,2346,3.2071157
2753,2752,2.8747187
2753,3500,2.6849484
2753,801,2.433532
4040,1207,4.629178
4040,1193,4.548815
4040,1219,4.3581333
4040,1249,4.2276254
4040,1257,3.9618816
4040,1994,3.955909
4040,10,3.546889
4040,1645,3.2650008
4040,999,3.108563
4040,288,3.0406811
4040,329,2.9802172
4040,3272,2.9257622
4040,2616,2.206337
4040,2668,2.0439696
4040,1995,1.5932264
4040,2412,1.2832222
2240,457,4.498957
2240,1200,4.4740705
2240,32,4.448432
2240,590,4.4276476
2240,2917,4.3997703
2240,589,4.3972383
2240,2791,4.3371353
2240,1035,4.3144546
2240,1527,4.2709575
2240,1873,4.2482886
2240,1127,4.0892777
2240,2322,3.773368
2240,2054,3.7364237
2240,2808,3.672287
3568,2571,4.321389
3568,1233,4.2952714
3568,1263,4.0540724
3568,1301,3.9744506
3568,2662,3.9050817
3568,3836,3.8583076
3568,1965,3.8441162
3568,2288,3.8434327
3568,3527,3.7932134
3568,1356,3.7494357
3568,2699,3.099325
5136,541,4.2329946
5136,1243,4.0924053
5136,1240,4.0802994
5136,3347,4.059724
5136,1246,4.052549
5136,2599,4.0365133
5136,553,3.9063244
5136,322,3.807714
5136,2231,3.7538428
5136,3723,3.7273436
5136,671,3.6977892
5136,7,3.6857224
5136,1569,3.6118188
5136,1917,3.5700006
5136,1049,3.4099314
5136,2617,3.1284132
4531,3022,4.247837
4531,969,4.1596165
4531,1104,4.117227
4531,1066,4.044656
4531,1242,4.018141
4531,1953,3.8181233
4531,1954,3.7852387
4531,2020,3.739811
4531,1270,3.6523468
4531,3081,3.1784835
4531,493,3.1101134
4531,2985,2.784022
4531,1385,2.111808
5807,2396,4.099084
5807,1073,3.9587843
5807,2155,3.4788072
5807,2384,3.3841567
5807,3257,2.2542336
5491,1242,4.388792
5491,1036,4.2822876
5491,356,4.2189035
5491,2797,4.1355777
5491,1923,4.128519
5491,1282,4.06828
5491,3175,4.0246954
5491,1721,4.0203924
5491,2968,3.9096794
5491,509,3.9068465
5491,1393,3.8927693
5491,3448,3.885966
5491,2671,3.8534327
5491,3256,3.8416271
5491,1093,3.4952211
5491,3426,3.4400077
5491,733,3.411454
5491,2012,3.2697423
5491,3272,3.2136245
5491,788,3.0296745
5491,196,2.2651267
5491,2808,2.1239166
3479,1148,4.2752743
3479,318,4.2683144
3479,1197,4.1719713
3479,1278,3.909783
3479,1610,3.8407316
3479,1923,3.7345133
3479,2959,3.71658
3479,2677,3.4943485
3479,337,3.427956
3479,3213,3.3232768
3479,2622,3.210814
3479,2606,2.0285685
2430,2918,4.374752
2430,3623,2.6229315
2430,1991,2.2315314
1607,903,3.603657
1607,2918,3.5583954
1607,1199,3.358694
1607,2132,3.3537116
1607,2791,3.3435862
1607,1945,3.3376641
1607,3224,3.2551537
1607,3198,3.2336133
1607,1340,3.2303905
1607,1263,3.181688
1607,1090,3.1081126
1607,482,3.0711937
1607,2333,3.065782
1607,1997,3.0309904
1607,2610,3.0241501
1607,2018,3.0191474
1607,2336,2.9700983
1607,1179,2.9500337
1607,1079,2.9443414
1607,1266,2.9278553
1607,1093,2.925734
1607,2728,2.8691688
1607,235,2.8547406
1607,3219,2.8333926
1607,2599,2.7942142
1607,1529,2.7048788
1607,281,2.6713123
1607,3550,2.6006026
1607,1395,2.5203857
1607,2712,2.4389424
2245,3355,3.1266088
2245,3908,2.744403
966,2858,4.306151
966,1704,4.2313786
966,994,4.1461225
966,2609,4.12826
966,2959,4.123786
966,1719,4.1177254
966,36,4.0468216
966,2336,4.037825
966,475,4.0302653
966,32,3.9936256
966,265,3.9703043
966,3160,3.9641294
966,2442,3.8276534
966,1392,3.8225474
966,515,3.801715
966,3713,3.7876854
966,30,3.664219
966,281,3.6364877
966,2427,3.6112876
966,341,3.440796
966,3318,3.3465872
966,3753,3.1462717
966,3354,1.8496857
1345,1196,4.466427
1345,497,4.219439
1345,32,4.211849
1345,589,4.1892805
1345,2599,4.1209016
1345,3175,4.0604377
1345,3129,4.032039
1345,322,4.0301485
1345,156,3.902404
1345,2108,3.8654585
1345,1542,3.850298
1345,339,3.7980118
1345,2860,3.767121
1345,3263,3.7516992
1345,788,3.5262904
1345,195,3.5219631
1345,1432,2.817773
1345,3325,2.5288517
2064,2186,4.807887
2064,912,4.7778606
2064,1299,4.69833
2064,750,4.692349
2064,1260,4.652859
2064,1200,4.528919
2064,2396,4.505061
2064,3929,4.461276
2064,3551,4.415901
2064,2204,4.3489447
2064,2303,4.266326
2064,3871,4.2170677
2064,3763,3.8429193
2064,22,3.6535363
2064,1459,3.1823902
2064,2263,2.5811918
2064,1544,2.5642977
2064,2051,2.4143405
2064,786,2.3340907
2064,1644,1.8538564
4561,3114,4.3143134
4561,1682,4.103416
4561,2393,3.9266677
4561,1608,3.9113994
4561,1580,3.859126
4561,1689,3.8410468
4561,708,3.780597
4561,339,3.6463282
4561,2996,3.5594273
120,1208,3.718658
120,994,3.7052803
120,1639,3.3641934
2625,2028,4.1642528
2625,1204,4.0875235
2625,1299,3.890118
2625,3753,3.7434878
2625,3654,3.7129288
2625,1997,3.638875
2625,1200,3.633039
2625,1350,3.603658
2625,3366,3.5310812
2625,2644,3.408638
2625,2649,3.2477593
2625,2782,3.091199
2625,2120,3.0642493
2625,2710,2.845584
2625,3923,2.7581065
2625,2461,2.4978695
4617,318,3.9790227
4617,587,3.3149676
4617,589,3.252428
4617,1721,3.1603732
4617,1183,3.0876245
4617,2126,2.5925658
1982,2692,4.269216
1982,246,4.2192225
1982,3471,4.119776
1982,47,4.10509
1982,356,4.1024265
1982,3147,4.0011992
1982,2167,3.6466274
1982,2683,3.5528567
1982,2759,3.4812703
1982,3219,3.3314295
1982,1895,3.3158596
1982,3173,3.268779
1982,1911,2.6268106
1982,2485,2.5424712
1982,3597,2.1598527
1982,1494,1.8083088
1127,1220,4.1984396
1127,1673,4.192666
1127,2948,4.0531573
1127,1035,3.994627
1127,592,3.682694
1127,1587,3.5956178
1127,3512,3.3998911
1127,2115,3.3651233
1127,3882,3.1533158
1127,3029,3.0310075
1127,3917,2.9460807
1127,3409,2.8219836
1127,2990,2.5761693
1127,1327,2.4929957
1127,3710,1.6401308
1546,858,4.8088903
1546,50,4.744865
1546,2571,4.6429877
1546,2028,4.5581503
1546,1617,4.3853807
1546,1222,4.3786173
1546,1266,4.348612
1546,3147,4.3172793
1546,1394,4.305461
1546,1097,4.223473
1546,3396,4.171623
1546,1220,4.1678343
1546,1678,4.1462245
1546,2352,4.076336
1546,3418,4.02178
1546,3260,3.992283
1546,2406,3.9859016
1546,1517,3.9835515
1546,474,3.9803298
1546,161,3.9542496
1546,2321,3.8999588
1546,2144,3.8962598
1546,1183,3.8826272
1546,3256,3.8645778
1546,3753,3.8466365
1546,2112,3.831787
1546,1615,3.7724588
1546,2353,3.761434
1546,454,3.754138
1546,266,3.6910195
1546,1518,3.6531658
1546,368,3.6212735
1546,3896,3.581625
1546,2457,3.5681827
1546,2245,3.5658202
1546,3450,3.55986
1546,2433,3.5488827
1546,2539,3.5192394
1546,1892,3.4494925
1546,1805,3.4257839
1546,2709,3.2713923
1546,288,3.2598464
1546,89,3.2082882
1546,376,3.1226099
1546,3249,2.917147
1546,3,2.830074
1546,1515,2.6311307
3218,2762,4.264105
3218,3801,4.0623975
3218,111,4.0562663
3218,3578,3.924053
3218,3606,3.6758723
3218,3809,3.255641
3218,3752,2.7910542
3218,2598,2.5571303
1660,296,4.5762167
1660,1041,4.2774463
1660,3160,4.0641074
1660,3678,3.9618793
1660,501,3.8509274
1660,1428,3.7650213
1660,3844,3.4831374
1660,1020,2.9281669
3865,2966,3.8713493
3865,2746,3.2372944
3865,3174,3.1235363
3865,3324,2.085275
3887,1147,4.091388
3887,608,4.0635266
3887,1358,4.0141153
3887,162,3.8655946
3887,17,3.8629572
3887,1265,3.8487437
3887,2611,3.7227836
3887,2390,3.6870964
3887,2585,3.6850646
3887,3163,3.6122456
3887,3260,3.5927896
3887,627,3.586526
3887,1967,3.5834816
3887,1672,3.5684035
3887,1171,3.524929
3887,506,3.4926019
3887,1584,3.4751906
3887,1721,3.4382977
3887,369,3.3894498
3887,507,3.3037176
3887,2976,3.0807903
3887,2046,3.0408192
3887,1848,2.9340913
3887,3483,2.9166622
3887,60,2.858051
3887,736,2.7477298
3887,317,2.7274148
3887,1588,2.2833505
3887,673,2.0568326
3887,1373,2.010737
3887,1525,1.7541902
3887,885,1.7462538
764,1193,5.0072465
764,1256,4.985345
764,110,4.8349447
764,1956,4.829815
764,1287,4.8165083
764,2716,4.7831044
764,2761,4.7746515
764,1097,4.731551
764,1286,4.7297506
764,2139,4.721031
764,1282,4.716114
764,1085,4.684713
764,3448,4.682087
764,2700,4.657208
764,2150,4.6450534
764,2985,4.470298
764,2478,4.3961234
764,2038,4.248788
764,1371,4.244864
764,2471,4.1738477
764,2428,4.049343
2204,2662,4.1328087
2204,2660,4.115283
3858,1204,4.969721
3858,1244,4.472865
3858,1947,4.45347
3858,595,4.44736
3858,2919,4.441313
3858,838,4.4095173
3858,2352,4.3756084
3858,2115,4.3140182
3858,3545,4.2901406
3858,892,4.24924
3858,3034,4.23565
3858,3249,4.154766
3858,3635,4.135105
3858,552,4.0597715
3858,2622,4.0222936
3858,2057,3.9672947
3858,1702,3.7557726
3858,558,3.5951133
3740,1225,4.585934
3740,3578,4.493993
3740,32,4.309413
3740,3255,4.1252337
3740,2005,4.039646
3740,2231,4.016512
3638,1204,4.4516726
3638,2761,4.0636816
3638,1259,4.0056124
3638,3168,3.8815084
3638,2690,3.7382793
3638,2366,3.7258477
3638,2763,3.4977953
3638,3070,3.435963
3638,2013,3.4208045
3638,86,3.3853037
3638,458,3.3152616
3638,1129,3.285358
3638,1031,3.266249
3638,2718,3.0664773
3638,3053,2.8275676
3638,1721,2.774119
3638,1911,2.48232
3638,2827,2.220191
3638,2719,1.6408151
5472,903,3.53996
5472,898,3.475399
5472,1287,3.3977623
5472,1265,3.3316607
5472,2764,3.154217
5472,3061,3.1009388
5472,497,3.0648258
5472,1017,3.0082312
5472,780,2.951355
5472,1301,2.94039
5472,349,2.9321363
5472,948,2.9299583
5472,2011,2.800155
5472,1909,2.7861276
5472,1296,2.7237759
5472,112,2.7061028
5472,2605,2.5572457
5472,2116,2.5254037
5472,761,2.5057707
5472,1717,2.4814503
5472,1422,2.4129663
5472,2549,1.9419134
145,223,3.6083865
145,3408,3.426784
145,2702,2.5230627
145,2541,1.7665275
145,2038,1.5610086
5328,1221,4.198807
5328,1213,4.1156626
5328,2324,4.0670204
5328,293,3.8446863
5328,1719,3.807636
5328,356,3.731613
5328,2160,3.6756964
5328,3476,3.4789917
5328,299,3.426581
5780,2028,4.5880337
5780,593,4.3618507
5780,110,4.265668
5780,553,4.098687
5780,3256,3.8981864
5780,1653,3.8848987
5780,3418,3.8823445
5780,296,3.8619797
5780,1396,3.8499436
5780,159,3.7916856
5780,25,3.7551038
5780,21,3.7257729
5780,3259,3.702882
5780,2108,3.6904452
5780,1589,3.6900258
5780,1918,3.688938
5780,2490,3.6786828
5780,2445,3.624268
5780,1892,3.6089878
5780,1662,3.558329
5780,1783,3.544304
5780,798,3.4527197
5780,3,3.419396
5780,1556,2.9229279
1865,318,4.400871
1865,306,4.1849513
1865,1247,4.062212
1865,1188,3.995813
1865,1617,3.9777322
1865,1249,3.954499
1865,308,3.942173
1865,2580,3.9285386
1865,2706,3.8342402
1865,3783,3.8336897
1865,2302,3.8206265
1865,262,3.8145504
1865,3536,3.762772
1865,3255,3.7512536
1865,215,3.6916752
1865,2610,3.6863978
1865,141,3.6541135
1865,837,3.6195297
1865,3327,3.6154625
1865,2763,3.571235
1865,52,3.5526419
1865,514,3.498287
1865,2770,3.4578178
1865,43,3.4378436
1865,2447,3.352222
1865,224,3.3427083
1865,1642,3.2685337
1865,2707,3.240884
1865,3115,3.222717
1865,3861,2.8903174
1865,2041,2.8427405
1865,2888,2.6742525
1865,3484,2.6188724
1865,3824,2.4942975
2335,527,4.2660265
2335,1253,3.9553952
2335,3471,3.8993573
2335,1294,3.8734403
2335,2662,3.6725702
2335,3836,3.6403308
2335,2661,3.1463828
2335,512,2.7809384
2465,50,4.8415065
2465,858,4.6971664
2465,1262,4.677682
2465,1193,4.6720276
2465,2028,4.599866
2465,1272,4.59654
2465,1267,4.5657287
2465,593,4.53045
2465,1299,4.5247445
2465,911,4.5180655
2465,3035,4.4507747
2465,3062,4.4391003
2465,1294,4.4378767
2465,3811,4.4169703
2465,1952,4.4130187
2465,1185,4.4100094
2465,1266,4.380896
2465,3037,4.3739753
2465,1214,4.361904
2465,3006,4.3257127
2465,2947,4.3213573
2465,1188,4.2718844
2465,356,4.2616367
2465,2908,4.2211533
2465,1673,4.189746
2465,3104,4.1871185
2465,2686,4.1783257
2465,1994,4.104148
2465,866,4.0848665
2465,2288,4.0148945
2465,1921,3.985117
2465,3623,3.6983132
2465,3489,3.494451
1681,260,4.7088323
1681,1221,4.6987305
1681,1242,4.5071034
1681,1243,4.3298726
1681,1321,4.315753
1681,1960,4.301542
1681,1994,4.156225
1681,2115,4.122447
1681,3526,4.027725
1681,3203,3.9845362
1681,2348,3.974464
1681,3527,3.8718374
1681,2746,3.6943705
1681,1130,3.5033722
4010,593,4.242713
4010,2025,3.436623
4010,2369,2.702404
5163,318,4.428544
5163,527,4.3306956
5163,913,4.2157593
5163,150,4.1680336
5163,296,4.154558
5163,945,4.110447
5163,1210,4.1019573
5163,1213,4.0796847
5163,1952,4.0561943
5163,1244,3.9857953
5163,1784,3.9694643
5163,3471,3.9652963
5163,3037,3.9578624
5163,3468,3.9454992
5163,2716,3.928247
5163,1302,3.9044225
5163,2390,3.8993523
5163,3072,3.870993
5163,1298,3.8693178
5163,2000,3.8659103
5163,2303,3.8611338
5163,2640,3.8607352
5163,2971,3.8514194
5163,1127,3.8367596
5163,587,3.8205278
5163,1732,3.8021138
5163,2455,3.799882
5163,2779,3.7900643
5163,918,3.7847822
5163,1805,3.7481537
5163,1580,3.743192
5163,1777,3.7278981
5163,3760,3.6754298
5163,1876,3.6740706
5163,198,3.6564415
5163,140,3.6282496
5163,2245,3.6264677
5163,2252,3.610246
5163,569,3.5564592
5163,785,3.544403
5163,2634,3.5424647
5163,3399,3.5382185
5163,3500,3.4497855
5163,1855,3.2332644
4416,2571,4.892642
4416,1258,4.7081957
4416,2918,4.6969614
4416,1387,4.6821537
4416,2871,4.5892777
4416,589,4.574342
4416,1222,4.5540314
4416,3246,4.4228477
4416,1500,4.389988
4416,2890,4.3882527
4416,1302,4.3770027
4416,553,4.2204986
4416,1466,4.135658
4416,2174,4.097
4416,3253,3.9991264
4416,2916,3.9001245
4416,2879,3.8702312
4416,2976,3.6491728
4416,561,3.6160617
4416,2718,3.3652031
4416,2485,2.962094
4416,3113,2.0835075
1970,858,4.541724
1970,908,4.42171
1970,3926,3.3501542
1970,3511,1.9994217
5619,3578,4.0785904
5619,539,3.8853757
5619,1097,3.7647376
5619,866,3.6956453
5619,2087,3.6937418
5619,342,3.6031473
5619,3614,3.490473
5619,3698,3.411375
5619,3157,3.3690944
2739,3408,3.762665
2739,1127,3.6736891
2739,3219,3.2834396
2739,3005,3.2771208
2739,1093,3.2257743
2739,2724,3.040361
1796,2731,4.4684353
1796,1272,4.3903313
1796,1278,4.2792883
1796,1307,4.233611
1796,1231,4.1560974
1796,1041,4.117666
1796,1292,4.1061554
1796,3037,4.0747905
1796,3424,4.042276
1796,1259,4.0408006
1796,223,3.987239
1796,3060,3.888937
1796,2243,3.838697
1796,1966,3.7865732
1796,492,3.7725582
1796,1035,3.764427
1796,2926,3.4763541
805,1210,4.2359953
805,1393,4.0563936
805,1722,4.0141587
805,1408,4.0115366
805,357,3.94425
805,2424,3.8620043
805,339,3.7486277
805,3269,3.7458484
805,2688,3.690434
805,3004,3.6451507
805,2262,3.6348705
805,3285,3.5907755
805,1457,3.5814083
805,3225,3.1656308
5558,1197,3.6390905
5558,2324,3.574101
5558,1270,3.3456187
5558,2396,3.1282277
5558,3102,2.9578943
5558,3396,2.92966
5558,2857,2.867475
5558,924,2.7694345
5558,2139,2.7243106
5558,1376,2.7081513
5558,2355,2.6660903
5558,2797,2.633371
5558,2123,2.53593
5558,771,2.5278063
5558,1009,2.3489952
5558,2017,2.3474753
5558,1010,2.1298318
5558,1371,2.0710266
5558,8,1.877426
5558,1489,1.7063494
5558,2566,1.663096
5558,343,1.3821216
5558,2092,1.3573257
5091,1136,4.4002457
5091,1090,4.3690605
5091,2501,4.274659
5091,1956,4.264473
5091,2028,4.262019
5091,2248,4.2074943
5091,1270,4.1458497
5091,1210,4.1442027
5091,1080,4.1316123
5091,2020,4.078092
5091,590,4.0774302
5091,1955,4.037228
5091,1610,3.9746952
5091,1092,3.9479818
5091,588,3.9457932
5091,2406,3.9346123
5091,2243,3.9335332
5091,3255,3.9283593
5091,2763,3.9085429
5091,2640,3.9019785
5091,1374,3.8263278
5091,1101,3.8095188
5091,3102,3.7773917
5091,2005,3.7193694
5091,2134,3.695734
5091,253,3.6719527
5091,2712,3.6492786
5091,3107,3.6486259
5091,832,3.5879927
5091,2059,3.5468698
5091,2641,3.400931
5091,2615,3.155203
5091,673,3.0118012
5091,2473,2.851243
5091,1562,2.699898
5091,688,2.4083421
5091,2701,1.9307232
5849,260,4.422953
5849,745,4.4009957
5849,1200,4.1150627
5849,1291,4.0889215
5849,1270,3.9695992
5849,34,3.6600106
1750,3910,3.4552927
1750,3753,3.3545575
1750,3851,3.2227955
1750,3793,3.2002807
1750,3298,3.138328
1750,1392,3.0450408
1750,3555,3.0382762
1750,3598,3.0256438
1750,3943,2.9542098
1750,3260,2.8842068
1750,3755,2.8105383
5534,1372,4.096656
5534,2707,4.0737715
5534,3269,3.999632
5534,3053,3.8586903
5534,2041,3.7288423
4233,858,4.4506407
4233,527,4.3780146
4233,913,4.2528543
4233,1224,4.1625085
4233,3683,4.1437917
4233,919,4.131236
4233,1244,4.0612645
4233,1080,3.9648213
4233,3742,3.8956814
4233,1923,3.837149
4233,3019,3.8069675
4233,457,3.805694
4233,921,3.7847817
4233,3168,3.766523
4233,2890,3.7639635
4233,1095,3.7211092
4233,1957,3.7201805
4233,3702,3.6510901
4233,3108,3.4807816
4233,2174,3.437715
4233,2763,3.2701921
4233,2334,2.7048476
2439,1035,3.422617
2439,3081,3.138691
2439,357,3.1249108
2439,3868,3.1221867
2439,1569,3.0757256
2439,2424,3.0348055
2439,266,3.0344155
2439,1673,2.7890587
2439,1544,2.6445572
5409,3082,3.2655492
5409,3145,3.1450758
1811,2997,4.3207617
1811,785,3.7348142
1811,2712,3.2803342
1811,540,1.8365293
909,1945,4.451319
909,3897,4.21954
909,1362,4.032133
909,3379,3.9376245
909,3925,3.8664742
909,1965,3.8041573
909,3318,3.5063295
909,480,3.462902
4406,2019,4.8931837
4406,1203,4.6229496
4406,912,4.5494666
4406,3578,4.5483017
4406,955,4.5418077
4406,1136,4.5379457
4406,3735,4.4916306
4406,296,4.489043
4406,3730,4.4498506
4406,2396,4.388961
4406,589,4.2890635
4406,1584,4.2202044
4406,1396,4.211819
4406,3702,4.148348
4406,1127,4.1343956
4406,2916,4.1289515
4406,3624,4.085556
4406,2140,4.038198
4406,2529,4.0299954
4406,2287,4.0211
4406,3155,3.9723701
4406,2321,3.9593518
4406,3798,3.8946006
4406,2734,3.8400137
4406,2672,3.8316567
4406,1334,3.8201573
4406,1876,3.7237964
4406,2560,3.7157874
4406,2615,3.6531901
4406,2054,3.5609555
4406,173,3.3718555
4406,1590,3.2741528
4406,2456,3.1111572
558,1198,4.2827663
558,1203,4.1500206
558,1136,4.0519457
558,1269,4.0471163
558,910,4.04311
558,1704,4.020976
558,924,3.918951
558,2973,3.859758
558,1953,3.8371139
558,589,3.8232677
558,1246,3.823008
558,364,3.795918
558,1244,3.724041
558,36,3.6954181
558,1302,3.6736073
558,3071,3.6300502
558,3255,3.6258404
558,345,3.6193073
558,2890,3.6187835
558,2686,3.6157823
558,3072,3.5637658
558,1082,3.5247912
558,272,3.5228732
558,900,3.5204525
558,3724,3.4937677
558,3543,3.4707782
558,3211,3.3434057
558,2640,3.2916203
558,3259,3.2128758
558,3893,3.1234856
558,2996,2.9214282
3889,1136,4.58668
3889,1299,4.5233703
3889,910,4.4421377
3889,3741,4.348451
3889,1089,4.345516
3889,1333,4.187545
3889,2243,3.9958448
3889,1094,3.9789736
3889,3868,3.9350426
3889,2696,3.8283985
3889,2500,3.1916149
1341,177,3.0406666
1341,2606,2.9118836
1341,1973,1.8502746
1341,2338,1.6066059
1341,1556,1.4848697
1341,1324,1.1659416
1341,2462,1.1304127
4768,527,5.0109496
4768,17,4.480157
4768,497,4.445203
4768,1694,4.3437123
4768,3252,4.1928554
4768,780,4.1536083
4768,52,4.1106305
4768,613,4.1096053
4768,2539,4.005172
4768,158,3.7323828
4768,2404,3.2369833
1456,2959,4.4739847
1456,3481,4.4467063
510,1517,4.0637484
510,110,4.023887
510,2139,3.8280237
510,1372,3.7021475
510,2087,3.6829166
510,1215,3.680078
510,3269,3.6543498
510,442,3.5003934
510,1373,3.3264506
510,709,3.2978077
510,2720,3.2020392
510,737,3.107626
4608,1625,4.1477795
4608,2395,3.9937477
4608,1500,3.921802
4608,492,3.7703588
4608,21,3.6387906
4608,468,2.9821634
4608,517,2.6838436
1419,2858,3.6006641
1419,3512,3.279946
1419,3450,2.6640725
1419,1327,2.658229
1419,3901,2.4304636
1419,3285,2.256883
1419,1970,1.9931935
1419,1972,1.3417138
1536,1258,4.6594114
1536,1961,4.542819
1536,2160,4.3715463
1536,2100,3.9273517
1536,317,3.1761835
3497,3307,4.87411
3497,2067,4.6658525
3497,1264,4.549044
3497,3160,4.4241595
3497,3357,4.331315
3497,2763,4.2347956
3497,1732,4.2073736
3497,2708,4.1669807
3497,2712,3.5978673
3497,2722,3.5911968
5118,1196,3.9261942
5118,150,3.6513603
5118,2671,3.4288983
5118,2002,3.3426204
5118,1676,3.169677
5118,2490,2.995504
5118,1779,2.6772175
5118,2427,2.6440465
5118,1590,2.4665067
5118,473,2.331341
1866,910,4.463289
1866,1,4.4115677
1866,1721,4.238353
1866,223,4.1854696
1866,2353,4.108111
1866,2502,3.9723969
1866,2058,3.9722867
1866,2335,3.8904762
1866,2683,3.8823183
1866,2770,3.7572324
1866,344,3.7231398
1866,1020,3.693005
1866,2792,3.6505737
1866,2712,3.4067898
5371,50,4.7389975
5371,745,4.5773587
5371,953,4.547372
5371,1213,4.534585
5371,1963,4.497666
5371,1291,4.437328
5371,593,4.339258
5371,678,4.32485
5371,1231,4.294943
5371,1952,4.252637
5371,36,4.223153
5371,3148,4.187145
5371,1411,4.158508
5371,1387,4.124447
5371,1292,4.094521
5371,356,4.093111
5371,1094,3.975157
5371,1954,3.971702
5371,1594,3.9677737
5371,2968,3.946982
5371,1295,3.9115036
5371,3255,3.909317
5371,1914,3.8863478
5371,141,3.82644
5371,1904,3.8163722
5371,2108,3.8057508
5371,2021,3.7412624
5371,1747,3.6643891
5537,2019,4.719716
5537,1267,4.5442657
5537,1252,4.499528
5537,670,4.4741225
5537,1131,4.4716043
5537,3683,4.3011303
5537,965,4.234792
5537,3152,4.0741816
5537,2904,3.7896667
793,356,3.914026
793,913,3.906309
793,3105,3.655728
793,2268,3.6110392
793,3362,3.568731
793,1945,3.5648494
793,903,3.5249066
793,1952,3.4422584
793,1129,3.4157116
793,1376,3.411417
793,942,3.2912972
793,2137,3.2513347
793,3244,3.2495954
793,1339,3.2226105
793,595,3.1179996
793,1644,3.0482745
4413,1961,4.4845676
4413,1929,4.2658544
4413,2598,3.6508088
2296,608,4.0279207
2296,1210,3.6721969
2296,2683,3.1286037
2296,2006,3.085605
2296,1327,2.665997
3427,608,4.1461873
3427,1089,3.9524908
3427,3168,3.7134082
3427,3101,3.6007853
3061,1961,4.1715736
3061,2470,3.6298513
952,1148,4.6890945
952,296,4.541549
952,593,4.436388
952,2396,4.310601
952,213,4.195693
952,1784,4.145571
952,2542,4.1368194
952,3751,4.0387173
952,1649,3.972258
952,3175,3.944169
952,568,3.8866003
952,39,3.7738667
952,3513,3.62864
952,1482,3.5536737
952,3809,3.549621
656,720,4.382496
656,260,4.2912836
656,745,4.2172236
656,953,4.1643972
656,3468,4.1333475
656,1254,4.08413
656,1284,4.0825214
656,1617,4.07648
656,1283,4.0729513
656,3429,4.0142865
656,1704,3.9720407
656,1674,3.9190688
656,1199,3.8874435
656,2202,3.873489
656,2132,3.860486
656,3929,3.8528485
656,1265,3.779705
656,1270,3.763362
656,1301,3.7448225
656,1357,3.718805
656,3105,3.7081542
656,1913,3.6218715
656,3548,3.4677076
5151,260,4.330754
5151,3147,4.132532
5151,2959,4.0791073
5151,1258,4.014083
5151,2716,3.6950808
5151,2968,3.6904788
5151,2173,3.496414
5151,1967,3.3416274
5151,3554,3.125967
5151,1407,3.1195178
5151,2747,2.9204443
5151,3157,2.8114586
5151,2617,2.7806337
5151,3745,2.761972
5151,3053,2.7410922
5151,3534,2.713965
5151,2167,2.6961215
5151,673,2.4838219
5151,3264,2.4663405
5151,2428,2.0427718
5151,3484,1.7420948
2393,260,4.4618306
2393,1198,4.439403
2393,593,4.3821244
2393,1237,4.2541647
2393,1225,4.2463865
2393,1258,4.197131
2393,1387,4.11914
2393,246,4.109713
2393,3808,4.0442176
2393,3421,4.044187
2393,3742,3.9651642
2393,3037,3.9603848
2393,1617,3.9503496
2393,1408,3.8921704
2393,2009,3.751956
2393,21,3.694276
2393,3032,3.6337876
2393,2528,3.6127963
2393,2628,3.596317
3369,1387,3.7527184
3369,1206,3.7030866
3369,3868,3.4587348
3369,2795,3.4563994
3369,3210,3.3155613
3369,491,2.5101578
3305,318,5.043432
3305,1233,4.909188
3305,1213,4.8453665
3305,2692,4.6668577
3305,800,4.571589
3305,778,4.5106025
3305,902,4.4615707
3305,1673,4.4092484
3305,3100,4.279456
3305,1694,4.273926
3305,2058,4.025751
3305,377,4.0042534
3305,3257,3.553125
5652,2324,4.341384
5652,2028,4.3370953
5652,1617,4.2657137
5652,3147,4.188962
5652,428,3.991038
5652,456,3.9744349
5652,866,3.8166137
5652,2391,3.7733555
5652,2125,3.6872785
5652,1034,3.6152172
5652,1268,3.5085213
5652,22,3.278575
5652,1816,2.9271758
5652,1627,2.7710714
2660,1210,3.8872998
2660,1408,3.7274187
2660,1393,3.7077587
2660,2081,3.6290717
2660,605,3.2399585
5343,2762,4.824028
5343,1,4.64466
5343,1097,4.5308423
5343,594,4.380932
5343,3301,3.8089833
1164,1203,4.2442913
1164,3949,4.043249
1164,2396,4.0029445
1164,457,3.9769893
1164,1674,3.967115
1164,2599,3.928195
1164,2336,3.9226084
1164,3910,3.9044385
1164,3006,3.8864949
1164,2020,3.8833344
1164,2067,3.8822303
1164,1625,3.8533683
1164,778,3.8460917
1164,16,3.831809
1164,1176,3.8009305
1164,3408,3.7580166
1164,2624,3.748319
1164,535,3.72254
1164,3072,3.7203293
1164,356,3.7023125
1164,2302,3.6972327
1164,215,3.672224
1164,1096,3.6719851
1164,2295,3.6640196
1164,3361,3.6617818
1164,1295,3.6554923
1164,2395,3.5926278
1164,1683,3.5740895
1164,3105,3.571023
1164,2943,3.5656466
1164,249,3.5493298
1164,211,3.538146
1164,3466,3.4977107
1164,1794,3.4495564
1164,1670,3.4407926
1164,2707,3.417089
1164,1116,3.3860493
1164,3298,3.3856614
1164,1187,3.2911193
1164,2145,3.290835
1164,3684,3.2042632
1164,2712,2.997244
1164,1574,2.7852407
1164,1549,2.5144153
1164,1100,2.3930504
1164,712,1.4645636
620,1267,4.4085207
620,2359,3.9298463
620,1517,3.8735979
620,104,3.4852371
620,2502,3.434967
620,3566,3.3115618
620,3729,3.2987852
620,3755,3.2420595
620,2706,3.2290058
620,2770,2.833286
620,3247,2.7353992
620,2605,2.6554313
620,1377,2.5929086
620,1391,2.4722996
620,429,2.2729857
620,19,2.2177224
620,153,2.1146379
620,1550,1.8792127
737,1212,4.311139
737,2203,4.220204
737,593,4.135354
737,2571,4.100473
737,1248,4.0766554
737,1617,4.0438995
737,3147,4.032316
737,2028,4.0220385
737,1264,3.948794
737,1206,3.9360104
737,3481,3.8781874
737,2303,3.8251872
737,223,3.661982
737,1732,3.6461897
737,3098,3.602602
737,3952,3.497159
737,2181,3.476806
737,2952,3.4510303
737,2987,3.380128
737,3213,3.3518033
737,1884,3.1756985
737,2424,3.1093378
737,1909,3.0239193
737,1597,2.8531916
737,1375,2.7668657
5450,2858,3.928409
5450,969,3.8553004
5450,3000,3.8160024
5450,1291,3.8024871
5450,457,3.7891498
5450,1041,3.729549
5450,47,3.7204552
5450,2791,3.7197723
5450,1219,3.6892724
5450,1256,3.687719
5450,2970,3.619062
5450,2542,3.609911
5450,3408,3.593133
5450,838,3.589529
5450,356,3.5600863
5450,1641,3.5566034
5450,2662,3.528243
5450,978,3.5190613
5450,515,3.4513187
5450,1885,3.4476562
5450,2390,3.4442077
5450,3260,3.424077
5450,2138,3.4181428
5450,1376,3.3761885
5450,2407,3.3600476
5450,3831,3.3374703
5450,2021,3.3101676
5450,1722,3.305137
5450,2572,3.302736
5450,2116,3.2888741
5450,1909,3.2755778
5450,2470,3.2513466
5450,1614,3.1336193
5450,1366,3.0004094
5450,327,2.5191734
1134,2762,4.897669
1134,1250,4.880187
1134,913,4.7900367
1134,2329,4.700927
1134,2396,4.675676
1134,553,4.3804674
1134,2005,4.077447
1134,151,4.036673
1134,1580,3.9192653
1134,2193,3.875757
1134,2011,3.5158248
583,858,4.830263
583,908,4.7853937
583,2858,4.6206
583,1674,4.4302244
583,428,4.384966
583,595,4.3433876
583,1962,4.2288914
583,2125,4.183878
583,1094,4.177301
583,3450,4.0418916
583,350,4.007642
583,3186,3.8106427
583,3513,3.5996132
583,3,3.5747707
583,2259,3.5571415
583,2642,3.1163576
4081,1213,4.307414
4081,2804,4.193713
4081,3421,3.9858744
4081,2355,3.8021584
3673,3683,4.3322024
3673,1225,4.3096657
3673,1963,4.2130594
3673,924,4.154872
3673,1077,4.109989
3673,3201,4.062873
3673,2863,4.0494494
3673,1265,4.0398703
3673,3006,4.036526
3673,1387,4.0336223
3673,2599,4.0094814
3673,1097,4.003174
3673,356,3.8836708
3673,1594,3.8733945
3673,2109,3.846611
3673,1078,3.8252974
3673,2000,3.8176923
3673,1392,3.7911694
3673,3261,3.6395273
3673,3081,3.6148198
3673,2926,3.5904992
5390,260,4.6694336
5390,1221,4.529016
5390,2762,4.5136633
5390,919,4.410998
5390,1256,4.386037
5390,1276,4.3813677
5390,1304,4.3358965
5390,1222,4.2727404
5390,1079,4.1688538
5390,1227,4.143318
5390,3543,4.014503
5390,2006,3.971138
5390,1912,3.9585896
5390,3703,3.909719
5390,2022,3.8325157
5390,165,3.7625268
5390,367,3.7005355
5390,733,3.666033
5390,1129,3.644115
5390,1049,3.546405
5415,912,4.2346897
5415,969,4.1167226
5415,3114,3.911769
5415,920,3.7603047
5415,2150,3.5039115
5415,1028,3.4627562
5415,587,2.7701223
2601,1673,3.6764529
5336,1610,4.567839
5336,2948,4.5010824
5336,1302,4.420128
5336,380,4.4039397
5336,2990,4.1591277
2620,858,4.336264
2620,2028,4.128458
2620,541,4.015322
2620,150,3.8310661
2620,1079,3.7722564
2620,1917,3.7437086
2620,3527,3.6883223
2620,10,3.6558812
2620,1608,3.6473167
2620,2617,3.4776487
2620,736,3.3447447
2620,2402,3.2473757
2620,153,3.156731
2620,798,3.0392597
2620,1388,2.96246
2620,2986,2.5629587
5990,858,4.2378187
5990,1219,4.1167307
5990,1294,3.9335716
5990,2973,3.9284701
5990,1079,3.8739839
5990,1222,3.8494377
5990,2918,3.805054
5990,3508,3.8027022
5990,3507,3.7811356
5990,58,3.7608469
5990,1078,3.748752
5990,3546,3.6881583
5990,2238,3.6539528
5990,3168,3.6435344
5990,3505,3.6365585
5990,1202,3.5882506
5990,1124,3.5807319
5990,2529,3.424059
5990,3118,3.3907776
5990,2245,3.2258575
5990,3524,3.204771
5990,3251,3.1825595
5990,2746,3.1600962
5990,2989,3.145885
5990,3194,3.120852
5990,2710,2.9566426
5990,2759,2.8572392
5990,3138,2.7702823
5990,2188,2.4011445
5990,2088,2.3186324
5990,3004,2.1569242
5990,2367,2.0342693
5990,2530,1.9757823
4505,1208,4.790019
4505,47,4.51237
4505,1097,4.4733667
4505,2020,4.455962
4505,2921,4.3912234
4505,62,4.3374023
4505,1580,4.3373423
4505,539,4.333814
4505,357,4.3019953
4505,3204,4.2272243
4505,454,4.1889744
4505,3015,4.162351
4505,2174,4.100789
4505,3731,4.0492797
4505,2146,4.016606
4505,2520,3.9626827
4505,3834,3.806673
4505,3285,3.7954702
4505,432,3.7182813
4505,2389,3.5628476
4505,2412,3.516397
426,750,4.562342
426,2692,4.3255877
426,3897,4.28526
426,1214,4.1906805
426,1036,4.150301
426,2947,4.110425
426,2761,4.110131
426,2948,4.0792146
426,2949,4.053256
426,628,4.035344
426,2890,3.973125
426,1261,3.9675124
426,2580,3.92146
426,1374,3.8815274
426,733,3.8722548
426,1356,3.8436742
426,2291,3.787402
426,2278,3.7602143
426,2987,3.739661
426,1101,3.7362237
426,2628,3.6984913
426,353,3.6879535
426,2985,3.6627903
426,380,3.6623209
426,1129,3.623711
426,2271,3.4978495
426,780,3.4539256
426,2411,2.6672468
5637,3089,4.715986
5637,3307,4.652039
5637,1197,4.5585475
5637,34,4.247399
5637,1028,4.134117
5637,2763,3.970216
5637,2427,3.7808688
5050,593,4.463756
5050,3897,4.457547
5050,2918,4.4013176
5050,222,3.9200826
5050,3189,3.8488996
5050,1597,3.7576034
5050,289,3.6896744
5050,810,2.4597867
3093,2804,4.505593
3093,898,4.3844385
3093,933,4.329242
3093,3897,4.2511497
3093,3481,4.1876836
3093,2599,4.1759806
3093,3160,3.9591002
3093,2750,3.9277866
3093,2065,3.9129963
3093,1295,3.833832
3093,3159,3.7913356
3093,3566,3.7700815
3093,3176,3.718882
3093,2736,3.7000344
3093,2926,3.6483135
3093,988,3.5147438
3093,3752,3.1147466
3093,3316,2.3234448
3093,3324,2.2598388
1490,1221,4.760561
1490,1196,4.6743793
1490,1953,4.4966516
1490,590,4.452396
1490,2947,4.3710394
1490,480,4.37037
1490,2944,4.3461804
1490,1954,4.2701015
1490,380,4.244674
1490,3366,4.226468
1490,2993,4.1109514
1490,3418,4.00525
1490,2376,3.8290842
1490,2023,3.8055763
1490,3623,3.787761
1490,3197,3.609996
1490,70,3.548512
1490,442,3.3955288
5178,3504,4.285344
5178,356,4.2088447
5178,2599,4.1830716
5178,2352,4.1709642
5178,1784,4.0736556
5178,551,3.9451282
5178,901,3.9236376
5178,2174,3.8109388
5178,952,3.7863805
5178,3734,3.7737117
5178,21,3.7674127
5178,1824,3.6552646
5178,2490,3.6214066
5178,2734,3.5511315
5178,2013,3.5358362
5178,3704,3.4125085
5178,3087,3.3888855
5178,2133,3.3170643
5178,2840,3.176552
5178,2012,3.150248
5178,367,3.1317253
5178,3725,3.1031425
5178,1713,3.0081995
5178,2881,2.7971516
5178,2723,2.7918627
5178,2862,2.638086
5655,589,4.0075264
5655,1784,3.962362
5655,11,3.9419007
5655,587,3.853981
5655,2355,3.8221908
5655,780,3.8191202
5655,2125,3.787192
5655,2002,3.7196877
5655,2393,3.7055194
5655,2059,3.617877
5655,2858,3.598609
5655,2291,3.5222237
5655,362,3.5162835
5655,2714,3.4931095
5655,786,3.439321
5655,3120,3.406297
4242,2571,4.752393
4242,733,4.5235167
4242,111,4.3357816
4242,2053,3.2482188
4242,737,2.8418517
1678,110,3.9842427
1678,3481,3.8715682
1678,589,3.8081174
1678,3624,3.663909
1678,3160,3.5578024
1678,39,3.5300221
1678,3787,3.4643855
1678,3755,3.4016724
1678,3300,3.3302956
1678,1779,3.0537496
1678,2712,2.5942616
3151,2571,4.5291386
3151,904,4.520051
3151,1961,4.4734273
3151,733,4.3709674
3151,1213,4.363412
3151,903,4.331631
3151,597,4.2466373
3151,2797,4.171891
3151,1994,4.1090617
3151,1370,4.075508
3151,2001,4.065035
3151,780,4.0600505
3151,531,4.010404
3151,500,3.974152
3151,3249,3.9712873
3151,2519,3.7475781
3151,1037,3.7148442
3151,1603,3.6218896
3151,1595,3.4068117
2992,3072,3.4269252
2992,3565,3.2752144
2992,3354,3.2588308
2992,3179,3.222458
2992,3538,3.1900346
5080,2762,4.649873
5080,3147,4.599733
5080,2716,4.267847
5080,3552,4.259502
5080,3763,3.972222
5080,3082,3.9421744
5080,2431,3.8650694
5080,2746,3.734937
5080,5,3.7194638
4219,1200,4.491659
4219,3681,4.3789043
4219,1210,4.350505
4219,2010,4.3201933
4219,2921,4.2676907
4219,480,4.0464473
4219,3685,3.9360695
4219,2311,3.9134362
4219,1129,3.8837748
4219,2628,3.8836517
4219,2527,3.8718922
4219,2985,3.8671465
4219,1676,3.7801163
4219,1372,3.7614594
4219,2346,3.6669354
4219,1876,3.6431568
4219,849,3.139896
2451,260,4.1997433
2451,1214,3.7775252
2451,1407,3.4993978
2451,2572,3.30086
2451,3412,3.20968
2451,2015,3.1531367
2451,3478,3.1290112
2451,3556,3.0204813
2451,2133,2.977939
2451,3176,2.9497533
2451,2846,2.6388128
2451,2525,2.0962799
623,527,4.8299856
623,3683,4.6901135
623,924,4.570155
623,3897,4.5667896
623,1175,4.5263824
623,1282,4.4294252
623,162,4.4237175
623,1214,4.415288
623,2791,4.36049
623,3783,4.3465967
623,3751,4.3036714
623,3747,4.2653756
623,1580,4.1696367
623,480,4.1530304
623,322,4.1071143
623,3159,4.093618
623,3538,4.0624423
623,3624,3.9527237
623,2600,3.5584974
623,3863,3.5183446
623,1429,3.307945
4702,2762,4.286917
4702,1208,4.11936
4702,296,3.8907194
4702,1230,3.8735085
4702,3361,3.686897
4702,3052,3.5953653
4702,1814,3.0188246
3697,457,4.474148
3697,2716,4.284694
3697,3654,4.2803392
3697,2355,4.1499486
3697,349,4.115035
3697,2528,4.1132727
3697,1019,4.097452
3697,3461,4.081355
3697,2763,4.044833
3697,2433,3.741085
3697,2581,3.6576352
3697,2856,3.5558858
3697,2574,3.2077842
3697,2906,2.6581535
3114,597,3.7628565
3114,2081,3.6672459
3114,2109,3.6288955
3114,1500,3.5230973
3114,2134,3.5086527
3114,39,3.4965696
3114,2011,3.4044166
3114,2723,3.0828378
3114,2054,2.7576466
3114,63,2.7365496
2171,904,4.659822
2171,1256,4.484869
2171,2925,4.4520054
2171,3083,4.3131323
2171,3224,4.25307
2171,2160,4.187434
2171,2863,4.164077
2171,3342,4.1324406
2171,3701,3.6304133
4352,1198,4.693523
4352,1213,4.6051445
4352,1196,4.537133
4352,1089,4.4973035
4352,1288,4.4788184
4352,457,4.439869
4352,1394,4.38009
4352,1206,4.379387
4352,2959,4.2627563
4352,1380,4.024811
4352,1215,4.000208
4352,1967,3.9682202
4352,3549,3.9074566
4352,147,3.8944182
4352,500,3.8519647
4352,3263,3.6586738
4352,1805,3.6529403
4352,3250,3.5969398
4352,2723,3.5859866
4352,70,3.5420246
4352,2746,3.4220624
4352,719,3.380694
4352,2717,3.3335667
4352,2709,3.3236136
4352,2699,3.310355
4352,3254,3.2861767
4352,292,3.2612839
4352,2485,3.1871789
4352,95,3.1765442
4352,267,3.1459165
4352,1646,3.0901103
4352,185,3.076417
4352,196,3.0671134
4352,2126,3.061277
4352,466,3.0204346
4352,338,2.9799244
4352,829,2.8310065
4352,1970,2.8158512
4352,2986,2.681279
4352,1556,2.4299068
5857,2762,3.96834
5857,1210,3.7151442
5857,2947,3.6461153
5857,2918,3.611112
5857,920,3.446557
5857,1249,3.429471
5857,1259,3.3622344
5857,3471,3.3182356
5857,262,3.2907915
5857,3044,3.278634
5857,594,3.2770014
5857,3526,3.221448
5857,2371,3.180458
5857,3412,3.1465077
5857,1641,3.1404138
5857,34,3.1382525
5857,1676,3.1224606
5857,2087,3.070313
5857,1061,3.0464807
5857,189,3.009038
5857,261,2.8112981
5857,1460,2.7013962
5871,953,4.6754007
5871,1617,4.6732364
5871,1258,4.6549635
5871,1537,4.6077933
5871,47,4.4982004
5871,2677,4.441819
5871,1277,4.3764105
5871,940,4.318464
5871,3163,4.2054844
5871,2366,4.13099
5871,1057,4.127284
5871,3598,3.9595053
5871,377,3.5448055
5871,1735,3.4152513
5871,1805,3.2016916
5871,1717,2.735773
5112,1196,3.8111162
5112,1270,3.4920104
5112,3788,3.382652
5112,2686,3.3734744
5112,2070,3.3672023
5112,1261,3.3449926
5112,3494,3.3338346
5112,3576,3.2926176
5112,2529,3.2393675
5112,233,3.2298222
5112,2985,3.1791906
5112,198,3.078337
5112,2640,2.9906387
5112,1464,2.866685
5112,648,2.7747235
5112,3036,2.7703922
5112,695,2.6662774
5112,2724,2.622908
5112,1422,2.3619018
5112,1037,2.2546654
5112,2827,1.9115117
5112,2986,1.8863056
5112,2719,1.8723464
553,1210,4.442495
553,1097,4.3233633
553,2700,4.1699357
553,492,4.1107397
553,2837,3.901442
553,811,3.8860328
553,3247,3.8511698
553,370,3.6190486
553,585,3.5919762
2076,1354,4.127514
2076,2729,4.068078
2076,3783,4.026623
2076,3569,3.6150978
2076,3566,3.4692566
2076,3744,3.2339673
2076,2011,3.0035806
2076,3882,2.9503403
2076,3754,1.4260979
2749,50,4.7472258
2749,1617,4.570996
2749,1221,4.569273
2749,296,4.509299
2749,1256,4.483631
2749,1214,4.251374
2749,1960,4.2388983
2749,3471,4.223256
2749,2728,4.2170568
2749,1183,3.8320231
2749,3793,3.68717
2749,3915,3.6291223
2749,1580,3.2213597
2749,329,3.0596704
2749,2628,2.7219753
2749,95,2.3954647
4730,3551,3.9975305
4730,3751,3.8436422
1239,1233,4.2606583
1239,1704,4.1471686
1239,246,4.1210155
1239,457,4.076574
1239,3077,4.0481367
1239,162,4.047841
1239,1041,3.9946144
1239,595,3.888635
1239,1169,3.6681883
5168,1193,4.882655
5168,62,4.202116
5168,2683,3.953015
730,2858,4.378081
730,1270,4.002535
730,474,3.8919435
730,555,3.874401
730,2912,3.7192056
730,637,1.7239952
4148,2194,4.0428333
4148,1408,3.9516947
4148,2872,3.9370322
4148,1912,3.9330804
4148,1722,3.8843467
4148,1129,3.6641345
5029,318,4.581508
5029,1233,4.3515835
5029,2396,4.1434236
5029,3114,4.052354
5029,2959,4.0035677
5029,1094,3.8585413
5029,3108,3.6904707
5029,2425,3.6784182
5029,3256,3.67626
5029,1653,3.591981
5029,1909,3.507221
5029,224,3.4460058
5029,2916,3.358574
5029,367,3.352626
5029,543,3.2155104
5029,1372,3.0821233
5029,1608,3.0774183
5029,3477,3.0013425
5029,1488,2.9077508
3004,1197,4.3981013
3004,1617,4.3372545
3004,2208,4.315149
3004,1834,4.065741
3004,1678,3.9310174
3004,6,3.894623
3004,1594,3.8939576
3004,1680,3.8673184
3004,1183,3.8350773
3004,2108,3.7365913
3004,1645,3.6125789
2530,1213,4.595521
2530,1127,3.931929
2530,1722,3.8313546
2530,2707,3.8082657
2530,2710,3.1798234
2530,2072,3.1485138
809,1265,4.3594246
809,216,4.10122
809,3751,4.088047
809,524,4.0866795
809,2108,3.9761348
809,2135,3.6923118
809,291,3.1315255
6026,260,4.306988
6026,750,4.2053366
6026,2571,4.1633835
6026,1196,4.0795927
6026,1210,3.8440635
6026,1097,3.7245827
6026,2010,3.7139556
6026,1199,3.6643114
6026,3527,3.659153
6026,1375,3.3532526
6026,2105,3.3181071
1999,1204,4.2747307
1999,1136,4.255705
1999,1196,4.126848
1999,1278,4.0881977
1999,1206,4.014975
1999,3471,3.940797
1999,1270,3.9236937
1999,1387,3.9236507
1999,589,3.8910468
1999,2795,3.874512
1999,3072,3.82845
1999,1340,3.8074107
1999,2160,3.7970133
1999,2288,3.7511046
1999,1345,3.7422743
1999,968,3.6268454
1999,1645,3.5258226
1999,2649,3.3333197
2357,2371,4.111737
2357,3273,3.8214183
2357,3286,3.4857714
2357,3238,3.2392793
4136,541,4.810143
4136,3683,4.732592
4136,2009,4.1188955
4136,3046,4.000439
4136,3771,3.9962692
4149,318,4.618475
4149,2571,4.4066286
4149,1266,4.216296
4149,293,4.1508646
4149,32,4.0362773
4149,11,3.9526634
4149,515,3.9290562
4149,2046,3.7036448
2608,50,4.5805864
2608,1212,4.5303545
2608,1217,4.3257904
2608,232,4.3082776
2608,1225,4.3079414
2608,2858,4.2968597
2608,1264,4.209715
2608,3037,4.1338744
2608,2692,4.13282
2608,2959,4.1112194
2608,3152,4.1095915
2608,1956,4.083537
2608,3182,4.031636
2608,1292,3.959919
2608,3160,3.9585526
2608,1046,3.9295547
2608,1161,3.8680735
2608,3925,3.835854
2608,1277,3.8287647
2608,1916,3.5822601
2608,417,3.5815148
4008,1721,3.7797723
4008,3317,3.7180576
4008,3793,3.6067343
4008,3784,3.1798434
743,910,4.008746
743,3629,3.8906217
743,1080,3.709341
743,1394,3.6731634
743,3507,3.635417
743,101,3.575126
743,3129,3.3505309
743,58,3.3374488
743,2502,3.2354507
743,1059,2.9075327
743,1542,2.7620354
743,3909,1.9751456
743,455,1.630207
743,2701,1.3057563
122,3178,3.4521842
122,1722,2.982804
122,2273,2.9177923
122,1377,2.1382253
122,95,1.8607609
2176,1207,4.81035
2176,2329,4.6593757
2176,1189,4.5729313
2176,1258,4.556224
2176,1089,4.54041
2176,2359,4.357071
2176,1095,4.307622
2176,300,4.1691504
2176,223,4.101571
2176,2427,4.002603
2176,2302,3.9922452
2176,441,3.9082294
2176,3070,3.7679331
2176,2710,3.5338585
2176,2976,3.5062485
2176,1454,3.47397
3736,1407,4.000067
3736,300,3.9525557
3736,2916,3.8928852
3736,1717,3.652292
3736,1762,3.633792
3736,2428,3.4455934
3736,2722,3.4419894
3736,1603,3.3694181
3736,330,3.3492446
3736,332,3.280559
3736,2448,3.1856866
3736,2113,2.906271
3736,2701,2.6771364
3736,611,2.6216316
3736,2338,2.4018757
3736,1862,2.3091578
3543,527,4.197865
3543,1250,4.0806
3543,608,3.9255073
3543,1237,3.8004808
3543,905,3.732213
3543,162,3.6788113
3543,2010,3.5362167
3543,290,3.518568
3543,793,1.3446169
2960,318,4.483302
2960,1276,4.174026
2960,3421,3.892455
2960,3450,2.6800008
2960,886,1.2867821
3809,2019,4.9036064
3809,1198,4.7613773
3809,1214,4.4448237
3809,1210,4.3394613
3809,1954,4.294447
3809,2003,3.6349926
4900,2762,4.6704063
4900,2858,4.6086583
4900,3147,4.5082836
4900,2908,4.262436
4900,3155,3.614705
4900,3053,3.185358
4900,3157,3.1544201
4179,318,5.1878166
4179,858,5.1261826
4179,3089,5.1104064
4179,2028,4.990012
4179,916,4.9884977
4179,912,4.9626374
4179,678,4.898545
4179,2357,4.878167
4179,1358,4.85284
4179,1284,4.824585
4179,3334,4.734922
4179,3359,4.7123733
4179,1060,4.6529684
4179,1734,4.5991316
4179,2109,4.530288
4179,1073,4.4885063
4179,2150,4.4859567
4179,3060,4.388651
4179,1921,4.3322396
4179,780,4.3247166
4179,2539,4.1416087
4179,2378,3.9522104
4179,3258,3.6733658
638,1197,4.859394
638,1275,4.5614605
638,2795,4.419495
638,2114,4.3127546
638,2968,4.305255
638,1186,4.2851305
638,3203,4.240657
638,2261,4.118434
638,2985,4.0634127
638,2134,3.9497783
638,3701,3.9009402
275,3360,4.6355586
275,1090,4.5412173
275,3578,4.4259763
275,3424,4.3891287
275,2739,4.3282022
275,3071,4.3099484
275,3361,4.271033
275,2470,3.9978702
275,144,3.8631563
275,2734,3.7672632
1511,858,4.601241
1511,1198,4.536271
1511,969,4.3758593
1511,2028,4.326608
1511,1242,4.2418823
1511,2300,4.2333093
1511,1080,4.0513735
1511,940,3.97851
1511,3068,3.839467
1511,3104,3.838758
1511,3936,3.7058592
1511,3461,3.6436229
1511,2065,3.5526166
5158,1204,4.677781
5158,260,4.5893908
5158,750,4.582938
5158,923,4.5576167
5158,916,4.5068727
5158,2028,4.4971848
5158,926,4.492618
5158,1283,4.4495697
5158,919,4.432543
5158,1258,4.4017744
5158,2761,4.264819
5158,121,3.9944305
5158,938,3.8054075
5158,2683,3.7404702
5158,2097,3.7364836
5158,421,3.6284451
5158,2573,3.5969982
5158,2485,3.5435596
5158,3016,3.3089156
5158,2900,3.2058735
5158,2392,2.5016596
5158,1336,2.2306316
5034,1207,4.605449
5034,750,4.6051836
5034,318,4.593362
5034,916,4.4065323
5034,608,4.381982
5034,1247,4.3156805
5034,1210,4.168874
5034,446,4.1487575
5034,3081,3.7443256
5034,3704,3.5835652
5034,236,3.5639076
5034,2427,3.3712666
5034,1320,3.2764754
435,1263,4.2321777
435,2670,4.134556
435,1240,4.126314
435,480,3.9683876
435,2115,3.8444252
435,3527,3.7662678
435,3372,3.7439177
435,3635,3.7122645
435,1378,3.6896067
435,3249,3.657195
435,3686,3.6541085
435,1479,3.616866
435,2802,3.4677012
435,1100,3.4572852
1216,1221,4.602528
1216,3730,4.585144
1216,1449,4.414074
1216,1263,4.3960366
1216,1244,4.34166
1216,110,4.299761
1216,2947,4.1499677
1216,6,3.9960701
1216,3578,3.9767776
1216,2137,3.976169
1216,3178,3.7437844
1216,2023,3.3683505
1216,3020,3.3656654
1216,3760,3.2945056
1216,2640,3.1209402
1216,3519,2.8557744
1216,3771,2.8068328
1216,480,2.7636867
1216,2616,2.1077442
1216,1739,0.9842514
1686,1249,3.9051208
1686,3160,3.6121511
1686,1580,3.5597358
1686,468,3.178396
1686,2792,2.9443629
610,318,4.2320323
610,527,4.197712
610,2858,3.9699368
610,1225,3.9693518
610,924,3.8599944
610,1240,3.7675047
610,3421,3.6851745
610,3868,3.5848842
610,2117,3.4293518
610,661,3.2173045
610,2916,3.1392193
610,1320,2.7754319
610,2053,1.3726681
4771,912,4.2752304
4771,2329,4.1702824
4771,1225,4.158459
4771,541,4.124134
4771,1358,4.117046
4771,1361,4.104209
4771,924,4.0881224
4771,1258,4.0540204
4771,1963,4.05128
4771,1617,4.0499525
4771,1449,4.0145903
4771,446,3.9782054
4771,581,3.9767098
4771,3201,3.967415
4771,800,3.9424129
4771,508,3.914853
4771,1210,3.8960369
4771,1185,3.8925304
4771,3094,3.8774085
4771,3783,3.8500178
4771,1954,3.8468847
4771,1914,3.8406658
4771,3098,3.8384163
4771,2585,3.8252199
4771,2295,3.8172932
4771,1732,3.8091507
4771,337,3.8040597
4771,1962,3.7998807
4771,2150,3.792993
4771,3101,3.7788043
4771,3357,3.7504544
4771,866,3.740751
4771,562,3.716439
4771,2757,3.6838844
4771,2087,3.64711
4771,1721,3.6377294
4771,2065,3.614421
4771,2348,3.6106453
4771,1183,3.6101196
4771,2621,3.6095338
4771,2987,3.5828156
4771,2481,3.5726852
4771,1902,3.5581293
4771,1701,3.54043
4771,26,3.5285459
4771,3112,3.4967353
4771,1476,3.4960113
4771,3174,3.48029
4771,2106,3.4482627
4771,2583,3.4418976
4771,131,3.3819003
4771,3620,3.3437688
4771,1726,3.2842298
4771,2369,3.1825156
5147,2947,3.907473
5147,1649,3.6555412
5147,2916,3.5777264
5147,2353,3.4083776
5147,1841,3.087304
4999,1234,4.5652866
4999,1242,4.4636407
4999,1269,4.4480033
4999,1036,4.3759108
4999,11,4.091711
4999,357,4.031229
3961,3030,4.729636
3961,1136,4.6750274
3961,1256,4.631199
3961,2010,4.4713025
3961,1097,4.4164686
3961,32,4.41146
3961,1270,4.365114
3961,1584,4.1292286
3961,2117,4.1250625
3961,3700,4.0723944
3961,2455,3.6090972
3961,1129,3.5476027
3961,2780,3.4907048
3961,1380,3.433051
3961,70,3.4223826
3961,2021,3.405585
3961,2746,3.389349
3961,2663,3.380345
3961,2699,2.9141731
3961,3452,2.817621
3961,724,2.7040498
3961,2377,2.6890817
3961,2456,2.2682614
3961,880,1.7197322
3961,1862,1.4429638
3961,160,1.2697537
2242,318,4.6306214
2242,2571,4.384955
2242,1280,4.3197913
2242,1278,4.2793436
2242,1196,4.2788696
2242,3000,4.262083
2242,2396,4.2096777
2242,1206,4.1626263
2242,1301,4.119532
2242,47,4.0987215
2242,3671,4.090489
2242,11,4.037773
2242,589,4.011008
2242,265,3.982926
2242,2366,3.9780025
2242,1032,3.9547732
2242,3527,3.9462094
2242,249,3.9233513
2242,1094,3.8989198
2242,62,3.8908527
2242,1584,3.88346
2242,2193,3.865553
2242,2294,3.8267899
2242,85,3.7684073
2242,3745,3.76605
2242,2006,3.7518203
2242,329,3.7397544
2242,2454,3.7057574
2242,653,3.6887035
2242,1645,3.6727371
2242,708,3.6681883
2242,2641,3.663456
2242,3704,3.6076899
2242,3809,3.6020477
2242,2746,3.5679128
2242,3753,3.5633724
2242,2615,3.2108936
2242,256,3.0393581
2242,1342,2.7761846
2242,153,2.7701864
2242,2701,2.6876554
2242,3799,2.4897385
4949,2336,4.5093765
4949,1682,4.3218966
4949,3252,3.9373846
4949,3253,3.689548
4949,3053,2.7547054
2166,260,4.6958666
2166,3114,4.489452
2166,1387,4.2725363
2166,1282,4.127286
2166,1517,4.0591125
2166,3868,4.0417247
2166,1608,4.0250854
2166,1527,4.0172157
2166,1722,3.9780533
2166,2496,3.9775982
2166,1597,3.8840258
2166,3452,3.804155
2166,1547,3.7284029
2166,558,3.6401024
2166,886,3.6328983
2166,1687,3.6232245
2166,1646,3.6179013
2166,2616,3.5794942
2166,2170,3.3074377
2166,355,3.04072
2166,419,2.934492
2166,747,2.658645
5723,608,4.085293
5723,1276,4.0465584
5723,541,4.0326166
5723,1200,4.0258017
5723,2997,3.9374394
5723,47,3.874146
5723,1,3.871643
5723,1240,3.8677614
5723,589,3.786903
5723,2716,3.7140229
5723,3751,3.6916773
5723,2761,3.655788
5723,2081,3.528027
5723,3624,3.4636598
5723,3702,3.4202824
5723,1909,3.295578
5723,1013,3.127544
5723,2746,3.121537
5723,1573,3.1123388
5723,3755,2.9616244
5723,3744,2.9436963
5723,3879,2.5584168
5723,170,2.39558
5723,2965,1.1858487
1461,3481,4.1334205
1461,2624,4.1120844
1461,3456,3.9306211
1461,893,3.7207026
1461,3926,3.1459212
1461,2657,3.0073247
1461,70,2.960015
1461,1969,1.7336061
1461,2471,1.5739331
1461,1973,1.3050153
1461,3939,1.0698775
1594,905,4.1797175
1594,2858,4.1740503
1594,2788,4.0691147
1594,1230,3.9883752
1594,1292,3.8629966
1594,1641,3.746107
1594,2716,3.7250946
1594,3893,3.2511516
1594,3300,2.9747224
3445,745,4.7537313
3445,1254,4.583327
3445,720,4.580824
3445,2396,4.396513
3445,3083,4.3259077
3445,2997,4.3030105
3445,1294,4.282632
3445,1912,4.1400547
3445,3175,4.0307274
3445,1921,4.0207376
3445,929,4.017354
3445,2687,3.4035523
3445,1654,3.3066754
3445,2554,3.1266859
3445,1971,1.2132412
136,1207,3.8356526
136,969,3.7092779
136,1219,3.575899
136,2858,3.4945698
136,608,3.462511
136,581,3.3606365
136,590,3.2694921
136,1022,3.2279391
136,589,3.1975653
136,2987,3.1672478
136,3061,3.1309233
136,52,3.0989888
136,300,3.086679
136,3526,3.0855086
136,1584,3.0371363
136,2083,3.027861
136,3675,3.026929
136,2527,2.9644766
136,3028,2.9466214
136,1517,2.9419594
136,1035,2.9153
136,3020,2.8745666
136,372,2.8050623
136,261,2.785551
136,2712,2.775567
136,1187,2.754233
136,2747,2.7039967
136,3917,2.6925914
136,2877,2.6912007
136,1454,2.645559
136,585,2.3536537
136,2038,2.3484755
4600,919,4.374463
4600,296,4.2997794
4600,2313,4.209057
4600,1358,4.208391
4600,1387,4.1818094
4600,1258,4.1801786
4600,1023,4.130938
4600,3471,4.087349
4600,3448,3.9219844
4600,1101,3.8741539
4600,2371,3.7545638
4600,1370,3.7379723
4600,2490,3.7349238
4600,1093,3.6966348
4600,1339,3.5753982
4600,3263,3.5201726
4600,2628,3.512858
4600,2134,3.5029533
4600,3699,3.4967015
4600,2093,3.3289783
4600,2587,3.2961917
4600,429,3.1784196
4600,1431,3.0659003
2355,899,3.8974767
2355,1104,3.8641808
2355,2208,3.8436558
2355,2692,3.7984812
2355,1269,3.7866356
2355,1952,3.751793
2355,3911,3.7491655
2355,1,3.6274042
2355,915,3.5740767
2355,3096,3.5388045
2355,1097,3.4894114
2355,929,3.477663
2355,3068,3.4056692
2355,2493,3.3407142
2355,1025,3.2387538
3014,1939,4.0931797
3014,1200,3.9459424
3014,3471,3.9052005
3014,1270,3.8732347
3014,11,3.8152947
3014,3929,3.8006163
3014,1321,3.6493447
3014,2971,3.5941176
3014,2527,3.543061
3014,1633,3.52917
3014,2076,3.4918394
3014,2916,3.4744287
3014,3706,3.30242
3014,2011,3.2950268
3014,2431,3.2684817
3014,105,3.2400966
3014,3827,3.1985898
3014,3701,3.1883183
5398,2997,4.3161736
5398,3008,3.99288
5398,3118,3.8862271
5398,3185,3.7879708
5398,3145,3.6987896
5750,260,4.1298747
5750,858,4.1011343
5750,912,4.0981035
5750,1221,4.0189676
5750,1136,3.9267714
5750,2858,3.8702934
5750,2357,3.8113916
5750,1304,3.7806602
5750,293,3.7620225
5750,919,3.7420325
5750,1235,3.7401917
5750,909,3.6914294
5750,940,3.4516923
5750,2871,3.450327
27,905,4.60773
27,1254,4.564968
27,1237,4.552299
27,3037,4.2599382
27,3364,4.0930004
27,300,4.057312
27,1188,3.9589846
27,3593,0.90765333
2050,858,4.678858
2050,919,4.407263
2050,910,4.3859234
2050,1258,4.362207
2050,2692,4.339682
2050,3160,4.2840886
2050,2973,4.1989946
2050,529,4.1967583
2050,3543,4.0994534
2050,3916,4.086323
2050,3019,4.0816555
2050,265,4.081052
2050,1784,4.0619106
2050,3098,4.0541244
2050,1393,4.00513
2050,3624,3.9789953
2050,1187,3.9030561
2050,3948,3.8978047
2050,1183,3.8338928
2050,3513,3.7238872
2050,2431,3.6881309
2050,2976,3.5822382
2050,3273,3.1474352
2050,3004,2.90037
2791,527,4.843633
2791,1178,4.834776
2791,1252,4.782098
2791,1221,4.7394505
2791,1304,4.566771
2791,1201,4.511845
2791,1344,4.325424
2791,3093,4.142997
2791,2023,3.3501394
3257,858,4.920713
3257,2571,4.765482
3257,1230,4.6432347
3257,2858,4.6249123
3257,3147,4.6240606
3257,3578,4.623208
3257,1394,4.4871564
3257,2791,4.4016914
3257,3129,4.280607
3257,6,4.23467
3257,3527,4.2344575
3257,3408,4.21128
3257,3418,4.1416225
3257,3186,3.9684699
5620,527,4.353363
5620,1090,4.028121
5620,1270,3.973163
5620,1387,3.9222221
5620,1721,3.9087512
5620,3210,3.8303573
5620,2000,3.8210196
5620,3408,3.8162591
5620,2797,3.7784193
5620,588,3.74924
5620,3098,3.7137363
5620,2406,3.681568
5620,968,3.6251369
5620,316,3.4705036
5620,3701,3.34446
5620,2346,3.3340418
5620,780,3.278842
5620,852,3.2210727
5620,2003,3.1730409
5620,1479,3.1171193
5620,3717,2.90183
5620,3889,2.652726
394,1240,3.768148
394,589,3.659682
394,1552,3.3414803
394,1589,3.1342762
394,3614,3.052407
3184,265,4.4016757
3184,1210,4.0967903
3184,11,3.6609418
3184,3251,3.4710448
3184,85,3.4449837
3184,2072,2.8727944
818,1213,4.8685246
818,2028,4.786847
818,593,4.695349
818,3481,4.5089912
818,1834,4.483275
818,1639,4.250662
818,431,4.202726
818,1466,4.155614
818,1584,4.0612764
818,3176,4.0241604
818,3624,3.8711362
818,3174,3.8693151
818,2710,3.5906591
818,1476,3.549303
818,648,3.5234325
818,1061,3.4766665
818,1892,3.364503
818,3753,3.359033
818,517,3.2243075
818,1645,3.1632023
818,695,2.8743372
818,3156,2.2538562
366,2858,4.5358324
366,1283,4.5043344
366,47,4.404564
366,3095,4.3901606
366,3462,4.3747177
366,1077,4.2869124
366,1210,4.2772665
366,1097,4.2266145
366,3671,4.2230196
366,3396,4.2131834
366,2671,4.175056
366,3545,4.152298
366,1333,4.140654
366,32,4.113304
366,1959,4.112169
366,3536,4.097495
366,3873,4.0810986
366,2969,4.0805483
366,2946,4.057291
366,3271,4.0570765
366,1082,4.0272064
366,2115,4.0010014
366,3076,3.9472613
366,2116,3.906274
366,2100,3.8008964
366,1013,3.789692
366,2420,3.7397218
5388,2028,4.545595
5388,3418,3.9020264
5388,3512,3.8741739
5388,3457,3.4423645
3088,1307,4.255312
3088,1900,4.2396064
3088,475,4.155371
3088,597,3.9045756
3088,1088,3.2429605
3584,1213,4.5480137
3584,1466,3.9289107
3584,1396,3.8465443
3584,1645,3.445463
3584,112,3.3591511
3584,70,3.2310562
3584,999,3.2090352
3584,1627,3.0081577
3584,3254,2.9502456
3584,42,2.8754287
3584,3761,2.856501
5130,318,4.846452
3955,1221,4.6505647
3955,1912,4.254583
3955,474,4.1476593
3955,3420,4.1055036
3955,1573,3.8490174
3955,1722,3.8439102
3955,1385,3.7717226
3955,2505,3.2603743
3955,3864,2.8606405
3955,2701,2.1310127
4172,858,5.0294886
4172,3429,4.8082705
4172,608,4.748043
4172,337,4.343842
4172,1265,4.297992
4172,3751,4.292043
4172,342,4.1614056
3482,260,4.3301706
3482,1198,4.258754
3482,904,4.232356
3482,858,4.133116
3482,3421,3.7974317
3482,2858,3.6152945
3482,2527,3.3807275
2327,1198,4.2395515
2327,2997,3.6333694
2327,1608,3.5608087
2327,2167,3.4167516
2327,1909,3.3834887
2327,2012,3.1130736
2327,1385,3.0934758
2327,3285,2.7475765
5548,2360,4.1024823
5548,2324,4.085739
5548,296,3.9484582
5548,265,3.6851134
5548,223,3.6500206
5548,1635,3.6417985
5548,1466,3.5401947
5548,247,3.4714477
5548,3105,3.317326
5548,3556,3.2288566
5548,1441,3.1050491
5548,72,3.0657701
5548,2305,2.4057035
5548,1475,2.232113
5548,1126,1.8338314
2542,2948,4.093318
2542,2291,3.5822453
4459,1204,4.3726797
4459,1196,4.218795
4459,608,4.190623
4459,1449,4.1163745
4459,1288,4.0813003
4459,2959,4.050028
4459,2908,3.8303123
4459,2890,3.7586746
4459,1885,3.7044346
4459,34,3.7030606
4459,1500,3.702849
4459,1392,3.6306455
4459,1517,3.603072
4459,3078,3.5241904
4459,3179,3.3672388
4459,3253,3.346391
4459,3250,3.327025
4459,1410,2.5756886
5361,1210,4.116005
5361,858,4.083038
5361,3671,3.864321
5361,1784,3.7510037
5361,13,3.7293682
5361,3713,3.7014096
5361,2764,3.6494832
5361,2501,3.6123052
5361,1610,3.5973861
5361,1097,3.5405364
5361,421,3.5382504
5361,2042,3.5314002
5361,1569,3.5242567
5361,3399,3.500555
5361,1416,3.4820309
5361,588,3.4434273
5361,2942,3.3727875
5361,1043,3.3095822
5361,1956,3.1078708
1223,527,4.586824
1223,3307,4.4021964
1223,913,4.3551784
1223,1225,4.2587385
1223,965,4.2152596
1223,2788,4.20227
1223,497,4.0919275
1223,1292,4.039949
1223,3175,3.8315256
1223,522,3.796115
1223,3466,3.74747
1223,69,3.6844306
1223,235,3.6588764
1223,2361,3.5613194
1223,3535,3.345526
220,1198,4.8655987
220,1259,4.5205927
220,1296,4.5119905
220,3578,4.2911005
220,1500,4.2720447
220,2302,4.260979
220,2171,4.2357244
220,2321,4.198395
220,1295,4.1112204
220,2987,3.925247
220,1589,3.6272285
220,3623,3.0386596
2284,1214,4.2816463
2284,1282,4.0870867
2284,1921,3.8978338
2284,2628,3.522062
2284,1573,3.4293652
3805,6,3.8327997
3805,2764,3.5904331
3805,3513,3.2706656
3805,1091,2.389194
2703,1198,4.239066
2703,3435,4.074831
2703,608,4.023711
2703,1344,3.6808395
2703,3364,3.5617535
2703,1732,3.538772
2703,866,3.5057366
2703,235,3.4547768
1869,1207,4.5687428
1869,1193,4.467483
1869,2692,4.254894
1869,2871,4.0042086
1869,2917,3.9451256
1869,1957,3.9128103
1869,2593,3.7184098
3205,527,4.40772
3205,1197,4.221333
3205,2858,4.183737
3205,593,4.1235747
3205,1246,4.0541854
3205,2396,4.0235147
3205,589,3.9640644
3205,1188,3.942947
3205,1282,3.927302
3205,1834,3.918042
3205,1693,3.8659678
3205,3175,3.8506434
3205,3396,3.8226774
3205,349,3.6834326
3205,1517,3.6831775
3205,205,3.604414
3205,3827,3.46954
3205,155,3.4612143
3205,1614,3.3645668
3205,2006,3.272513
3205,316,3.1686442
3205,3082,3.1131697
3205,1619,3.112155
3205,3107,3.0377424
3205,1721,3.0288715
3205,382,2.835597
3205,237,2.796796
3205,95,2.7851179
3205,270,2.5313432
3205,378,2.4073837
3038,899,4.752871
3038,541,4.5888214
3038,1210,4.3146095
3038,901,3.9937906
3038,2968,3.9372714
3038,3752,3.3584833
3038,3690,1.6261816
4175,2064,4.824174
4175,1259,4.6609507
4175,1257,4.6316204
4175,2371,4.169978
4175,2134,3.9520912
4175,3033,3.9394026
4175,3525,3.6769772
4175,2717,3.5822499
4175,2468,3.0475278
4175,2380,1.8711556
500,527,4.186876
500,2571,4.0608835
500,954,3.9153063
500,531,3.6156735
500,2396,3.6099095
500,2099,3.545892
500,1654,3.3308969
500,1081,3.2726035
500,1030,3.1929598
500,126,2.155375
3795,1923,4.193142
3795,1814,3.6713276
3795,3185,3.6368914
3721,1148,4.264288
3721,1193,4.11971
3721,1213,4.0989676
3721,608,4.0578194
3721,1449,3.9558427
3721,32,3.6576734
3721,1673,3.6501553
3721,3271,3.497304
3721,1885,3.432571
3721,2502,3.424253
3721,21,3.1434584
3721,1061,3.1230364
2511,541,4.4937544
2511,1196,4.461352
2511,1231,4.3195276
5235,3114,4.4809294
5235,2716,4.116795
5235,3060,4.051536
4782,1136,4.1598277
4782,593,4.147254
4782,2329,4.1340866
4782,1252,4.095152
4782,1260,4.0907335
4782,1206,3.9339242
4782,446,3.9251325
4782,2010,3.872826
4782,1199,3.8370185
4782,2662,3.7998722
4782,3471,3.7769058
4782,3723,3.7205484
4782,924,3.6991723
4782,3418,3.6722903
4782,3153,3.5955033
4782,968,3.5931823
4782,2407,3.5286417
4782,2006,3.273315
4782,203,3.0075164
4782,3649,2.8904247
4782,1544,2.597546
4782,410,2.560515
529,2762,4.6022863
529,908,4.5714755
529,2028,4.371788
529,1228,4.3636336
529,1387,4.220525
529,2761,4.2005563
529,3741,4.1670227
529,2728,4.1625466
529,3751,3.9399474
529,3703,3.741238
529,2659,2.963018
2395,260,4.435536
2395,3578,4.273561
2395,2762,4.2035275
2395,593,4.201639
2395,508,4.0662985
2395,1200,4.0625396
2395,1291,4.0601044
2395,1089,4.017174
2395,293,4.0060453
2395,1845,3.8645053
2395,6,3.8593607
2395,2716,3.833064
2395,866,3.7137463
2395,441,3.6980605
2395,610,3.6848803
2395,3556,3.5874534
2395,1093,3.5473366
2395,2100,3.4831624
2395,2440,3.38648
2395,804,3.3643665
2395,2530,3.3474457
2395,2840,3.3456478
2395,3899,2.7888498
1904,1207,4.3749475
1904,260,4.2903204
1904,1197,3.999266
1904,1214,3.9669554
1904,1036,3.8949552
1904,150,3.8557243
1904,1394,3.7787929
1904,1411,3.7623177
1904,1019,3.5910954
1904,39,3.5871038
1904,2640,3.5198731
1904,104,3.4983497
1904,1380,3.4626033
1904,2478,3.3037975
1904,3033,3.261645
1904,1799,3.2307184
1904,3107,3.193933
1904,1101,3.1164722
1904,2012,3.0563817
1904,1379,2.9719224
1904,3016,2.9697075
1904,2468,2.8837905
1904,1320,2.7611241
1904,1373,2.4482784
1904,2383,1.3289886
5262,3599,3.1449332
5262,3543,3.1025589
5262,3614,2.7698388
5262,3610,1.5555522
4711,2028,4.512618
4711,1374,3.9363585
4711,1387,3.9297261
4711,1923,3.9249215
4711,1580,3.8999934
4711,2401,3.87241
4711,2700,3.792254
4711,780,3.7416196
4711,500,3.7137365
4711,1645,3.6876574
4711,3269,3.6461487
4711,1918,3.616222
4711,196,3.4323199
4711,2428,3.3579779
4711,611,3.1830633
4711,2995,2.7986772
1435,1259,3.975438
1435,589,3.9641676
1435,3173,3.2276225
3966,593,4.169957
3966,1961,3.9331338
3966,1213,3.7039669
3966,2478,3.146973
3966,700,2.9278002
1016,3897,4.306549
1016,2396,4.251893
1016,1953,4.248092
1016,356,4.2133355
1016,3911,4.211293
1016,2611,4.021735
1016,1271,3.969432
1016,1682,3.921537
1016,339,3.6472902
1016,45,3.6389372
1016,708,3.6097674
1016,2617,3.5034053
1016,252,3.4832566
1016,1544,3.056674
940,260,4.6101284
940,608,4.4995546
940,3114,4.328288
940,1923,4.1352897
940,2841,3.6315923
940,2394,3.5895686
940,3052,3.5197039
940,2058,3.4067345
523,1267,4.437767
523,1617,4.2850885
523,1242,4.228411
523,1307,4.185478
523,3671,4.077708
523,3363,3.9955976
523,1784,3.9921799
523,2948,3.9557624
523,34,3.9495776
523,3418,3.7900398
523,480,3.6462853
523,3763,3.580325
523,1580,3.495596
523,3527,3.3098795
1064,2028,4.25954
1064,480,3.9441614
1064,1393,3.7381556
1064,292,3.4891832
1064,3138,3.4686956
1064,70,3.3636017
1064,1363,3.338649
4965,2571,4.4014945
4965,3147,4.2016377
4965,10,3.7887685
4965,1370,3.7750766
4965,377,3.7271833
4965,2393,3.6311488
4965,2861,3.6046035
4965,507,3.5650446
4965,3146,3.2065535
4965,288,3.188787
4965,2986,2.731921
4965,1583,2.6701205
4778,3072,4.2378736
4778,2795,4.1928773
4778,454,4.114311
4778,830,3.8959117
4778,708,3.8206248
2938,923,4.319373
2938,919,4.3092756
2938,1136,4.302237
2938,608,4.3007627
2938,2791,4.0984406
2938,590,4.042547
2938,480,4.0035777
2938,1188,3.9780927
2938,1265,3.940828
2938,440,3.9357007
2938,539,3.9229617
2938,380,3.9190078
2938,3101,3.9146774
2938,1680,3.8901894
2938,2946,3.818875
2938,2105,3.6154697
2938,2133,3.604069
2938,3614,3.5683298
2938,1792,3.556188
2938,736,3.4982688
2938,674,3.487772
2938,2469,3.478558
2938,1391,2.9759665
2995,260,4.8840084
2995,1262,4.783068
2995,2571,4.6993184
2995,2028,4.6364527
2995,2858,4.627716
2995,1217,4.5792785
2995,1242,4.5562124
2995,1,4.4687877
2995,480,4.3242865
2995,1220,4.30708
2995,2944,4.280457
2995,2018,4.2034616
2995,3397,4.1961975
2995,1012,4.150378
2995,161,4.1210957
2995,349,4.0912437
2995,1013,4.076785
2995,2403,4.0745296
2995,2490,4.0586195
2995,3404,4.0424085
2995,2527,4.0387163
2995,2311,4.033563
2995,3107,3.9942122
2995,2407,3.9656067
2995,3082,3.9221733
2995,2826,3.9145014
2995,2003,3.8567452
2995,2143,3.844152
2995,788,3.7029476
2995,3697,3.6931655
2995,434,3.4276714
2995,575,3.4135518
2995,1562,3.2075186
2995,485,3.1045868
2995,3841,3.0275722
2995,2827,2.955831
2995,71,2.599311
2995,2153,2.3856075
3209,2028,3.6329212
3209,1961,3.2620854
3209,1722,2.8084135
3209,1876,2.566967
3209,2002,2.5584574
3209,353,2.4918423
3209,1049,2.487097
3209,442,2.3459222
3209,1431,2.278043
3209,3864,2.2680814
3209,2879,2.2503283
3209,3717,2.22947
3209,204,2.0852873
3209,3841,1.9942544
3209,1438,1.965528
3209,798,1.7750443
3209,1043,1.7280769
3209,809,1.7227387
3209,168,1.697925
3209,208,1.6665379
3209,886,1.6172538
3209,1432,1.6161394
3209,1004,1.3412979
3209,1170,1.2677078
3209,2196,1.2593259
3209,1626,1.2520137
3209,2549,1.203235
3209,2555,1.1717583
3209,502,1.1710305
3209,1681,1.145253
2324,908,4.3971615
2324,1193,4.370105
2324,2858,4.285822
2324,608,4.2462497
2324,3468,4.2430925
2324,924,4.096755
2324,1704,4.0949497
2324,994,4.074209
2324,800,4.0675683
2324,1834,3.9496365
2324,1957,3.7942624
2324,3068,3.7295563
2324,1894,2.004632
949,1254,4.7741528
949,110,4.687511
949,1303,4.6281953
949,1222,4.52942
949,3654,4.49965
949,2970,4.497169
949,3060,4.3568354
949,1653,4.2330933
949,3255,4.1746225
949,2344,4.136576
949,2991,4.090122
949,551,4.087605
949,2427,4.083333
949,799,3.9788623
949,3441,3.849121
949,748,3.7482262
949,3623,3.7476707
949,1042,3.7337625
949,3300,3.732762
949,2722,3.6115284
949,3937,3.5261374
949,2367,3.4660819
949,1438,3.4630003
949,208,3.1739755
949,849,2.8321981
949,1499,2.7847414
949,173,2.7514849
949,2450,2.0885937
4071,1258,4.56015
4071,3471,4.3685913
4071,1923,4.348946
4071,1257,4.309582
4071,1270,4.3074474
4071,2797,4.222129
4071,1641,4.2129307
4071,3175,4.189656
4071,610,3.9517982
4071,2100,3.8751445
4071,2001,3.7517579
4071,2875,3.651987
4071,3301,3.5233939
4071,415,2.5620406
228,1249,4.3194876
228,3408,4.1010866
228,551,4.0715485
228,3879,3.0174704
5217,3114,3.8950129
5217,2396,3.7101278
5217,474,3.6142764
5217,2390,3.5229077
5217,480,3.5220275
5217,247,3.520956
5217,1584,3.5061932
5217,551,3.4631202
5217,1580,3.4093628
5217,2841,3.3359008
5217,1127,3.3117352
5217,1527,3.265912
5217,377,3.1815684
5217,2393,3.0675116
5217,1876,2.8494306
5217,2718,2.7946837
5217,2546,2.758551
5217,3409,2.735155
5217,196,2.4402971
1683,1198,4.650524
1683,1291,4.4248247
1683,1296,4.360109
1683,1961,4.300975
1683,3210,4.214777
1683,2150,4.1398954
1683,1081,4.099389
1683,2144,4.083332
1683,1967,3.9881358
1683,1210,3.9689808
1683,2657,3.7745347
1683,2193,3.6499643
1683,2003,3.5911124
1683,2469,3.5032544
1683,2247,3.4813862
1683,2746,3.469004
1683,2385,2.5183878
1683,3,2.4208865
1683,2460,1.9603536
2161,475,3.8185916
2161,1354,3.7935793
2161,1923,3.787737
2161,2908,3.7826378
2161,21,3.277044
2161,3179,3.1472886
28,2997,3.9214315
28,3097,3.7890537
28,1968,3.6602986
28,1271,3.4871864
28,2881,1.6661174
1162,1197,4.0587955
1162,1193,4.043824
1162,1945,3.9150903
1162,1944,3.8737965
1162,1251,3.8467236
1162,3095,3.8386035
1162,17,3.6908169
1162,3152,3.6826544
1162,1248,3.6646888
1162,1206,3.6094291
1162,1721,3.5009172
1162,3260,3.438835
1162,3501,3.271953
1162,1909,3.2347887
1162,3812,3.2054298
1162,3524,3.1732645
1162,105,2.5972137
3200,1211,4.243079
3200,1236,4.2278657
3200,293,4.1916575
3200,110,4.1913967
3200,1956,4.143485
3200,150,4.044179
3200,3751,4.0303097
3200,319,4.015134
3200,866,3.9501035
3200,1179,3.9395719
3200,3578,3.8873901
3200,1188,3.8452353
3200,728,3.797713
3200,2583,3.765387
3200,3625,3.725055
3200,1916,3.5291166
3200,2528,3.4745975
3200,85,3.2489495
3200,2600,2.9006405
3200,2253,1.8047863
3039,2203,4.8003
3039,2935,4.7478805
3039,2936,4.591984
3039,931,4.545557
3039,1069,4.4995604
3039,973,4.477075
3039,1940,4.400893
3039,897,4.2925186
3039,960,4.270481
3039,3628,4.081419
3039,964,4.051403
3039,3122,4.041559
3039,3642,3.7273712
1742,2571,4.2963495
1742,3471,3.9899848
1742,1994,3.6488798
1742,2628,3.0745819
3535,1233,4.287037
3535,1610,3.9350674
2185,50,4.7982225
2185,1252,4.6962347
2185,912,4.654072
2185,913,4.636352
2185,1233,4.6319065
2185,1254,4.5898056
2185,950,4.5628138
2185,916,4.546608
2185,951,4.5207934
2185,1230,4.4919863
2185,1963,4.4366546
2185,3629,4.418883
2185,1235,4.400852
2185,1952,4.369027
2185,3097,4.3621683
2185,3421,4.359252
2185,2248,4.281764
2185,1354,4.277725
2185,1240,4.27475
2185,2511,4.19647
2185,3545,4.1734843
2185,345,4.169832
2185,1580,4.152622
2185,3067,4.1505656
2185,1873,4.148444
2185,3060,4.132171
2185,3076,4.016509
2185,1958,4.014515
2185,235,4.0062146
2185,2779,3.9185917
2185,2384,3.557473
2185,3534,3.43485
1195,318,4.805917
1195,1387,4.359459
1195,1407,4.0504065
1195,3751,3.9925025
1195,2881,3.894932
1195,2617,3.7828393
1195,2485,3.6976738
1195,1059,3.625494
1195,1342,3.6048505
1195,1991,3.6016765
1195,2724,3.5946898
1195,2315,3.223169
3157,1197,4.153819
3157,593,4.091257
3157,1036,4.012236
3157,541,4.0064554
3157,2918,3.9888992
3157,3508,3.8877347
3157,1387,3.8799584
3157,2791,3.8618715
3157,1,3.8578641
3157,2947,3.828218
3157,589,3.7867422
3157,1982,3.6592336
3157,2401,3.6540506
3157,1097,3.63628
3157,2423,3.5682178
3157,2916,3.5646722
3157,1297,3.5152738
3157,3525,3.3920565
3157,2321,3.3854966
3157,329,3.3773897
3157,2640,3.2931862
3157,2641,3.2876673
3157,3712,3.2100792
3157,2174,3.0629838
3157,2718,2.9710124
3157,1853,2.7274728
1309,1584,4.0715446
1309,852,3.8019547
1309,3316,3.6009445
1309,3354,3.5947804
1309,3534,3.571929
3922,1784,3.5998468
3922,2716,3.530163
3922,2000,3.470141
3922,480,3.3690677
3922,1580,3.1405563
3922,216,3.1254818
3922,3476,3.0624382
3922,1394,3.0050402
3922,663,2.8871138
3922,3243,2.1391282
3922,2385,2.131741
3922,19,2.1315184
3922,1431,1.9293323
2272,1240,4.3435254
2272,3683,4.314881
2272,1222,4.282446
2272,1270,4.1417513
2272,3007,4.0928836
2272,1344,4.046267
2272,3098,4.0144053
2272,2288,3.9612775
2272,3512,3.7254832
2272,3755,3.6602273
2272,3744,3.605002
2272,3616,2.9138827
4339,648,3.7690325
4339,3745,3.6927013
4339,292,3.5104964
4339,1831,3.1932802
4339,1499,2.131579
1048,3897,4.2148933
1048,994,4.1139317
1048,1265,3.9240932
1048,223,3.8798122
5429,527,4.4994807
5429,3359,4.096552
5429,2313,4.0681753
5429,1584,3.8869221
5429,3072,3.6503797
5429,1629,3.408804
5429,3423,3.3405862
5429,1054,3.2843885
3244,2795,4.1768475
3244,245,3.5529075
3244,3717,3.4607987
3152,3793,3.3669214
3152,1965,2.9866314
5711,3499,3.9746096
5711,2763,3.863581
5711,2688,3.548269
5711,1422,3.4915757
5711,2605,3.4745228
5711,1833,3.3618307
5711,3004,3.3009882
5711,2279,3.0958612
5711,2719,2.644898
281,2762,4.344343
281,2324,4.2881594
281,246,4.1406918
281,1610,4.06989
281,58,4.0520725
281,2336,4.031905
281,1719,4.031822
281,457,4.016207
281,2908,3.9894671
281,34,3.9610572
281,1282,3.87474
281,2268,3.8715868
281,2333,3.8515482
281,1860,3.7293558
281,1729,3.6861153
281,2291,3.646152
281,2276,3.6260238
281,2621,3.5606415
281,1699,3.5149386
2206,2324,4.5600863
2206,2396,4.4810214
2206,994,4.3114166
2206,1923,4.196398
2206,34,4.1241856
2206,265,4.102087
2206,440,4.037504
2206,590,3.9281518
2206,509,3.8921502
2206,39,3.8336568
2206,1183,3.7739086
2206,3555,3.624797
2206,1191,2.8040888
2206,60,2.37653
2206,2296,1.6705321
1858,260,4.6115646
1858,2761,4.3232565
1858,1282,4.144876
1858,480,4.139413
1858,1580,4.060027
1858,2096,4.0502915
1858,1907,4.048891
1858,3751,4.035886
1858,253,3.777425
1858,2046,3.7199569
1858,2617,3.6499784
1858,762,2.19853
2719,1198,4.599328
2719,1219,4.5136247
2719,1248,4.512013
2719,1196,4.4914126
2719,898,4.4815354
2719,1278,4.47743
2719,919,4.446602
2719,1258,4.4067774
2719,1294,4.327304
2719,947,4.3221254
2719,3671,4.225176
2719,3067,4.056633
2719,3733,4.0209785
2719,2076,3.8619103
2719,2987,3.8434856
2719,2348,3.766946
2719,2013,3.54501
2719,1371,3.090973
3408,260,4.2960677
3408,924,4.01235
3408,1,3.9956734
3408,1269,3.9713821
3408,1240,3.9284391
3408,2194,3.84423
3408,2137,3.8136027
3408,3702,3.7690287
3408,3793,3.7478538
3408,3397,3.7291515
3408,866,3.7042303
3408,553,3.700141
3408,2366,3.3778887
3408,163,3.282844
3408,586,3.1923935
197,1222,3.868332
197,1259,3.842637
197,3481,3.8386989
197,2272,3.098035
197,480,2.8373504
2072,1197,4.73523
2072,1221,4.7320395
2072,2967,4.2638593
2072,3098,4.260175
2072,3546,4.2010527
2072,3516,4.16354
2072,509,4.1523957
2072,1094,4.146524
2072,539,4.0649624
2072,976,4.063542
2072,2406,4.028551
2072,1127,3.9739428
2072,2013,3.8706021
2072,266,3.8112113
2072,2764,3.7827597
2072,3445,3.6959674
2072,3099,3.6365714
2072,1331,3.5900602
2072,444,2.329809
1167,11,3.5686207
1167,590,3.540086
1167,2396,3.4110837
1167,848,3.3746037
1167,367,3.0905309
1167,2151,3.0826907
1167,764,2.9439197
2668,527,4.3022375
2668,1196,3.983944
2668,541,3.937222
2668,1394,3.8062513
2668,3083,3.7956662
2668,2599,3.6921277
2668,1357,3.5171235
2668,441,3.5041995
2668,935,3.481703
2668,3868,3.4790683
2668,2109,3.468111
2668,2455,3.3975277
2668,2395,3.2984345
2668,1883,3.2886958
3624,260,4.6143293
3624,1136,4.6097736
3624,1197,4.5799203
3624,110,4.425799
3624,1,4.4211006
3624,296,4.3686543
3624,590,4.296137
3624,2948,4.294259
3624,32,4.2389107
3624,3499,4.168771
3624,3256,4.1614037
3624,1370,4.1302576
3624,1073,4.073504
3624,2087,4.0179443
3624,2355,4.0177135
3624,2395,4.012725
3624,2140,4.0044017
3624,454,3.9831438
3624,1967,3.967287
3624,2640,3.9265068
3624,377,3.9224916
3624,2455,3.9084601
3624,3174,3.8659127
3624,736,3.828929
3624,2683,3.8156188
3624,3638,3.765599
3624,674,3.6685057
3624,2702,3.5714972
3624,3053,3.5594447
3624,2532,3.5361314
3624,2147,3.3883595
3624,3354,3.3843303
3624,435,3.2908309
4962,318,4.631687
4962,1196,4.27588
4962,1953,4.2051096
4962,1293,4.2046843
4962,1247,4.2026644
4962,1231,4.0866156
4962,1935,4.0310817
4962,3362,3.9951668
4962,2919,3.9334526
4962,3733,3.9303029
4962,1035,3.8799672
4962,2872,3.7745247
4962,1393,3.7243366
4962,1286,3.5848129
4962,2291,3.524969
4962,3,3.0812788
4962,432,2.761539
4962,2016,2.2561984
4781,318,4.553443
4781,3148,3.9252524
4781,2883,3.5860794
1001,1198,4.8147116
1001,1617,4.703066
1001,2761,4.26854
1001,3006,4.260587
1001,2318,4.208704
1001,2171,4.1402864
1001,3289,4.133826
1001,1500,4.0785046
1001,1680,4.066671
1001,2425,4.058679
1001,3148,4.0506124
1001,1907,4.0371785
1001,2626,4.0153847
1001,2427,3.9873514
1001,2321,3.9655385
1001,2481,3.8853722
1001,3158,3.8323236
1001,3145,3.7379272
1001,3566,3.730311
1001,3831,3.6498208
1001,3155,3.6490972
1001,2433,3.6310306
1001,1566,3.5820327
1001,2573,3.5240335
1001,2331,3.5095375
1001,2837,3.4851832
1001,2759,3.4176192
1001,2431,3.2701168
1001,2711,3.195103
1001,3615,3.0697894
1001,2724,3.0184205
1001,2012,2.8157861
1001,1367,2.6597724
1001,2629,2.3451874
2398,1944,4.4576364
2398,3408,4.15833
2398,161,4.131462
2398,2700,4.0534716
2398,299,4.0176926
2398,2000,4.012761
2398,3893,3.9936032
2398,2013,3.8501134
2398,230,3.8289309
2398,1619,3.64083
2398,3145,3.5555654
2398,24,3.0259075
2398,3879,2.969018
4828,28,4.207588
4828,3753,4.0597715
4828,2406,3.858396
4828,1821,3.7414823
4828,2145,3.7327082
4828,2291,3.7110581
4828,3259,3.707065
4828,1835,3.6979494
4828,869,3.5221934
4828,140,3.4741564
4828,237,3.3599267
4828,2888,2.9263587
2452,16,4.367129
2452,543,3.9762638
2452,3513,3.840528
5105,1304,3.7789066
5105,1962,3.345264
5105,2067,3.3126323
5105,1246,3.2471874
5105,1206,3.1501966
5105,3081,3.0103595
5105,2648,2.9753082
5105,1282,2.9736829
5105,2311,2.9222083
5105,2997,2.9183505
5105,3155,2.8816204
5105,2628,2.8723707
5105,350,2.8689303
5105,2995,1.7410103
987,1198,4.580961
987,2208,4.442611
987,150,4.341112
987,1784,4.3229494
987,3072,4.1866064
987,3105,4.1372886
987,2150,4.1158695
987,3244,4.1017466
987,924,4.0914493
987,309,4.0520763
987,300,4.0425916
987,3699,3.974144
987,24,3.9269946
987,1885,3.7890964
987,509,3.7560601
987,3708,3.7316449
4496,678,4.3499556
4496,2762,4.3371525
4496,2858,4.250176
4496,2303,4.0698442
4496,190,4.0171595
4496,1285,4.0004873
4496,1261,3.9908855
4496,1615,3.7849145
4496,2599,3.7486455
4496,3081,3.7317379
4496,968,3.7287803
4496,2159,3.7260108
4496,2881,3.714741
4496,3903,3.6711195
4496,2672,3.5829818
4496,2459,3.5636494
4496,1661,3.5615249
4496,1544,3.559224
4496,1717,3.5505714
4496,782,3.4864702
4496,2840,3.471201
4496,2560,3.461195
4496,2806,3.174777
1583,2070,4.1673484
1583,2908,4.1596828
1583,3920,4.046068
1583,2174,3.8032255
3042,1193,4.4205446
3042,1704,4.189761
3042,475,4.1128654
3042,17,4.0675154
3042,1095,3.8728192
3042,314,3.8488343
3042,365,3.381853
4207,3468,4.896415
4207,1300,4.8342757
4207,3683,4.8203526
4207,2203,4.790871
4207,1228,4.688257
4207,2745,4.6177826
4207,3451,4.5581694
4207,3068,4.503403
4207,2202,4.492502
4207,1302,4.4667253
4207,2303,4.4584227
4207,3526,4.3694715
4207,1290,4.295681
4207,2916,4.2350664
4207,10,4.2117214
4207,2240,4.189371
4207,3676,4.101586
4207,2628,4.055599
4207,3428,3.9654503
4207,421,3.8274765
4207,158,3.7122867
4207,3834,3.665884
4207,3785,3.6584992
4207,2146,3.6461353
3123,1223,4.7081814
3123,2762,4.6683817
3123,1214,4.566778
3123,1206,4.5367584
3123,924,4.4876413
3123,3578,4.383751
3123,1374,4.12391
3123,480,4.0253735
3123,2407,3.9090157
3123,2985,3.9016962
3123,2454,3.8749976
3123,1376,3.854611
3123,2528,3.821692
3123,2527,3.7874548
3123,1371,3.4047627
3123,2699,3.3058143
3123,2805,3.1093755
3123,2456,2.6743195
3123,3826,2.4932737
3123,3354,2.3305502
1801,3418,3.9941123
1801,3450,3.5807416
5874,858,4.7834263
5874,1204,4.707349
5874,750,4.5760045
5874,2324,4.5596333
5874,1617,4.478737
5874,911,4.4617066
5874,1222,4.3200116
5874,2997,4.2697763
5874,1246,4.142702
5874,3654,4.0590644
5874,2467,3.9878142
5874,3267,3.9660769
5874,1729,3.88283
5874,1393,3.7658825
5874,508,3.6987472
5874,3894,3.5822532
5874,3426,3.525652
5874,1883,3.491778
5874,2294,3.4743688
5874,3185,3.4358516
5874,2474,3.3635683
5874,1350,3.3112547
5874,2001,3.3073962
5874,163,3.1962647
5874,1370,3.161902
5874,377,3.140107
5874,1544,2.4568653
5874,2875,2.3759933
5874,2004,2.1222534
504,1269,4.6396675
504,3334,4.564515
504,1129,3.9870195
504,2475,3.9263604
504,2262,3.7698905
504,3648,3.6516428
504,1772,3.320137
504,891,2.7747405
5009,750,4.5861673
5009,593,4.4474564
5009,316,3.7163534
5009,3693,2.6105547
1017,318,4.376095
1017,1198,4.2928505
1017,2762,4.234418
1017,1197,4.1883307
1017,953,4.016535
1017,1222,3.984403
1017,3114,3.9318018
1017,597,3.915682
1017,1285,3.842102
1017,1208,3.8293474
1017,480,3.7606037
1017,2300,3.726061
1017,906,3.6751204
1017,2115,3.6645458
1017,671,3.6521106
1017,2423,3.6388936
1017,1909,3.6387668
1017,589,3.6337183
1017,3253,3.575638
1017,3029,3.471036
1017,2488,3.4653482
1017,2012,3.4524167
1017,471,3.440879
1017,2328,3.3816943
1017,2717,3.327535
1017,512,3.317355
1017,2635,3.1734846
1017,1331,3.1562455
1017,3017,3.1444159
1017,2651,3.1442664
1017,3930,3.128759
1017,2384,3.0504413
1017,2712,3.0070252
1017,3535,2.899869
1017,2719,2.7063186
1017,1975,2.554915
1017,2902,2.313296
1017,2982,2.1737587
1017,3026,2.0967925
1017,3940,2.0264919
1017,1326,1.9219984
5482,50,4.60994
5482,608,4.471775
5482,905,4.4501705
5482,1104,4.4153132
5482,2858,4.354357
5482,293,4.319869
5482,111,4.3166075
5482,3578,4.289101
5482,1307,4.2535806
5482,3160,4.197625
5482,1625,4.169836
5482,1960,4.1533012
5482,940,4.078744
5482,1527,3.9870672
5482,3360,3.9763165
5482,3210,3.943279
5482,2005,3.902337
5482,482,3.8951719
5482,3100,3.8771667
5482,25,3.8729157
5482,2058,3.8439193
5482,3404,3.7066352
5482,21,3.7027702
5482,2420,3.6441293
5482,288,3.562289
5482,2165,3.532432
5482,2605,3.4097977
5482,70,3.1994417
5482,2445,2.905265
5482,510,2.7531958
4221,1252,4.483869
4221,1249,4.2086153
4221,608,4.1832957
4221,907,4.032576
4221,3649,3.5463538
5008,1148,4.7742147
5008,50,4.714991
5008,608,4.546158
5008,2028,4.4955215
5008,1251,4.448576
5008,1080,4.378647
5008,1259,4.370947
5008,3019,4.330645
5008,1199,4.3250046
5008,2662,4.193609
5008,2078,4.128939
5008,1484,4.0998726
5008,3448,4.0407863
5008,522,4.0190687
5008,2857,3.972617
5008,2641,3.470521
5008,1573,3.4623132
5008,2367,2.5931401
1574,260,4.539959
1574,364,3.9793966
1574,2294,3.694182
1574,2023,3.5976007
1574,2676,3.5276244
2889,1617,4.2052517
2889,1358,4.100813
2889,1307,4.049341
2889,3504,4.042592
2889,1246,3.9760685
2889,3498,3.8872654
2889,628,3.8545175
2889,2871,3.853939
2889,2000,3.8156986
2889,1282,3.8134604
2889,3668,3.807331
2889,11,3.7774746
2889,3526,3.7258937
2889,1028,3.7088633
2889,161,3.6825335
2889,2193,3.657772
2889,1081,3.6066887
2889,3639,3.569243
2889,2746,3.4267044
2889,700,3.34248
2889,1835,3.1981795
2889,783,3.0185163
2889,3945,1.3302673
2633,3114,4.463886
2633,2693,3.984043
2633,86,3.6892622
2633,2683,3.3248858
2633,2717,3.0895467
2633,2806,2.6019957
2671,1682,3.6314363
2671,2529,3.2892826
2701,1213,4.4252377
2701,3504,4.120598
2701,507,3.5608068
2701,1785,3.5421922
2701,3535,3.285747
2701,3082,3.2172399
2701,292,3.1672308
2701,1391,2.8001025
2701,1432,2.5541499
2701,1544,2.4763527
5509,2731,4.0217404
5509,1132,3.9006426
5509,1172,3.8991294
5509,1196,3.8559282
5509,334,3.515081
5509,1295,3.309236
5509,3418,3.2627392
5509,305,2.0604124
4741,1213,4.6473236
4741,3114,4.503209
4359,3147,3.9173017
4359,307,3.868765
4359,590,3.8066893
4359,2686,3.7401505
4359,2078,3.670341
4359,364,3.4774666
4359,2106,3.3279638
4359,1059,3.3258233
4359,367,3.284713
4359,2840,3.2171612
4885,3104,4.3067102
5446,1204,4.7506676
5446,1221,4.7118454
5446,1250,4.6683793
5446,903,4.6345654
5446,2203,4.603195
5446,1256,4.564618
5446,945,4.516259
5446,1939,4.505781
5446,1251,4.4777174
5446,1258,4.456935
5446,1952,4.4543037
5446,3035,4.4411693
5446,2728,4.3843613
5446,3096,4.288458
5446,2664,4.198186
5446,3738,3.9425337
2321,1198,4.373476
2321,1197,4.2083025
2321,608,4.125499
2321,1674,4.038105
2321,1265,3.9543152
2321,2947,3.9349794
2321,1580,3.8636637
2321,1682,3.855388
2321,2502,3.823824
2321,11,3.80437
2321,2011,3.7788725
2321,223,3.644342
2321,2875,3.609191
2321,2688,3.6067019
2321,1093,3.5387855
2321,3263,3.4931688
1355,969,4.5983644
1355,930,4.579634
1355,1674,4.3545017
1355,3911,4.35205
1355,3510,4.142231
1355,2243,4.0480795
1355,1183,3.9548721
1355,2712,3.5081167
1065,2692,4.2226143
1065,497,4.0350285
1065,2171,3.7896924
1065,3289,3.7565255
1065,357,3.7256055
1065,144,3.6378782
1065,151,3.5939627
1065,587,3.5892074
1065,3753,3.5641904
1065,2331,3.4238799
1065,1441,3.3103833
1065,2558,2.4183915
25,2502,3.9395652
25,588,3.9311218
25,1376,3.8655999
25,329,3.7051816
25,1573,3.5930462
25,3623,3.5701666
25,2712,3.1341157
25,546,2.4675035
1809,223,3.8103082
1809,3081,3.4411814
1809,2581,2.6737442
1809,2840,2.3797035
143,110,4.1285763
143,3578,4.0966344
143,2716,3.7818117
143,1393,3.714436
143,163,3.3470027
143,2759,3.2809594
143,2881,3.0505142
143,2427,2.8482387
3866,912,4.345311
3866,3201,3.8737707
3866,1913,3.6860614
3866,2871,3.6727443
3866,3788,3.6669908
3866,1573,3.5194838
3866,2126,2.8790097
3525,1197,4.283364
3525,3751,3.8047044
3525,3793,3.8038046
3525,1645,3.5460353
3525,3785,3.2852216
3525,2279,3.0565224
3525,2713,3.016999
3852,111,4.7088223
3852,1217,4.686321
3852,1950,4.5960054
3852,1952,4.5315194
3852,2686,4.358208
3852,1125,4.191868
3852,154,4.0761757
3852,1959,3.9393206
1175,2125,4.3644137
1175,39,4.3099046
1175,351,4.123744
2746,1230,4.2315955
2746,1307,4.114725
2746,11,3.998258
2746,3501,3.6885722
2746,2407,3.6556702
2746,3769,3.530574
1261,260,4.5452023
1261,908,4.5407977
1261,1198,4.5367355
1261,2692,4.348834
1261,1269,4.1905384
1261,2670,4.144989
1261,1215,4.057826
1261,2580,4.038638
1261,2706,4.012737
1261,2700,3.9971642
1261,3624,3.9793658
1261,1019,3.9093595
1261,1693,3.903976
1261,648,3.8923101
1261,3555,3.8483489
1261,2021,3.8404877
1261,806,3.742017
1261,2605,3.7394476
1261,3301,3.731289
1261,2291,3.6670942
1261,344,3.5471263
1261,1320,3.4657462
1261,2505,3.283207
1261,3646,3.2481182
1261,2907,3.110531
1261,2456,2.8982882
1261,212,2.387236
3682,912,4.868359
3682,899,4.8551908
3682,1945,4.8489184
3682,969,4.7531786
3682,1231,4.690808
3682,1230,4.6280107
3682,1264,4.612691
3682,1639,4.2744994
3682,2301,4.220978
3682,2621,4.124318
3682,2108,4.119034
3682,2420,4.036111
3682,1135,3.8532014
3682,48,3.8406792
3682,3483,3.720903
5423,1193,4.6709
5423,750,4.5154624
5423,541,4.3822126
5423,110,4.382004
5423,1358,4.3678236
5423,1206,4.3357377
5423,3201,4.144025
5423,3654,3.9836621
5423,3549,3.9543705
5423,2746,3.3765414
5423,3082,3.3314004
5423,3649,3.2256165
5423,3491,2.9327722
3796,1196,4.507204
3796,926,4.375149
3796,3091,4.3649564
3796,1307,4.2244835
3796,597,4.202797
3796,3451,4.187289
3796,3072,4.08806
3796,1936,3.9426346
3796,2919,3.913629
3796,1485,3.8566573
3796,2294,3.8537583
3796,3812,3.7990003
3796,3099,3.7183204
3796,2054,3.454039
2809,910,4.7984676
2809,36,4.547031
2809,1307,4.4864593
2809,2243,4.4388
2809,2076,4.3151913
2809,3868,4.309853
2809,300,4.27743
2809,587,4.277008
2809,1517,4.2368736
2809,1396,4.1583347
2809,2193,4.142734
2809,140,3.7970095
1008,2300,4.289363
1008,909,4.2466197
1008,2997,4.222563
1008,1080,4.142316
1008,920,4.1030245
1008,3354,2.4785838
4622,1198,4.3212767
4622,3363,3.8279378
4622,3552,3.764257
4622,1968,3.7216885
5784,1198,4.685356
5784,2716,4.0695696
5784,2694,3.5447505
5784,1513,3.2179403
5784,2027,2.1073048
3510,2396,3.9593196
3510,1199,3.870726
3510,1265,3.7189724
3510,1527,3.5958762
3510,1909,3.4355316
3593,1230,3.9084558
3593,2359,3.6804266
3593,342,3.4093611
3593,3261,3.256621
2323,260,4.3660426
2323,1234,4.220671
2323,1288,4.0405755
2323,1961,4.0381074
2323,608,3.9838216
2323,2791,3.9607942
2323,3359,3.9554148
2323,1663,3.9333587
2323,1394,3.925355
2323,1200,3.9177766
2323,2000,3.8581023
2323,3363,3.8516388
2323,1079,3.8472137
2323,1285,3.815676
2323,1968,3.7791524
2323,3552,3.770699
2323,2872,3.7659225
2323,3733,3.7645802
2323,2318,3.7409136
2323,551,3.735351
2323,2730,3.7051046
2323,1350,3.6946504
2323,3068,3.6543236
2323,1343,3.6484258
2323,2596,3.6331887
2323,524,3.60234
2323,1673,3.5923166
2323,1639,3.5909064
2323,1129,3.561096
2323,45,3.479525
2323,804,3.2503898
2323,3535,3.161489
4670,541,4.177746
4670,2571,4.164404
4670,1200,3.972776
4670,3175,3.7479892
4670,2565,3.7434554
4670,2528,3.301231
4670,2174,3.259662
4670,2657,3.0741253
4670,1031,3.041558
4670,2311,2.9899685
4670,2088,2.3920412
4670,2851,1.437803
2828,1617,4.7120395
2828,1288,4.569399
2828,1732,4.1910825
2828,2188,2.0276523
4323,1178,4.4605527
4323,1222,4.0478206
4323,1610,3.9741626
4323,2018,3.8616385
4323,3256,3.8574271
4323,2700,3.7699175
4323,596,3.7160425
4323,2161,3.610167
4323,3253,3.5360756
4323,2005,3.5349607
4323,288,3.4336734
4323,231,3.4064698
4323,586,3.3500292
4323,2054,2.9825726
4323,455,2.8235328
5855,1537,4.161181
5855,3053,3.5765128
1721,2355,2.5559368
1721,2354,2.3518195
1721,575,1.8891797
1721,419,1.3863676
5351,1954,4.0321035
5351,3175,3.855737
5351,733,3.8134575
5351,1372,3.6038716
5351,1855,1.697809
3723,260,4.691437
3723,1079,4.3092613
3723,3448,4.2647552
3723,2355,4.168636
3339,318,5.0375757
3339,296,4.8055277
3339,1256,4.679537
3339,1222,4.432026
3339,34,4.3508606
3339,1257,4.346819
3339,1968,4.3189173
3339,3499,4.288681
3339,1912,4.2534075
3339,223,4.2513666
3339,2797,4.204988
3339,3299,0.97488713
1438,1097,4.373683
1438,2826,3.2095118
1438,2038,2.9450107
1438,2722,2.93973
2095,110,4.173408
2095,1127,3.6918588
2095,3384,3.6843152
2095,1959,3.659207
2095,3948,3.638246
2095,3744,3.177863
2095,2771,3.0137358
2095,2546,3.012434
2095,1513,2.8507082
6017,3342,3.7918682
6017,1264,3.7630117
6017,2353,3.5834227
6017,2835,2.3445168
3537,3753,3.3102055
3537,3717,2.763905
3537,3617,2.1757305
5668,1207,4.718709
5668,1200,4.3610907
5668,1210,4.180625
5668,2565,4.147475
5668,2916,3.9182622
5668,2640,3.8413897
5668,1518,3.7262793
5987,1148,4.3475504
5987,2997,3.995246
5987,1500,3.7212985
5987,1179,3.709887
5987,357,3.6291432
5987,144,3.0258183
5987,480,2.7889016
3598,1968,1.7898697
3598,1420,1.7385513
3598,2640,1.7238233
3598,2770,1.434688
3598,2145,1.424677
3598,2906,1.1363311
3598,1021,1.1363311
2808,1203,4.7971764
2808,924,4.5148954
2808,1635,4.4049544
2808,1584,4.354435
2808,1641,4.2974076
2808,3628,4.016394
2808,2012,3.9670238
2808,2021,3.961797
2808,2641,3.8263483
2808,2409,3.8073015
2808,3701,3.73327
2808,2094,3.647106
2808,2643,2.6162705
5477,1198,4.2701855
5477,2916,3.5696425
5477,32,3.3922648
1026,1172,4.287456
1026,3897,4.1685915
1026,2066,4.106219
1026,3328,3.7843945
1026,454,3.5528827
2101,1073,4.1303034
2101,3932,3.9188285
2101,2916,3.2127712
2101,1339,2.8066616
2101,2409,2.7569895
2101,3697,1.9536415
2101,332,1.2726772
495,3512,3.6622021
495,2057,3.4648108
495,780,3.436701
495,1544,3.2278266
495,1021,2.4774513
280,2858,4.1549625
280,3114,4.06965
280,1269,4.0387783
280,3671,3.9140174
280,2973,3.8804154
280,1077,3.854191
280,2863,3.7778764
280,2289,3.6514344
280,2321,3.3356352
280,2174,3.2460952
5963,296,4.205878
5963,589,3.9066339
5963,1275,3.8828132
5963,373,3.8629637
5963,866,3.7387252
5963,1376,3.5666046
5963,2985,3.4974413
5963,2628,3.4932086
5963,2124,3.3395104
5963,1372,3.218367
5963,1320,3.2059107
5963,3254,3.104157
5963,2617,2.9789743
5963,2688,2.9765048
5963,586,2.9708114
5963,737,2.0889897
3848,1233,4.759467
3848,1249,4.4929495
3848,1419,4.4038177
3848,2138,4.201459
3848,1380,4.002507
3848,2536,1.707798
2476,3135,4.080923
2476,3148,4.025717
2476,321,3.9345489
5354,260,4.5271196
5354,3682,3.8169248
5354,648,3.7824645
5354,3698,3.3049185
4890,527,4.346614
4890,1259,3.8976061
4890,1307,3.8937545
4890,2336,3.8600488
4890,17,3.843942
4890,778,3.8390498
4890,356,3.8051972
4890,2797,3.7791507
4890,3552,3.7573526
4890,3408,3.7173443
4890,1639,3.6858425
4890,82,3.6807265
4890,3101,3.1735024
4890,2100,3.1169271
4890,85,2.9527504
4890,788,2.7855768
4890,780,2.7208705
4890,3528,2.3820543
2709,538,3.0172262
2709,1261,2.9816384
2709,804,2.0258112
5612,3359,3.5940204
5612,2581,3.0967064
5612,2409,3.0899458
5612,2718,2.9513774
5612,2724,2.815131
5438,50,4.261935
5438,2858,4.0449667
5438,1089,3.8931346
5438,1265,3.7409222
5438,3006,3.7338922
5438,32,3.7305496
5438,1094,3.4543529
5438,3448,3.3850107
5438,1517,3.3714216
5438,161,3.3483372
5438,3029,3.0117683
5438,2942,2.4773266
6038,3396,3.388018
6038,1183,3.3419156
4571,745,4.4798784
4571,111,4.2314796
4571,628,4.044421
4571,3255,3.938655
4571,1021,3.307087
5670,1198,4.8694324
5670,1258,4.629141
5670,480,4.527323
5670,1584,4.3126545
5670,780,4.2683854
5670,2003,3.9305537
5670,2004,3.7159631
5670,2279,3.690949
1472,2028,4.278469
1472,1307,4.2496796
1472,1408,3.968516
1472,1370,3.883422
1472,2005,3.817974
1472,1722,3.7932186
1472,1374,3.7730536
1472,1376,3.765671
1472,653,3.3556747
1472,168,3.1140118
1472,2616,2.8242106
5301,1090,3.8201685
5301,1704,3.8068151
5301,2761,3.7414017
5301,2336,3.7165797
5301,1246,3.677891
5301,594,3.6265054
5301,2080,3.6113176
5301,785,3.3459506
5301,3418,3.344824
5301,2861,3.2456582
5301,3699,3.2259583
5301,3113,2.8454769
5301,3697,2.670212
5301,2392,2.1395884
5301,3661,1.9682953
5064,318,4.6214714
5064,1221,4.4701676
5064,1213,4.343005
5064,955,4.237508
5064,2804,4.2307587
5064,1222,4.1458907
5064,3783,4.0119944
5064,1186,3.7487903
5064,586,2.7796288
5064,2362,2.7488773
741,1258,4.050744
741,1214,3.9448447
741,1968,3.8023548
741,366,3.3583946
741,1320,3.3357677
741,1762,3.3352787
741,1644,3.3242419
741,1991,3.3080897
741,891,3.151993
741,1979,2.9952326
741,3572,2.7758384
4383,3052,3.436308
4383,3180,1.9332216
2975,858,4.5885854
2975,527,4.5422797
2975,2731,4.466104
2975,910,4.3585396
2975,1952,4.2106705
2975,924,4.201107
2975,1251,4.201005
2975,615,3.9708014
4659,1148,4.7768707
4659,296,4.697705
4659,914,4.5871067
4659,2028,4.5835238
4659,1944,4.527229
4659,380,4.287609
4659,34,4.2798967
4659,25,4.2265277
4659,2424,4.212399
4659,454,4.185585
4659,1268,4.129113
4659,3450,4.0937138
4659,1356,4.0904174
4659,1777,4.0390472
4659,1895,3.9776459
4659,253,3.9553308
4659,1093,3.921196
4659,2340,3.8932443
4659,74,3.8166375
4659,2126,3.62533
3971,296,3.8520873
3971,1625,3.8203673
3971,2716,3.7979143
3971,440,3.7563572
3971,3499,3.7395792
3971,562,3.7085865
3971,1527,3.679336
3971,551,3.6028814
3971,1777,3.6006098
3971,778,3.5797913
3971,3450,3.5640285
3971,25,3.5498235
3971,3556,3.4894981
3971,2395,3.4727008
3971,3863,3.4662788
3971,2,3.4525723
3971,613,3.452519
3971,1345,3.4462926
3971,2046,3.4236982
3971,2081,3.3730206
3971,2133,3.3546548
3971,1409,3.344172
3971,2803,3.332901
3971,852,3.3230653
3971,2567,3.2992778
3971,3263,3.2896457
3971,3534,3.2830932
3971,2082,3.2797482
3971,3755,3.2489824
3971,2416,3.241551
3971,3717,3.1309102
3971,3243,3.0745459
3971,3254,2.9922907
3971,2701,2.3570101
2947,2858,4.1482096
2947,903,4.1424336
2947,593,4.1044497
2947,3897,4.0798306
2947,608,4.076313
2947,1617,4.063825
2947,1704,3.9867892
2947,296,3.8814092
2947,1041,3.8651495
2947,778,3.8466702
2947,1394,3.8139875
2947,1719,3.7824705
2947,480,3.771481
2947,1680,3.675819
2947,1639,3.6332104
2947,2596,3.5362253
2947,1729,3.4621377
2947,3261,3.2862844
4934,898,4.043814
4934,2858,3.9842744
4934,3083,3.8326855
4934,356,3.7923174
4934,2248,3.7682133
4934,1097,3.7039454
4934,2268,3.583517
4934,300,3.5651524
4934,58,3.4883437
4934,1641,3.3081155
4934,2406,3.2788577
4934,1747,3.253505
4934,2100,3.0943375
4934,2405,2.8381286
4934,2006,2.786778
4934,2431,2.7629886
4934,3259,2.7555444
4934,3155,2.6709614
4934,3623,2.4463775
3996,733,4.671841
3996,2167,4.276662
3996,2002,4.2631435
3996,367,4.176375
3996,95,4.147937
3996,1015,4.072193
3996,204,3.9523578
3996,1566,3.910642
3996,438,3.6158504
3996,1126,3.253426
3996,2817,3.0930867
5980,50,4.2215242
5980,913,4.128737
5980,2019,4.0942903
5980,951,3.9337728
5980,1278,3.930811
5980,1200,3.7634525
5980,1275,3.7085094
5980,2944,3.6610355
5980,2670,3.6522605
5980,3152,3.634462
5980,3504,3.6141527
5980,3175,3.53565
5980,3396,3.4803698
5980,2922,3.4748626
5980,3252,3.4552782
5980,2495,3.4096823
5980,3168,3.4060926
5980,2644,3.3268368
5980,1957,3.2811327
5980,2321,3.2811074
5980,592,3.1873455
5980,2102,3.009254
5980,3110,2.9857197
5980,2657,2.713011
5980,2379,1.351873
4627,3421,4.2108397
4627,3363,4.1187553
4627,1721,4.087926
4627,2352,4.0684376
4627,1078,4.0232635
4627,3548,3.9882708
4627,3685,3.7911286
4627,2472,3.3074293
4627,3388,2.9100127
3498,1704,4.2863913
3498,3105,3.9537225
3498,2916,3.7444444
3498,1047,3.7165935
3498,1747,3.676857
3498,1268,3.5128686
3498,3809,3.4793172
3498,1620,3.3647115
3498,70,3.3220696
3498,1721,2.9902582
3498,181,1.3061504
4780,1233,4.5691934
4780,527,4.540394
4780,2186,4.490407
4780,1212,4.4338117
4780,1172,4.28753
4780,1259,4.1673937
4780,3706,3.404357
4780,335,3.3456292
4780,2916,3.2237341
4780,2444,2.6389382
5325,608,3.8587332
5325,1225,3.779407
5325,1,3.6609209
5325,1955,3.4254408
5325,3147,3.4195843
5325,1333,3.2290993
4409,1095,4.1693025
4409,223,4.100486
4409,1517,4.065053
4409,3793,4.057804
4409,2282,3.9443398
4409,551,3.899429
4409,86,3.7589872
4409,2702,3.6040134
4409,2712,3.539594
4409,2724,3.4180439
4409,3273,3.4000692
4409,2723,3.3338
4409,2826,3.2264357
4409,2995,2.3290565
2433,110,4.0284605
2433,1721,3.810513
2433,1210,3.794865
2433,1694,3.2813573
2433,329,2.9694118
4575,1198,3.0810697
4575,3022,2.8277512
4575,1215,2.515577
4575,1261,2.3610842
4575,2628,2.0247111
4575,2366,1.979341
4575,3016,1.8748422
4575,2717,1.809783
4575,3623,1.7319301
4575,2787,1.6873862
4575,2646,1.5761396
4575,2995,1.3549224
4575,2653,1.283012
4575,2719,1.2416705
5386,2858,4.4288626
5386,3114,4.422365
5386,3671,4.3173003
5386,2959,4.294487
5386,1097,4.236635
5386,1997,4.146883
5386,380,4.0928917
5386,1374,4.092311
5386,3793,4.0838804
5386,3175,4.018258
5386,2144,4.0148683
5386,316,3.9453921
5386,3770,3.9243784
5386,349,3.9172316
5386,24,3.9100442
5386,2826,3.803071
5386,2002,3.7495308
5386,2688,3.729267
5386,407,3.7202184
5386,2683,3.7185068
5386,2672,3.6951547
5386,3053,3.608336
5386,1373,3.4963355
4241,750,4.5749817
4241,3801,4.416853
4241,947,4.36993
4241,1997,4.3221
4241,2761,4.20712
4241,2662,4.067758
4241,3163,4.019133
4241,1653,3.9210706
4241,1127,3.8904586
4241,316,3.8380132
4241,2688,3.7606378
4241,2546,3.665405
4241,3157,3.5634637
505,1233,4.7181387
505,1276,4.6347375
505,1080,4.4105153
505,1079,4.398321
505,39,4.089158
505,1372,4.0341377
505,3489,3.5450625
505,1779,3.2292237
505,93,2.548041
3709,508,4.1327634
3709,2248,4.128049
3709,838,4.0674915
3709,1257,4.0290346
3709,1060,4.0193696
3709,1965,3.9980652
3709,3526,3.913413
3709,1994,3.8860397
3709,300,3.821133
3709,3081,3.6464195
3709,1589,3.6231523
3709,2915,3.561644
3709,2470,3.5483708
3709,2001,3.4931965
3709,3253,3.4769084
3709,1441,3.420137
3709,3107,3.4157674
3709,2424,3.342176
3709,339,3.3275838
3709,2249,3.2858908
3709,277,3.2009416
3709,3254,3.0843978
3709,3,2.8969486
3709,1377,2.8922448
3709,1027,2.892096
3709,2805,2.864198
3709,2269,2.552168
3709,2169,2.515328
3709,430,2.4101887
3709,2389,2.1935706
3709,2382,1.4440756
2763,260,4.248394
2763,1092,3.2507474
2763,3101,3.2138152
2763,2826,2.7068574
3600,3147,4.3419337
3600,1235,4.231077
3600,1,4.203292
3600,1077,4.1661863
3600,1674,4.156315
3600,1185,4.148439
3600,3551,4.1413965
3600,3363,4.090063
3600,1271,4.0761843
3600,1694,4.055276
3600,364,4.051362
3600,3361,4.0326567
3600,3418,4.0281568
3600,3098,3.999077
3600,2174,3.8092473
3600,1569,3.7623718
3600,3506,3.7572665
3600,2463,3.719647
3600,2409,3.693864
3600,3249,3.6755843
3600,2694,3.4241724
3600,3705,3.214147
3600,203,3.1995225
3600,609,3.152296
3600,3754,3.1370893
3600,2574,3.1353743
3600,3273,3.1225162
3600,355,2.6769333
3600,1592,2.2829
4421,3624,3.5492191
4421,3790,3.4184947
3973,2395,4.105609
3973,538,4.0483484
3973,2355,4.0396624
3973,785,3.826779
3973,132,2.0731304
3343,318,5.2476835
3343,2081,4.5309844
3343,673,2.9159229
2568,2762,4.340441
2568,2396,4.0672636
3508,3793,3.9208045
3508,2827,2.9401245
87,1196,3.6936135
87,1291,3.433523
87,555,3.141775
87,1408,3.0909498
87,1954,3.0761323
87,480,2.4842403
87,2366,2.4313743
87,3555,2.4219232
87,2533,1.7508808
2720,593,3.9457707
2720,3873,3.3171115
2720,991,3.121243
2720,1876,2.917487
2720,1372,2.8510258
2720,329,2.7984376
2720,3441,2.5429273
2720,1920,1.8913404
5251,50,4.431098
5251,318,4.4247236
5251,1293,4.005144
5251,1294,4.004983
5251,306,3.9388967
5251,1249,3.9026399
5251,3421,3.869258
5251,1265,3.8553598
5251,3067,3.7747507
5251,1584,3.6508653
5251,39,3.574256
5251,272,3.5467079
5251,3852,3.5429163
5251,164,3.4526548
5251,2125,3.4509149
5251,2889,3.1561768
5296,1213,4.6057377
5296,1235,4.495428
5296,1394,4.430419
5296,1580,4.263323
5296,440,4.1868596
5296,2971,4.1469603
5296,2371,4.0596895
5296,3176,3.8700528
5296,1711,3.6883647
2958,2716,3.442923
2958,3175,3.3583012
2958,3793,3.17451
2958,2706,2.5361047
2935,110,4.562214
2935,2336,4.3770323
2935,589,4.3602505
2935,3471,4.287606
2935,3702,3.9878914
2935,2916,3.6896188
2935,2881,2.8100417
2935,3354,1.9494767
2935,2456,1.6533873
2682,942,4.2137775
2682,1086,4.0747623
2682,1625,3.8571746
2682,3386,3.6722832
2682,3476,3.5951042
2682,1396,3.563354
2682,3176,3.524503
2682,1580,3.0751507
2682,329,2.7653277
2682,1892,2.7048762
2682,316,2.680744
2682,1690,2.212627
2682,185,1.5701367
2682,1590,1.5419518
2682,256,1.4179444
622,2858,4.075791
622,1089,3.9180088
622,1307,3.9027116
622,2997,3.8668478
622,1186,3.457265
622,3260,3.4463549
622,1922,3.0048368
622,1721,2.7716324
3977,1358,4.1054273
3977,1610,3.657238
4849,913,4.477491
4849,919,4.455315
4849,1246,4.247448
4849,3421,4.2425456
4849,590,4.193343
4849,1099,4.174377
4849,1035,4.1232724
4849,2872,4.0462875
4849,3087,3.919467
4849,2572,3.7408404
4849,2375,3.5429573
4849,3146,3.511376
4849,2710,3.1400073
3693,318,4.5631733
3693,899,4.2741623
3693,593,4.1678715
3693,1242,4.167584
3693,2300,4.1161666
3693,2918,4.1019616
3693,994,4.0991683
3693,1086,4.0854945
3693,3147,4.06818
3693,497,3.9841335
3693,456,3.9658391
3693,1673,3.9647923
3693,920,3.9571638
3693,2336,3.9505005
3693,1333,3.9346814
3693,2947,3.9338875
3693,1610,3.9161868
3693,97,3.900052
3693,3499,3.8939495
3693,3098,3.8469863
3693,1357,3.7681198
3693,1732,3.7140408
3693,280,3.6332521
3693,3639,3.6139255
3693,1092,3.541429
3693,2423,3.5016398
3693,3948,3.474859
3693,1376,3.459494
3693,2110,3.4390683
3693,1967,3.4339871
3693,2115,3.404878
3693,3032,3.3910975
3693,2867,3.2581544
3693,648,3.2079196
3693,1135,3.198903
3693,3263,3.1795678
3693,358,3.1383853
3693,2990,2.8481858
3693,1027,2.798594
3693,3033,2.7943428
3693,1917,2.7350845
3693,996,2.48782
3693,379,2.4747913
3693,2471,2.025487
3693,1562,1.6319592
1338,2571,4.687007
1338,232,4.532302
1338,457,4.4082274
1338,1275,4.375392
1338,1240,4.294018
1338,1220,4.276658
1338,3751,4.2035313
1338,2013,3.8755212
1338,3755,3.7419758
1338,1722,3.5042114
1338,3452,3.2129884
1338,2190,2.8830967
5762,1207,4.65317
5762,1136,4.4775476
5762,1294,4.4746194
5762,1278,4.2839527
5762,1292,4.254605
5762,2078,4.18784
5762,1214,4.118285
5762,596,4.1062965
5762,3244,4.0892344
5762,3545,4.085002
5762,1968,4.014863
5762,2150,3.9919114
5762,1958,3.9548311
5762,3404,3.9529898
5762,2085,3.896727
5762,1569,3.8859208
5762,2539,3.8801043
5762,3255,3.861565
5762,277,3.79187
5762,2311,3.7225058
5762,661,3.679995
5762,48,3.6752212
5762,158,3.6732292
5762,2497,3.6508822
5762,2054,3.6453166
5762,1009,3.6240876
5762,2262,3.573245
5762,2953,3.5427885
5762,2091,3.4606028
5808,1299,4.4379654
5808,1304,4.413659
5808,955,4.4126024
5808,457,4.3522654
5808,1,4.347376
5808,1580,3.851235
376,260,4.6967607
376,913,4.658001
376,1278,4.579627
376,2396,4.549733
376,1213,4.547144
376,608,4.518462
376,1358,4.4859514
376,1963,4.3935595
376,2542,4.3322105
376,999,3.9990227
376,348,3.9779665
376,2013,3.9381654
376,2805,3.611886
376,2629,3.5703626
376,2906,3.3705344
2180,1200,3.866102
2180,1204,3.8276954
2180,1210,3.549923
2180,3168,3.5260344
2180,551,3.4397612
2180,10,3.4395676
2180,1097,3.4209573
2180,1408,3.3836136
2180,2137,3.293434
2180,390,3.2139301
2180,1372,3.211074
2180,2529,3.2106974
2180,592,3.2064183
2180,2080,3.194745
2180,588,3.1926322
2180,368,3.186256
2180,24,3.153596
2180,2174,3.1015759
2180,2414,3.0638227
2180,963,3.0425293
2180,1380,3.0276046
2180,1033,2.8652232
2180,1586,2.7150822
2180,533,2.6928434
2180,2735,2.4805765
2180,208,2.0636466
2180,2373,2.0532053
2180,2642,2.020114
2180,455,1.9372396
2180,2162,1.5530965
2180,3054,1.4211398
2180,3593,1.3087612
2180,1595,1.2965986
2180,1599,1.2875794
2180,810,1.2493255
2180,1495,1.2319398
3685,318,5.0996876
3685,858,4.9420195
3685,2858,4.727377
3685,260,4.7049685
3685,1276,4.678199
3685,3468,4.6228437
3685,1307,4.601071
3685,293,4.5619135
3685,1206,4.5422716
3685,919,4.5296707
3685,1089,4.4997997
3685,1257,4.4752626
3685,1097,4.441998
3685,1954,4.4257956
3685,1673,4.3392954
3685,25,4.212878
3685,3160,4.2054834
3685,2395,4.2030945
3685,3104,4.194797
3685,493,4.177534
3685,223,4.1417193
3685,233,4.114498
3685,16,4.083653
3685,3108,4.0040464
3685,2114,3.9996865
3685,1883,3.818153
3685,2273,3.7908812
3685,3952,3.759365
3685,3555,3.7483735
3685,2985,3.7246065
3685,144,3.65871
3685,1129,3.6024482
3685,3865,3.456731
3685,3527,3.4508705
3685,367,3.4262772
3685,2641,3.370782
3685,3752,2.6678236
3685,3785,2.496851
3685,2412,1.4856327
3867,2858,4.594356
3867,919,4.515394
3867,2968,4.087219
3867,610,3.8512058
3867,480,3.8045943
3867,2013,3.7376099
3867,1587,3.6492002
3867,3770,3.5361922
5173,1196,4.271316
5173,3751,3.7496333
5173,1722,3.6991887
5173,2916,3.6533322
5173,1370,3.6058276
5173,2993,3.596202
5173,3618,3.3867488
5173,3755,3.2507038
5173,1690,3.2016027
5173,3208,3.191945
5173,1391,2.9527278
5173,2170,2.9100215
5173,3054,2.3152733
5649,1196,4.2300215
5649,2762,4.188884
5649,1242,4.171917
5649,17,3.9129043
5649,553,3.8346076
5649,265,3.823157
5649,2706,3.8057733
5649,1680,3.7482002
5649,2236,3.6414793
5649,2443,3.565157
5649,25,3.5588307
5649,2470,3.527411
5649,1758,3.5190167
5649,1909,3.511991
5649,86,3.3908453
5649,339,3.374949
5649,358,3.2963123
5649,236,3.239336
5649,1020,3.1604354
5649,1876,3.1269221
5649,2834,3.1117115
5649,74,3.0032516
5649,783,2.8185837
5649,830,2.3254848
4415,912,4.576908
4415,2028,4.4672756
4415,1197,4.370074
4415,1196,4.3658905
4415,110,4.359542
4415,1206,4.247616
4415,1259,4.216401
4415,1240,4.1977196
4415,2959,4.1936245
4415,1374,3.8343425
4415,3108,3.7441792
4415,316,3.5455067
4415,266,3.541536
4415,2628,3.4786224
4415,2712,3.3974776
4415,2605,3.0826015
4415,2694,2.9438338
4415,3698,2.937916
4415,1779,2.3898108
4415,2817,1.2241521
4415,2818,1.1488051
2353,2966,3.9408588
2353,1258,3.8942864
2353,1097,3.8502924
2353,1227,3.798869
2353,590,3.7137475
2353,3160,3.6948233
2353,2716,3.678911
2353,1271,3.6417086
2353,2757,3.5309958
2353,2987,3.5109966
2353,1286,3.4789355
2353,2174,3.4772456
2353,2013,3.458837
2353,454,3.4162197
2353,2100,3.3987832
2353,3831,3.3724513
2353,2145,3.346002
2353,350,3.144998
2353,2369,2.927926
2353,2524,2.714757
2353,2392,1.8508682
397,527,4.447441
397,1234,4.2446938
397,2028,4.233357
397,2248,3.8666122
397,2134,3.4741628
219,3911,3.9382906
219,3753,3.6381586
219,3253,3.4925814
219,2718,3.0457602
219,3785,2.9132297
786,924,4.5347004
786,1527,4.2468967
786,1376,4.2440944
786,1356,4.1992273
786,1748,4.1724234
786,1372,4.0690584
786,295,3.743844
4317,2571,4.216055
4317,1253,4.13416
4317,968,3.6527426
4317,2985,3.0200286
4317,1376,2.9020987
2309,3147,3.8138018
2309,1242,3.8004866
2309,1953,3.7140996
2309,1231,3.6761205
2309,2398,3.6392689
2309,3359,3.6119525
2309,1259,3.570833
2309,1947,3.5009332
2309,1393,3.4705987
2309,1124,3.3653712
2309,3501,3.337807
2309,1835,3.333022
2309,351,3.3003197
2309,3103,3.179437
2309,3199,3.1599245
2309,378,3.0735931
2309,2468,3.0517807
2309,3705,3.0463185
2309,74,3.0388277
2309,168,3.0188067
452,593,4.890726
452,3681,4.634849
452,3386,4.6241093
452,780,4.547653
452,233,4.3660183
452,3418,4.3588624
452,2111,4.3430767
452,273,4.1680937
452,842,4.025527
452,2516,3.6973858
4426,930,4.026192
4426,3307,4.0146084
4426,1269,3.960641
4426,3819,3.8669093
4426,3504,3.6820755
4426,1230,3.582921
4426,1244,3.5435836
4426,3060,3.4327307
4426,3200,3.3682761
4426,2349,3.2057981
4426,2174,2.9514012
3914,1266,4.0479374
3914,1233,4.0204573
3914,1240,4.0013165
3914,3147,3.9557831
3914,2858,3.7417495
3914,1584,3.7378793
3914,1721,3.6973271
3914,1220,3.6954482
3914,1343,3.4377418
3914,1320,3.1222436
3914,2110,2.9595098
3914,435,2.455027
2846,306,3.8897493
2846,1265,3.765276
2846,2020,3.713078
2846,1285,3.658595
2846,3210,3.5188441
2846,2747,3.0030458
2846,2710,2.7761521
2846,3885,2.7729895
2846,3785,2.598283
2846,1821,2.5307374
2846,2688,2.4645693
2846,1586,2.3462336
2846,2606,1.7002555
6012,2766,3.0642548
4174,1270,4.1380763
1805,1213,4.8113236
1805,903,4.808092
1805,2804,4.787242
1805,2571,4.7050014
1805,1172,4.657462
1805,293,4.55034
1805,1285,4.4567966
1805,101,4.4330463
1805,2391,4.396774
1805,2580,4.341986
1805,2916,4.1376157
1805,1580,4.120435
1805,671,4.0595245
1805,733,3.9087734
1805,391,3.8468091
1805,2926,3.5580916
1805,70,3.3251626
1805,2723,3.2709167
1805,1377,3.2219257
490,914,4.3611298
490,1270,4.0868683
490,1064,3.1640568
490,2123,3.1095912
490,2092,2.644783
419,527,4.7430573
419,1198,4.6626124
419,1250,4.5897675
419,1203,4.523951
419,3196,4.4592648
419,933,4.4378476
419,589,4.26009
419,932,4.1377554
419,1282,4.1159053
419,1035,4.0925426
419,1286,3.7529492
419,1810,3.7201648
419,266,3.6228287
1775,1234,4.1331587
1775,2324,4.0980186
1775,2858,4.0619235
1775,608,4.059432
1775,111,4.001527
1775,110,3.9984589
1775,1089,3.9288108
1775,2959,3.91434
1775,1222,3.881762
1775,1387,3.8165817
1775,1673,3.6904473
1775,2948,3.6581573
1775,2890,3.647754
1775,3653,3.4937444
1775,1061,3.4182668
1775,117,3.383779
1775,3298,3.1488707
1775,3016,3.0662282
1775,377,3.0568275
5773,593,4.0915465
5773,47,3.9051924
5773,2628,2.8935018
5773,2881,2.7622852
4013,1240,3.7394705
4013,293,3.6638608
4013,1210,3.57344
4013,17,3.4653516
4013,1682,3.4631417
4013,1610,3.3313584
4013,233,3.15478
4013,2764,2.9361556
4013,2000,2.8098917
4013,3699,2.7058096
4013,780,2.6719131
4013,3698,2.6465473
4013,2167,2.6087942
4013,1586,2.5983167
4013,2505,2.323132
4013,786,2.302643
4013,835,2.2786422
4013,208,1.8725427
2359,3578,4.161929
2359,3408,3.865343
2359,3252,3.639281
2359,3717,3.2459397
2359,3041,2.3493881
652,1610,3.8158667
652,1584,3.2852585
652,2916,3.1762543
652,3081,3.0404592
652,163,2.9322462
652,2842,2.7978601
652,196,2.5207713
652,2094,2.4390013
652,1391,2.1038835
652,256,1.9326346
652,2808,1.6862763
165,1198,4.5845437
165,1997,4.2851706
165,1257,4.106233
165,3366,4.106099
165,1968,4.0547323
165,1019,4.0078096
165,2527,4.0034313
165,2700,3.9719977
165,968,3.9246893
165,3033,3.8346233
165,3520,3.3699148
2738,3147,4.8153596
2738,2289,4.651075
2738,1411,4.56954
2738,1678,4.412107
2738,454,4.353248
2738,3260,4.351732
2738,2291,4.12369
5860,1307,4.2129345
5860,1077,4.0895557
5860,3363,4.059348
5860,539,3.958723
5860,380,3.8985076
5860,3546,3.8468218
5860,1580,3.7218802
5860,2174,3.6797152
5860,3591,3.5595078
5860,2245,3.4036574
5860,1037,2.5234318
2566,2028,4.1609607
2566,3147,3.909603
2566,1265,3.7230024
2566,1275,3.691007
2566,1253,3.605588
2566,2000,3.5946627
2566,2916,3.5534534
2566,3039,3.4821746
2566,3471,3.4433045
2566,2001,3.4264643
2566,1129,3.3955345
2566,1372,3.336734
2566,2803,3.3290157
2566,2951,3.2813144
2566,2087,3.2652788
2566,13,3.192476
2566,39,3.170054
2566,2409,3.064268
2566,227,2.7824693
2566,1021,2.697739
1935,2398,4.0453672
1935,3882,3.5047183
1935,3287,3.100997
850,858,4.335748
850,2571,4.2480226
850,899,4.0857706
850,1263,3.994895
850,1273,3.9459212
850,2664,3.9418898
850,2997,3.916145
850,2948,3.8906069
850,2662,3.882058
850,948,3.8689437
850,2858,3.854504
850,2728,3.853075
850,1340,3.8390715
850,1300,3.8322382
850,2730,3.8216262
850,2920,3.8086894
850,3341,3.8083997
850,1968,3.7924223
850,2080,3.7834156
850,594,3.7679212
850,3949,3.7508893
850,2739,3.7455199
850,2081,3.7300384
850,1957,3.7241294
850,154,3.6970677
850,2069,3.6544046
850,2352,3.6514938
850,2502,3.644297
850,2333,3.6170628
850,2700,3.6048422
850,2178,3.6021936
850,188,3.5991142
850,2161,3.5986497
850,982,3.5414438
850,367,3.4895902
850,3320,3.4789996
850,3699,3.4727507
850,421,3.4670014
850,2899,3.4644156
850,503,3.4322438
850,3643,3.4180436
850,583,3.376274
850,2165,3.3676958
850,3157,3.362247
850,2021,3.3598464
850,785,3.3524961
850,2346,3.3092504
850,157,3.300795
850,2291,3.282046
850,3830,3.259014
850,235,3.2388453
850,1974,3.2281394
850,3566,3.199471
850,70,3.191494
850,3490,2.9778543
5221,1267,4.5654907
5221,111,4.308564
5221,3735,4.1977043
5221,3714,3.3164554
5221,3705,2.214272
3655,2028,4.3277984
3655,2968,3.5501366
3655,2100,3.3468223
2794,527,4.568094
2794,904,4.522195
2794,2762,4.4342375
2794,3435,4.4245815
2794,3462,4.289448
2794,608,4.264487
2794,1704,4.1643944
2794,1304,4.151557
2794,2973,4.104561
2794,1387,3.9952002
2794,529,3.9794075
2794,728,3.865171
2794,1912,3.7746568
2794,1094,3.7640142
2794,2987,3.6240761
2794,3318,3.5079024
2794,3176,3.5072079
2794,2841,3.4645429
2794,2628,3.3311658
2794,3623,2.893624
2794,2688,2.6550953
2794,2719,2.0685055
5793,1307,4.2458577
5793,2529,3.8446178
5793,2023,3.3203387
5580,1198,4.574209
5580,3470,4.410183
5580,919,4.3314676
5580,1036,4.2326145
5580,2971,4.084884
5580,3733,4.0701294
5580,2716,4.033961
5580,2160,3.9918
5580,1663,3.9531221
5580,2687,3.947497
5580,1955,3.9344096
5580,1374,3.9084148
5580,1290,3.8890548
5580,2406,3.8810499
5580,2237,3.8795648
5580,2915,3.8514977
5580,3108,3.8485792
5580,3868,3.8181508
5580,3501,3.772158
5580,2407,3.7511916
5580,2145,3.6693063
5580,2770,3.6564338
5580,3197,3.633641
5580,2688,3.596402
5580,2794,3.5904255
5580,3120,3.5806928
5580,7,3.57946
5580,788,3.5109208
5580,2409,3.4519577
5580,605,3.4343138
5580,1593,3.3968701
5580,3584,3.2578669
5580,3063,3.2187371
5580,2379,2.8959243
436,1237,4.48352
436,150,4.4555836
436,902,4.1599836
436,1584,4.0816355
436,2916,3.920739
436,2015,3.8649728
436,2628,3.7562838
436,3269,3.4732533
436,3489,3.4644866
436,3600,3.4522052
436,1391,3.437356
436,2093,3.4103842
618,1250,4.2696815
618,490,3.1424649
618,1969,1.9035261
5263,1197,4.4515204
5263,457,4.304211
5263,1036,4.2719936
5263,2194,4.01919
5263,1380,3.935018
5263,3256,3.8947444
5263,2353,3.805181
5263,2985,3.4896433
5263,3623,3.442982
5263,3740,3.4247053
5556,919,4.0029626
5556,1189,4.0008454
5556,1946,3.6303039
5556,1408,3.6072698
5556,1748,3.6043525
5556,3527,3.6008484
5556,2355,3.53658
5556,1089,3.4969187
5556,539,3.4913049
5556,1286,3.4611404
5556,1199,3.4327261
5556,2137,3.4159112
5556,417,3.3493326
5556,3155,3.3415189
5556,1025,3.3140008
5556,2105,3.212787
5556,1296,3.2113822
5556,2393,3.1969287
5556,1405,3.1366138
5556,313,3.087669
5556,3584,2.980318
5556,674,2.9569633
5556,2340,2.9238796
5556,2530,2.750236
5556,2808,2.51688
5556,332,2.4307227
4465,2858,4.4183607
4465,1217,4.332597
4465,265,3.989913
4465,1660,3.5861237
4465,2712,3.5009449
4465,2560,2.690936
4465,1064,2.369997
4465,3287,2.188703
4465,3355,2.1558256
4465,48,2.122602
4465,2356,1.996503
4224,678,4.370081
4224,905,4.3249364
4224,919,4.3204865
4224,965,4.3129225
4224,3037,4.311773
4224,1269,4.261972
4224,3152,4.2509046
4224,3814,4.2442093
4224,2917,4.1988263
4224,628,4.121286
4224,597,4.0672836
4224,3396,4.059366
4224,3551,4.0522733
4224,2366,4.0401506
4224,161,4.0224876
4224,1032,3.9808893
4224,3260,3.9437542
4224,2087,3.9365852
4224,1380,3.9235883
4224,2915,3.9077318
4224,3559,3.9004376
4224,2394,3.8798575
4224,2707,3.7768402
4224,1589,3.7423248
4224,2746,3.7408485
4224,1689,3.7220864
4224,2518,3.7091467
4224,3029,3.7010183
4224,2356,3.659385
4224,3684,3.6443853
4224,2135,3.6298409
4224,2581,3.511095
4224,2091,3.3985107
4224,2364,3.2045314
4224,2701,2.75006
5406,1265,3.6827
5406,3359,3.6269305
5406,2000,3.595664
5406,1580,3.4098635
5406,2797,3.3117187
5406,3418,2.9503026
5406,1020,2.9444947
5406,2724,2.8113353
5406,2408,1.759834
4534,2028,4.4534883
4534,1617,4.3689613
4534,1210,3.9958677
4534,2916,3.6960988
4534,647,3.4988256
4534,292,3.2448845
4534,1920,2.5605235
5846,318,4.8206034
5846,1193,4.679567
5846,1276,4.514669
5846,111,4.4426537
5846,1950,4.414795
5846,1084,4.397895
5846,2700,4.0421896
5846,2348,3.8304784
5846,2706,3.7786498
5846,2023,3.5401406
5846,2710,3.2599576
76,1249,4.470344
76,1041,4.4180803
76,1089,4.410763
76,1,4.4044685
76,2959,4.394768
76,2336,4.3421745
76,1912,4.1370897
76,3408,4.1134205
76,2390,3.9980793
76,536,3.567162
76,3946,2.3206666
5562,1207,4.167676
5562,2918,3.871369
5562,529,3.644514
5562,2716,3.5911481
5562,1393,3.567783
5562,350,3.3944879
5562,2883,3.0437
1625,3897,3.9700055
1625,2565,3.7585402
1625,1416,3.171719
207,1721,3.740664
207,12,2.355972
865,858,4.2335625
865,3510,3.7483947
3281,1213,4.605893
3281,2028,4.542292
3281,919,4.444297
3281,1610,4.3720236
3281,589,4.28967
3281,2791,4.243287
3281,1784,4.219483
3281,356,4.218324
3281,3256,4.148094
3281,2797,4.1314096
3281,2716,4.105101
3281,349,4.023938
3281,380,3.9122562
3281,2167,3.9121556
3281,21,3.853493
3281,2916,3.8363073
3281,2490,3.784868
3281,329,3.7091887
3281,2376,3.6300054
3281,1373,3.465222
3281,3208,3.409422
1170,1207,4.6945257
1170,1203,4.571245
1170,2731,4.539233
1170,1136,4.492955
1170,3196,4.412491
1170,1248,4.3714485
1170,910,4.367809
1170,1944,4.366828
1170,1253,4.3303123
1170,1206,4.240213
1170,3062,4.2298965
1170,3507,4.213356
1170,2863,4.0968733
1170,2333,4.0273237
1170,2716,4.017486
1170,3044,4.0119615
1170,1162,4.010907
1170,1357,3.9695547
1170,2009,3.9449632
1170,1350,3.782665
1170,764,3.6752195
1170,2331,3.6152413
1170,2346,3.4270248
323,260,4.6566076
323,1136,4.5986156
323,2396,4.362528
323,1175,4.2640076
323,1294,4.2314873
323,29,4.1756234
323,920,4.149924
323,588,4.0411806
323,3175,3.9980361
323,2700,3.9491081
323,3358,3.847034
323,45,3.821034
323,3255,3.6223798
323,2770,3.474467
323,224,3.453246
323,2702,3.336144
323,2712,3.3215456
323,3809,3.1346803
2883,1208,4.251147
2883,2333,3.688171
2883,2502,3.595633
2883,2580,3.5862615
2883,1517,3.5458674
2883,346,3.2698684
2883,2023,2.805307
2883,2759,2.7707183
2883,3272,2.6477544
2883,2723,2.4994655
2883,3016,2.2734144
2883,2581,2.2401717
2883,2320,2.2180579
2883,2153,1.1529238
801,260,4.4012737
801,899,4.3742027
801,296,4.239032
801,1228,4.222324
801,1225,4.217503
801,541,4.1845145
801,1293,4.1474347
801,2028,4.1405287
801,1090,4.137747
801,1247,4.1326885
801,308,4.031684
801,3363,3.9802544
801,1968,3.7802262
801,345,3.7792244
801,1270,3.7418184
801,3255,3.6904528
801,1397,3.6790724
801,1966,3.575446
801,412,3.55554
801,2774,3.4800906
801,3550,3.348463
801,2874,3.3372264
801,587,3.0905967
882,29,4.600673
882,1270,4.590796
882,3481,4.5027914
882,2665,4.2274313
882,1690,3.6933422
882,1882,2.156544
5187,2762,4.486762
5187,2858,4.372521
5187,2571,4.298948
5187,541,4.2350817
5187,1077,4.056263
5187,2848,3.9146826
5187,595,3.807397
5187,3175,3.6942725
5187,1653,3.6500378
5187,2916,3.2324624
5187,2746,3.204395
5187,802,2.7972047
5187,2454,2.7490127
5187,3208,1.8449861
3827,457,4.3514614
3827,110,4.1897593
3827,123,4.1316714
3827,2922,3.9215708
3827,165,3.9055963
3827,1396,3.8888402
3827,3175,3.8232412
3827,368,3.8110743
3827,316,3.7576442
3827,225,3.642448
3827,2055,3.3664474
3827,315,3.2346737
3827,416,3.1474102
3827,2701,2.6650763
4029,3789,4.1467724
4029,3504,3.9716935
4029,2565,3.9208782
4029,3072,3.8352177
4029,901,3.6091166
377,1148,4.459147
377,1208,4.281564
377,1196,4.196695
377,1278,4.1352987
377,1258,4.089966
377,246,4.0667887
377,1089,3.9442592
377,1333,3.8481016
377,595,3.8200037
377,474,3.7680402
377,1407,3.7345653
377,3763,3.6591296
377,2193,3.6438766
377,733,3.6419027
377,10,3.5673344
377,1094,3.5640988
377,3706,3.34941
1434,1265,2.8403907
1434,2431,2.797353
1434,1982,2.544893
1434,1588,2.505032
1434,1407,2.4684088
1434,1569,2.402745
1434,1376,2.3929462
1434,891,2.3807204
1434,2338,2.3806064
1434,3273,2.3805063
1434,2363,2.3598225
1434,2552,2.3538094
1434,3793,2.3512995
1434,1381,2.3478217
1434,2633,2.3473141
1434,1592,2.334385
1434,1474,2.3267934
1434,1602,2.3076687
1434,1968,2.2607045
1434,968,2.2052078
1434,1320,2.1593807
1434,2858,2.1453156
1434,3864,1.9175924
1873,1193,3.939238
1873,1196,3.9383678
1873,110,3.8889334
1873,2918,3.8629794
1873,1610,3.8405714
1873,1961,3.7858317
1873,1036,3.7389355
1873,733,3.7188685
1873,3421,3.6735897
1873,1617,3.656405
1873,3753,3.6504836
1873,3408,3.5816083
1873,539,3.5559118
1873,1393,3.5192156
1873,2763,3.515316
1873,3082,3.4841428
1873,357,3.425563
1873,2968,3.4160604
1873,2076,3.385025
1873,2826,3.3800726
1873,2431,3.36794
1873,1835,3.3621159
1873,3155,3.351789
5159,3510,3.7285933
5159,3555,3.3650575
5159,511,2.6044207
5159,420,1.7877079
5159,3593,1.1929709
4923,678,4.265978
4923,1641,3.7684355
4923,1094,3.7327995
4923,3053,2.7873518
804,1221,4.140599
804,2762,4.104409
804,608,4.0027933
804,443,2.2249172
4892,1704,3.9835918
4892,1097,3.7321243
4892,480,3.571082
4892,2311,3.375012
4892,2011,3.2835712
4892,3269,2.7056463
4892,2054,2.5040774
4892,849,1.9112597
4892,66,1.3140218
4156,1225,4.3428183
4156,1221,4.341181
4156,541,4.303937
4156,110,4.245226
4156,1263,4.2326355
4156,1945,4.1079707
4156,2660,4.041274
4156,2944,4.0095468
4156,2916,3.9538798
4156,10,3.8763576
4156,1909,3.8712723
4156,2580,3.8701606
4156,1653,3.840201
4156,648,3.8200765
4156,21,3.803836
4156,3639,3.7801714
4156,163,3.7662024
4156,2280,3.7318194
4156,2391,3.7101707
4156,996,3.7080543
4156,504,3.7030268
4156,1627,3.6796026
4156,1876,3.6217968
4156,3257,3.615785
4156,204,3.5978675
4156,2023,3.5863943
4156,1037,3.5251071
4156,707,3.4868343
4156,2373,3.4860127
4156,2410,3.4519362
4156,479,3.447414
4156,20,3.4344769
4156,1388,3.4336424
4156,2808,3.389665
4156,2126,3.3490062
4156,3781,3.3414252
4156,2616,3.306982
4156,809,3.2794003
4156,762,2.9152796
5699,745,4.082054
5699,903,3.9704711
5699,2571,3.9145503
5699,1036,3.7451854
5699,1240,3.7419648
5699,2918,3.6489723
5699,3471,3.6475601
5699,1963,3.5616577
5699,2000,3.4342809
5699,2795,3.359033
5699,588,3.3564782
5699,1948,3.352489
5699,480,3.2404232
5699,2946,3.2312467
5699,2321,3.2135758
5699,2118,3.204139
5699,3032,3.1253967
5699,3550,2.9123578
5699,2528,2.8360438
5699,587,2.821877
5699,2759,2.7726545
5699,2836,2.729294
5699,2344,2.6956143
5699,3614,2.654931
5699,3070,2.4941597
5699,2826,2.2446036
5699,2533,2.1521735
5699,2531,1.8975114
1315,1204,4.8851805
1315,1247,4.7304134
1315,1172,4.65164
1315,3683,4.61687
1315,924,4.5385513
1315,3742,4.3273697
1315,3317,4.257797
5506,1073,4.2834773
5506,2087,4.1868057
5506,2193,4.040212
5506,3145,3.868347
5506,2021,3.5451539
5506,2017,3.0535493
5506,2162,2.1868153
5506,1702,2.1377883
2681,260,4.3733015
2681,232,4.331669
2681,899,4.295672
2681,1947,4.140855
2681,1035,4.0732746
2681,3448,3.8924704
2681,265,3.8896337
2681,2144,3.8702621
2681,1029,3.8680685
2681,1032,3.7943475
2681,2891,3.7485728
2681,2470,3.7316842
2681,3398,3.7094707
2681,2245,3.6806889
2681,1020,3.6460652
2681,2683,3.56355
2681,2496,3.5429854
2681,2416,3.497766
2681,2054,3.4710202
2681,2100,3.4499888
2681,1425,3.4432142
2681,719,3.2983694
2681,3258,2.9490504
2681,1453,2.6309607
2681,1863,2.5799983
2681,2381,2.3786979
2145,1253,5.03989
2145,1270,4.7172813
2145,1784,4.7089853
2145,2081,4.574811
2145,3868,4.570492
2145,3702,4.475236
2145,610,4.448767
2145,2083,4.373952
2145,3081,4.041395
2145,799,4.0205855
2145,3264,3.964801
2145,2647,3.8890138
2145,2496,3.825432
2145,3269,3.6317818
2145,2093,3.465251
2145,2004,2.9459152
2145,435,2.9073088
2145,2713,2.58564
2145,2448,2.3087814
2145,2643,1.4148002
4363,858,4.9693437
4363,2571,4.930465
4363,1196,4.7777843
4363,1345,4.339807
4363,3420,4.3064375
4363,2866,4.2940907
4363,2779,4.2341022
4363,832,4.214795
4363,2991,4.1977787
4363,2640,4.176843
4363,3015,4.161123
4363,3040,4.0819273
4363,2015,4.0681677
4363,3771,4.0475492
4363,329,3.9638
4363,2136,3.9039683
4363,2822,3.6755605
4363,158,3.5648727
4662,2762,3.7910604
4662,1784,3.4018273
4662,1580,3.256013
4662,1485,3.1978383
4662,58,3.129
4662,1042,3.1272116
4662,1672,3.0680368
4662,236,2.9532816
4662,2321,2.918623
4662,543,2.9068093
4662,491,2.6309426
4662,1895,2.5670288
4662,2266,2.4152272
4662,1377,2.3663201
4662,1409,2.3554537
4662,486,2.2185638
4662,186,2.210461
4662,2961,2.2028966
4662,830,2.172742
4662,466,2.1598356
4662,153,1.9943305
1467,2858,4.261096
1467,3897,4.2354326
1467,1961,4.0908813
1467,2706,4.068268
1467,3160,3.940941
1467,2355,3.9383993
1467,2686,3.8978388
1467,2310,3.7750738
1467,2617,3.6559453
1467,448,3.6552143
1467,2683,3.449789
1467,3179,3.432706
1467,2672,3.3900132
1467,2676,3.361085
3239,296,3.9620366
3239,1721,3.6174705
3239,3418,3.54882
3239,1569,3.4940004
3239,785,3.4250922
3239,2961,3.248045
3501,1198,4.755141
3501,1193,4.612301
3501,2762,4.610037
3501,899,4.605379
3501,1208,4.602419
3501,923,4.570184
3501,1272,4.554701
3501,1221,4.507432
3501,1249,4.297173
3501,3007,4.244994
3501,920,4.22429
3501,1354,4.1932764
3501,589,4.189008
3501,2352,4.150853
3501,337,4.1461945
3501,535,4.130302
3501,2395,4.125873
3501,2919,4.067882
3501,2108,3.9049172
3501,2883,3.8109512
4371,899,4.139906
4371,2761,4.04762
4371,1721,3.9573808
4371,2686,3.7839723
4371,1674,3.7702296
4371,2581,3.5287318
4371,2171,3.5033746
4371,2100,3.4686608
4371,3269,3.4502091
4371,2490,3.3940954
4371,48,3.3365297
4371,3594,3.3287656
4371,708,3.2593234
4371,105,3.2302961
4793,36,3.975553
4793,34,3.8931584
4793,1682,3.7076318
4793,1188,3.6698222
4793,2949,3.6178098
4793,314,3.5162065
4793,3052,3.3233814
4793,454,3.1275163
4793,253,3.0958118
4793,21,3.084313
4793,361,3.0727115
4793,1527,3.0490322
4793,1619,2.7921908
4793,580,2.7807987
4793,781,2.5543115
4793,224,2.466762
4793,2628,2.3901603
4793,1573,2.3620455
3332,1196,4.133568
3332,2858,3.9812987
3332,3481,3.8227456
3332,2734,3.1670854
3332,2433,3.124868
3332,3177,2.6105828
3332,2676,2.5924747
1868,1284,3.5819654
1868,3788,3.098817
99,260,4.2518673
99,2018,3.44947
99,1012,3.446862
99,3298,3.207184
99,344,3.012313
99,3755,3.009715
99,3615,2.6475627
99,3484,2.389434
99,3646,2.1265497
99,3825,2.021042
91,3421,4.856527
91,921,4.6620245
91,514,4.2101336
4500,3082,3.258747
4500,3175,3.2325206
4500,3623,2.957109
4500,3515,2.623453
4500,3752,2.523679
129,541,4.487502
129,2318,4.175117
129,1220,4.172639
129,1061,3.9825463
129,507,3.971595
129,2002,3.915526
129,2605,3.7761717
129,1711,3.66046
129,3764,3.3805966
1987,110,4.0123644
1987,1396,3.500082
1987,3555,3.4366353
1987,3176,3.1129
4057,3147,4.0979786
4057,1625,3.8849273
4057,3654,3.7939048
182,1213,4.115959
182,3578,4.1074467
182,1704,4.058166
182,3948,3.683853
182,2700,3.600265
182,1584,3.5467422
182,2436,3.4845824
182,3809,3.2121797
182,1747,3.18915
182,312,2.5681205
2841,858,4.887415
2841,1252,4.7627463
2841,2329,4.7381907
2841,260,4.716575
2841,3634,4.6401973
2841,1132,4.6346483
2841,593,4.6284275
2841,670,4.619479
2841,111,4.5627413
2841,3910,4.5357084
2841,920,4.5103383
2841,150,4.4813213
2841,1244,4.4556804
2841,3728,4.4400616
2841,1923,4.4261217
2841,535,4.400209
2841,1218,4.3734283
2841,2890,4.365506
2841,3859,4.3506536
2841,322,4.3129845
2841,373,4.30035
2841,1914,4.298008
2841,3361,4.288924
2841,1732,4.2507954
2841,2502,4.248857
2841,1407,4.2266417
2841,1356,4.2019215
2841,2987,4.1920104
2841,3163,4.177373
2841,1183,4.1567054
2841,480,4.1389275
2841,3948,4.105665
2841,1573,4.0879436
2841,3174,4.05289
2841,1729,4.0503902
2841,1645,4.0176215
2841,3566,3.9966567
2841,806,3.9726365
2841,1883,3.9307742
2841,3176,3.9066024
2841,3744,3.8348467
2841,3623,3.5250196
2841,2491,3.3306668
2841,849,3.3261244
1894,593,4.65474
1894,1242,4.6328177
1894,1041,4.497539
1894,1185,4.49004
1894,1259,4.48627
1894,232,4.475262
1894,3498,4.4616976
1894,589,4.4601645
1894,1719,4.4210234
1894,308,4.3899918
1894,73,4.197836
1894,2585,4.1800103
1894,1721,4.177084
1894,3100,4.1126394
1894,3211,3.9035454
1894,1059,3.7625062
1894,3045,3.6324475
1894,2712,3.5349858
4933,1148,4.5374594
4933,2571,4.4323406
4933,1284,4.3445277
4933,903,4.288459
4933,1244,4.1907864
4933,1199,4.131262
4933,3083,4.1068883
4933,2664,3.92683
4933,2076,3.9043999
4933,3260,3.8280263
4933,3358,3.7926884
4933,1183,3.788781
4933,1732,3.7873166
4933,2967,3.709982
4933,3078,3.6903677
4933,21,3.6525624
4933,3658,3.5898888
4933,597,3.3833904
4933,2683,3.1900587
4933,468,3.0023203
4933,2384,2.995947
4933,691,2.6077895
4933,166,2.5047321
2685,3730,4.0186543
2685,1240,3.94193
2685,2313,3.837256
2685,3408,3.781576
2685,440,3.7518306
2685,2716,3.7146485
2685,1964,3.677824
2685,2797,3.638191
2685,2919,3.637587
2685,3244,3.6348958
2685,3230,3.570058
2685,3812,3.5215268
2685,2150,3.5084553
2685,2866,3.4947548
2685,2361,3.329647
2685,3519,3.2502186
2685,1371,3.051902
2685,782,2.8043513
2685,3190,2.2922359
2978,912,4.302871
2978,2762,4.21109
2978,1203,4.1955066
2978,1213,4.1843796
2978,1260,4.136508
2978,1104,4.0062575
2978,3196,4.00132
2978,246,4.001112
2978,965,3.9822483
2978,36,3.9621553
2978,1952,3.929131
2978,936,3.8640432
2978,1246,3.808485
2978,3019,3.7588868
2978,1289,3.7219896
2978,3361,3.7182808
2978,223,3.6480608
2978,3418,3.6051502
2978,1029,3.6043088
2978,2159,3.31309
4403,50,4.6447067
4403,2571,4.39747
4403,1617,4.3751163
4403,356,4.2252083
4403,2912,3.687888
4403,835,3.097795
1568,1203,4.3781824
1568,3147,4.2667856
1568,1219,4.1324825
3023,3897,4.230406
3023,3863,3.53044
3023,2699,3.0255284
3023,2629,2.8825555
2328,1970,3.3906226
2328,370,3.33493
2328,3,3.0555463
2328,2291,3.0378036
1417,3510,3.8560536
1417,3744,3.1133611
1417,3319,2.7251794
1417,2269,2.3439982
4912,2997,4.1093707
4912,1394,3.819895
4912,3125,3.7506635
4912,3145,3.3931499
203,1270,2.7661357
203,62,2.760673
203,507,2.4357188
203,2712,2.339735
203,628,2.307277
203,3252,2.2284865
203,1120,2.083999
203,1363,2.043849
203,605,2.0078232
203,261,2.0064483
203,4,1.7972395
203,3262,1.7543452
203,3257,1.7373592
2137,150,4.600533
2137,3948,4.3011208
2137,2000,4.2791348
2137,3745,4.2256927
2137,24,4.148802
2137,316,4.1269474
2137,2628,4.074495
2137,2722,3.8154488
2137,1037,3.6358845
736,260,4.771409
736,1,4.4426126
736,2706,4.2245803
736,6,4.211238
736,2502,4.1799583
736,2011,4.1071625
736,1580,4.049371
736,592,4.0328674
736,2291,3.8604221
736,3513,3.2931194
736,2881,3.195203
736,3697,2.9511483
736,20,2.880296
3474,527,4.814006
3474,3147,4.7502265
3474,950,4.6816387
3474,2935,4.6259894
3474,1617,4.5671415
3474,1947,4.527464
3474,1348,4.4258385
3474,1199,4.414672
3474,2997,4.4026937
3474,1394,4.3401165
3474,2706,4.3281417
3474,2355,4.31533
3474,900,4.3101788
3474,515,4.3054714
3474,2394,4.158086
3474,2987,4.132148
3474,2600,4.120799
3474,3174,4.022443
5014,3470,3.8829584
5014,1225,3.8675008
5014,1617,3.664558
5014,1249,3.5791588
5014,1301,3.5333815
5014,32,3.4888282
5014,3471,3.4152377
5014,1527,3.382699
5014,1376,3.301881
5014,1965,3.2727675
5014,2661,3.1687999
5014,2116,3.0623648
5014,520,2.728704
5014,3638,2.6377215
5014,2532,2.266784
4846,2997,3.9469268
4846,3552,3.714863
4846,1732,3.550259
4846,2002,3.437482
4846,1569,3.3670566
4846,3081,3.3306603
4249,903,4.1835375
4249,3147,4.0980577
4249,589,3.885546
4249,2160,3.694447
4249,1754,3.3341546
4249,1620,2.9702542
4249,423,2.8503277
4249,61,2.47339
4249,3697,2.0731514
4249,2122,1.6510437
4982,1291,4.8216424
4982,1994,4.442816
4982,1345,4.2422857
2990,318,4.843644
2990,1193,4.7434607
2990,745,4.7069607
2990,899,4.6552677
2990,1221,4.5704346
2990,1299,4.504076
2990,1084,4.3968086
2990,2067,4.347876
2990,3741,4.324711
2990,1222,4.321581
2990,1185,4.2914724
2990,1354,4.2418103
2990,3363,4.238916
2990,1231,4.199333
2990,933,4.1958303
2990,319,4.1914673
2990,529,4.1342773
2990,3068,4.0690784
2990,356,4.027455
2990,551,3.7277403
2990,1393,3.6138313
2990,3809,3.2132158
2990,1088,3.0148554
2990,377,3.0023847
2990,2802,2.5444045
2467,2366,4.495525
5983,110,4.3482947
5983,1240,4.306831
5983,589,4.150026
5983,1374,4.0478244
5983,344,3.6610324
5983,3354,3.4287956
3630,50,4.560481
3630,590,4.0369463
3630,2947,4.0340557
3630,2302,3.8934135
3630,2949,3.841541
3630,1732,3.7363963
3630,2081,3.6657567
3630,648,3.5199957
3630,112,3.4904184
3630,2085,3.4457202
3630,350,3.436232
3630,1573,3.3324728
3630,586,3.28234
3630,2082,2.6859035
3630,208,2.659669
3630,3439,2.012681
3630,3248,1.825017
3630,2053,1.7815762
3630,1499,1.6313218
3630,1739,1.3645635
5294,903,4.6651278
5294,1196,4.4822836
5294,541,4.4167905
5294,3471,4.3823442
5294,1240,4.317051
5294,1333,4.2873797
5294,902,4.256469
5294,2908,4.2374277
5294,223,4.1913843
5294,1282,4.1768527
5294,1210,4.106091
5294,2968,4.035299
5294,1374,3.9154496
5294,3253,3.6058881
5294,2011,3.4985695
5294,674,2.987571
3178,1198,3.7910812
3178,2762,3.6819086
3178,1301,3.2760072
3178,1610,3.0886848
3178,2495,2.8518453
3178,2700,2.8486705
3178,1584,2.8257284
3178,3927,2.6086807
3178,2363,2.5281422
3178,2681,2.4139407
3178,2147,1.8896556
3178,2549,1.341578
3178,880,1.2347257
3178,2450,1.2238761
1147,1945,4.0549235
1147,898,3.968324
1147,1189,3.9260345
1147,3789,3.9018216
1147,910,3.8939717
1147,3462,3.8391962
1147,668,3.8285215
1147,3114,3.770207
1147,28,3.7001247
1147,480,3.6900892
1147,3929,3.6353033
1147,306,3.5509133
1147,1649,3.5386162
1147,1151,3.3851259
1147,524,3.3357816
1147,2287,3.3350997
1147,661,3.3323283
1147,3658,3.305429
1147,1415,3.2100387
1147,144,3.1960456
1147,2021,3.1374416
1147,496,3.0946932
1147,3934,3.0252874
1147,3638,3.0111477
1147,2483,2.8764684
1147,3850,2.6786375
1147,3937,2.5428247
4761,1258,4.414036
4761,1682,4.071948
4761,3174,3.5583708
4761,2628,2.511486
4761,3273,1.6179845
5766,590,4.013903
5766,2858,3.838329
5766,7,3.7973542
5766,1385,3.6138937
5766,151,3.5558658
5766,3409,3.4921174
1275,1944,4.5567274
3555,1210,3.8187165
3555,1291,3.8004453
3555,1374,3.6374335
3555,380,3.5846837
3555,940,3.5330887
3555,2987,3.5187669
3555,2161,3.4820447
3555,3406,3.2912817
3555,2048,3.2773383
3555,1544,3.256969
3555,3269,3.239372
3555,107,3.2202566
3555,1375,3.1447394
3555,2,3.0969453
3555,849,2.5959957
3555,153,2.388455
3555,1499,1.7808509
2669,1207,4.5230784
2669,1304,4.305065
2669,1266,4.236839
2669,1294,4.220373
2669,2858,4.211251
2669,1247,4.2021947
2669,3006,4.147375
2669,1961,4.109493
2669,2664,3.9676924
2669,2648,3.9489403
2669,1034,3.6094148
2669,2647,3.4316978
2669,3755,3.4196846
2669,3649,3.3981967
2669,3409,3.3627687
2669,2517,3.2943058
3541,3499,4.1386647
2913,3035,4.4460745
2913,232,4.380254
2913,1,4.3606234
2913,110,4.2893224
2913,1185,4.285014
2913,36,4.266296
2913,293,4.2436285
2913,1243,4.221596
2913,1188,4.2082033
2913,759,4.1879187
2913,150,4.1828756
2913,1834,4.150193
2913,2336,4.149081
2913,180,4.139739
2913,1997,4.1185665
2913,1095,4.090208
2913,3098,4.0686736
2913,1022,4.039333
2913,16,4.0354605
2913,1897,3.9660525
2913,3521,3.9478307
2913,2099,3.9349465
2913,1343,3.9080317
2913,1081,3.877708
2913,3358,3.7782192
2913,991,3.754478
2913,1648,3.7517834
2913,3081,3.7319767
2913,1916,3.721268
2913,159,3.717601
2913,18,3.6948295
2913,776,2.6799603
4544,2019,4.426467
4544,969,4.0960894
4544,1256,3.9803474
4544,2729,3.8695438
4544,978,3.7392354
3487,3435,4.1601505
3487,2858,4.0769615
3487,1617,4.048717
3487,1089,3.9079185
3487,1293,3.895835
3487,920,3.8305962
3487,1674,3.825012
3487,3362,3.800273
3487,1246,3.756382
3487,778,3.7562895
3487,2067,3.7522376
3487,1277,3.7456596
3487,1834,3.722623
3487,6,3.7197676
3487,3037,3.7171865
3487,319,3.653592
3487,2890,3.6018896
3487,1748,3.5108104
3487,1035,3.4951825
3487,2690,3.451111
3487,3812,3.3037367
3487,3719,3.2177467
3487,3186,3.2140064
3487,39,3.1415353
3487,3179,2.835419
3487,3298,2.8203127
3487,3649,2.75381
3487,225,2.591536
3487,3752,2.0676868
425,898,4.07805
425,593,4.036845
425,2028,4.0019264
425,2804,3.9729426
425,2300,3.9461262
425,2788,3.9392238
425,3095,3.9104881
425,1953,3.8158522
425,1834,3.740268
425,1610,3.6936753
425,480,3.6763308
425,440,3.6376514
425,1641,3.6124647
425,1393,3.5938966
425,1948,3.573206
425,1380,3.555062
425,1425,3.2084734
425,2291,3.1649337
425,1589,3.1326065
425,410,3.0259166
773,260,4.4718885
773,2959,4.0327353
773,589,3.995423
773,1210,3.9715009
773,3793,3.8305428
773,2394,3.6059468
773,3863,3.4360366
773,2975,3.3311841
5516,2804,4.5424104
5516,3147,4.421504
5516,608,4.4035535
5516,2918,4.3663483
5516,2248,4.261463
5516,2797,4.2586193
5516,1580,4.181274
5516,3448,4.1535053
5516,515,4.1304584
5516,3118,3.9068277
5516,2583,3.8798842
5516,781,3.787557
5516,1892,3.7318652
5516,2002,3.7151542
5516,2405,3.579164
4107,858,4.995698
4107,1208,4.8533993
4107,2571,4.765154
4107,1280,4.700053
4107,1259,4.6325207
4107,293,4.624809
4107,2336,4.568465
4107,1500,4.5401034
4107,2908,4.5074453
4107,3703,4.4772787
4107,1179,4.3782234
4107,1407,4.366573
4107,597,4.283821
4107,1033,4.1797657
4107,3448,4.1300445
4107,1552,4.10267
4107,2134,4.073558
4107,1356,4.0112348
4107,1127,3.881133
4107,2167,3.8791447
4107,3528,3.8270738
4107,2146,3.7989984
4107,2772,3.5105321
4107,3257,3.4398425
4107,2266,3.3634999
4107,1679,2.9549532
4107,3268,2.3597953
2686,1231,2.9411836
2686,1334,2.558876
2686,2699,2.5516937
5751,480,4.010083
5751,2390,3.6659381
5751,2759,3.6152115
5751,2694,3.5938148
5751,2718,3.4670002
5751,27,3.4232955
5751,808,3.3984709
5751,2723,3.3759103
5751,1474,3.2568011
5751,2701,3.2088847
370,2997,4.4257116
370,3827,3.6154096
370,3623,3.3983054
370,2976,3.1999764
370,3717,2.928004
370,2826,2.9040604
5121,745,4.3660817
5121,2289,3.8924465
5121,2000,3.8577552
5121,345,3.8101482
5121,3178,3.8077335
5121,357,3.7869582
5121,2706,3.7837055
5121,1777,3.6205976
5121,316,3.603232
5121,3020,3.5950425
5121,648,3.5794756
5121,329,3.5567758
5121,252,3.2690635
5121,145,3.2181008
5121,2002,3.2072062
5121,2413,3.0806828
5121,95,2.9729738
5121,1687,2.9029055
5121,1681,1.6585314
2138,2797,4.1008253
2138,1584,4.047626
2138,1917,3.9992108
2138,671,3.8874793
2138,1831,3.4906392
2138,2448,3.3459914
2138,2986,3.1349764
5953,2762,4.634248
5953,3350,4.329188
5953,32,4.2956553
5953,529,4.2628527
5953,1625,4.2367206
5953,1580,3.9416015
5953,1653,3.8936372
5953,610,3.8018389
5953,1372,3.6703322
5953,239,2.6510806
5953,558,2.5808117
5674,912,4.701519
5674,2692,4.435385
5674,1,4.415968
5674,590,4.3241158
5674,36,4.292774
5674,2916,3.841173
5674,2122,2.260931
990,34,3.6852202
990,2694,3.482194
990,353,3.4429104
990,3040,3.2887895
990,2599,3.0657167
990,235,2.9497554
990,2699,2.8969955
2651,260,4.21264
2651,3256,3.455289
2651,1127,3.3581014
2651,1608,3.2701526
2651,592,3.1248198
2651,1378,3.0102386
2651,494,2.8961504
2651,2617,2.6897252
2651,95,2.62295
2651,1792,2.5410957
2651,786,2.4646447
2651,3697,2.1319668
5798,2858,4.3627157
5798,1230,4.2686763
5798,2396,4.224037
5798,3072,3.9249034
5798,357,3.861207
5798,492,3.7267473
5798,11,3.6140308
5798,3591,3.3883297
5798,377,3.2789223
5798,2770,3.2773547
5798,3404,2.858236
5798,2688,2.48898
4939,912,4.482231
4939,1197,4.259531
4939,3359,4.1526675
4939,1220,3.8959866
4939,2795,3.836173
4939,509,3.7824914
4939,2355,3.775954
4939,357,3.6940863
4939,2912,3.6604567
4939,3255,3.6573236
4939,52,3.6099312
4939,2915,3.4925194
4939,2463,3.3669913
4939,2799,1.1093326
2921,3504,3.8229866
2921,1097,3.769878
2921,1527,3.700787
2921,2288,3.6867275
2921,2529,3.6693196
2921,2140,3.4439855
2921,2641,3.3947017
2921,1603,3.1874738
2921,2094,3.1108181
2921,1037,2.9673457
2921,2808,2.8675675
2921,2851,2.7216487
4542,1252,4.1421127
4542,2396,3.8017402
4542,3175,3.4210129
4542,3129,3.3231406
5681,2858,4.0478973
5681,1278,4.0124407
5681,3036,3.1542282
2060,3578,3.8716283
2060,866,3.6188128
2060,104,3.5530577
2060,3753,3.540092
2060,2268,3.4957461
2060,1060,3.4536705
2060,1079,3.4306626
2060,780,3.3978143
2060,3081,3.360685
2060,25,3.342004
2060,1641,3.303807
2060,3418,3.2695475
2060,2683,3.2675571
2060,1059,3.2054553
2060,1120,3.194519
2060,736,3.19199
2060,2759,3.1290374
2060,562,3.0941038
2060,3254,3.0798202
2060,434,3.0404687
2060,1627,3.008386
2060,3614,2.8007588
2060,784,2.6463745
2060,71,2.4291701
2060,234,2.2234879
2060,1474,2.1737418
2060,1556,1.6347246
5633,1213,4.2890577
5633,1208,4.2757
5633,296,4.241638
5633,919,4.1987076
5633,541,4.19808
5633,1584,3.7432284
5633,3527,3.3611035
709,2973,4.326707
709,3868,3.948609
709,2174,3.8449934
709,3608,3.6815338
709,3491,3.3694613
709,2710,3.3106842
709,1717,3.2270105
709,1973,2.0330877
709,2868,1.9723436
709,3665,1.8409272
709,3663,1.8108708
709,1990,1.7008018
1281,3897,3.8905897
1281,3083,3.8102078
1281,1704,3.716438
1281,17,3.7156568
1281,3549,3.4796872
1281,595,3.4750345
1281,515,3.4398296
1281,3952,3.3524914
1281,1095,3.3199182
1281,281,3.258937
1281,501,3.1822853
1281,1678,3.133841
1281,2024,2.774654
1281,366,2.0557532
1281,166,1.8691626
2942,922,4.853691
2942,2731,4.7200246
2942,1104,4.6689944
2942,1293,4.5628166
2942,1304,4.5116787
2942,1961,4.4046264
2942,2396,4.3969913
2942,2648,4.3313036
2942,2289,4.3298454
2942,1938,4.3284836
2942,615,4.2851706
2942,3201,4.278059
2942,3735,4.2768044
2942,2677,4.2698693
4959,1203,4.6632524
4959,1148,4.6598873
4959,1136,4.5772853
4959,1299,4.544776
4959,1089,4.4525857
4959,1200,4.45011
4959,1231,4.4100294
4959,308,4.2870655
4959,2951,4.2640266
4959,2662,4.1893315
4959,2138,4.188726
4959,553,4.1746707
4959,1962,4.1491003
4959,6,4.115801
4959,300,4.0867157
4959,2080,4.076192
4959,480,4.0202675
4959,1120,4.0146303
4959,2174,3.958659
4959,3701,3.724594
4959,828,3.546885
4959,61,3.4466453
712,923,4.2339807
712,1201,4.156018
712,1276,4.146453
712,3114,4.128377
712,1,4.11553
712,2194,3.9699178
712,3499,3.9128442
712,6,3.847998
712,2064,3.8315923
712,1374,3.8216257
712,2102,3.6080148
712,2012,3.5786364
712,671,3.557643
712,1025,3.5507834
712,2694,3.5219476
712,2985,3.4896855
712,2294,3.4838126
712,2628,3.3615823
712,145,3.3489213
712,2,3.2840033
712,2617,3.1990726
712,1603,3.041379
712,2598,2.944354
712,2188,2.889446
2741,1089,4.443469
2741,1377,3.2122095
5085,908,4.8918447
5085,50,4.8834095
5085,1234,4.6691236
5085,1278,4.6280966
5085,950,4.6213083
5085,933,4.609523
5085,1267,4.6054964
5085,3421,4.5618114
5085,628,4.4530096
5085,3475,4.4364953
5085,1259,4.4362164
5085,3062,4.4188404
5085,1945,4.386566
5085,2020,4.3593445
5085,3061,4.3116198
5085,2941,4.2535067
5085,3543,4.2415314
5085,1641,4.233921
5085,2321,3.8948717
5085,235,3.8440611
5085,2264,3.6616912
3839,2355,3.9455495
3839,1393,3.714734
3839,1729,3.6934142
3839,379,3.262652
3839,2808,2.8839803
3839,2498,2.3449013
4927,356,4.169069
4927,293,4.16467
4927,300,3.9539702
4927,653,3.8632426
4927,2628,3.861594
4927,2291,3.8216124
4927,1690,3.7185857
4927,1779,3.6897655
4927,153,3.6111882
4927,379,3.563255
5578,2692,4.4114704
5578,2804,4.3527603
5578,1304,4.3219366
5578,1036,4.2185163
5578,2791,4.112253
5578,281,3.7977836
5578,2427,3.7341964
5578,2005,3.570422
5578,1101,3.4915745
5578,3082,2.999084
5578,3005,2.9917989
312,50,4.249065
312,1262,4.1364193
312,1276,3.9491034
312,2357,3.9409537
312,3360,3.7983835
312,1084,3.7406845
312,1090,3.6646996
312,788,2.4891458
3104,1617,4.410002
3104,1610,4.208105
3104,3594,3.547177
3104,3717,2.9665983
1972,1193,4.8068714
1972,1247,4.745628
1972,1617,4.7021513
1972,1196,4.631847
1972,1939,4.561593
1972,3551,4.320237
59,2019,3.9876103
59,1207,3.9852285
59,1304,3.805761
59,1066,3.7999463
59,928,3.7987573
59,3911,3.773284
59,969,3.7424097
59,1226,3.732776
59,905,3.6992478
59,1265,3.6723526
59,2966,3.6491132
59,2336,3.6003788
59,1949,3.5220156
59,950,3.5057402
59,1252,3.4824057
59,2686,3.392868
59,924,3.3894367
59,2243,3.3472993
59,978,3.328991
59,943,3.2282362
59,1241,3.0119321
625,1704,4.3608027
625,1089,4.3360977
625,1094,3.999991
625,1393,3.9977267
625,3852,3.9958696
657,2692,4.5919023
657,3160,4.3119845
657,314,4.224094
657,2502,4.0893536
657,3051,3.3021202
4164,1260,3.9423013
4164,3175,3.3807485
4164,1569,2.5477493
5469,904,4.9177504
5469,908,4.8890867
5469,2028,4.7730045
5469,1219,4.731448
5469,1196,4.698818
5469,1944,4.615471
5469,1294,4.572684
5469,2871,4.409252
5469,2109,4.296232
5469,474,4.2507095
5469,2353,4.1405697
5469,3724,4.126787
5469,3101,3.9584928
5469,1909,3.9178536
5469,1608,3.8972774
5469,2110,3.6671505
5469,3701,3.615062
5469,3686,3.370682
5469,3623,3.2389708
5560,2819,4.3993015
5560,924,4.305935
5560,1219,4.274288
5560,1580,4.072583
955,1221,4.3599305
955,608,4.2540975
955,1617,4.181534
955,1307,4.0814333
955,508,3.9286847
955,440,3.9083185
955,2289,3.8930166
955,1259,3.8627143
955,1271,3.849047
955,1333,3.831272
955,2949,3.7956038
955,319,3.7897186
955,3361,3.772749
955,1649,3.767311
955,3420,3.7230399
955,1408,3.716576
955,1730,3.6937418
955,2076,3.6487517
955,1345,3.6193135
955,11,3.619247
955,3386,3.6174467
955,866,3.594416
955,1042,3.5904858
955,316,3.5758886
955,2987,3.574223
955,592,3.5261393
955,2437,3.5185118
955,3128,3.514029
955,2046,3.5007231
955,230,3.4671662
955,2746,3.3897042
955,1346,3.3616662
955,35,3.3542938
955,369,3.3280432
955,3712,3.2866611
955,2,3.2774768
955,1735,3.2239199
955,292,3.1351335
955,3308,3.0695508
955,996,2.9043238
130,1249,4.766017
130,1387,4.7645483
130,1210,4.576348
130,3793,4.4051623
130,2529,4.380951
130,3527,4.318472
130,2640,4.267476
130,3927,4.1250477
130,288,3.7607546
130,487,2.83324
1689,2762,4.118578
1689,1387,3.9369233
1689,587,3.7987328
1689,1580,3.7326016
1689,2193,3.6338654
1689,3827,3.3875065
1689,2253,3.3300729
1580,1947,3.8757405
1580,1387,3.7812939
1580,1219,3.68952
1580,924,3.6461754
4809,1196,4.4722624
4809,969,4.444678
4809,1233,4.4163733
4809,593,4.4006643
4809,3789,4.25943
4809,920,4.096023
4809,534,3.9971266
4809,1641,3.9755547
4809,1964,3.957819
4809,1271,3.955879
4809,1094,3.8838775
4809,164,3.83648
4809,2989,3.5217104
4809,3809,3.5123665
2187,1199,4.084304
2187,3160,4.0705023
2187,2706,4.023963
2187,1343,3.7499766
2187,1401,3.6118348
2187,3176,3.6035254
2187,253,3.5528805
2631,1148,4.6781235
2631,1136,4.6334276
2631,899,4.628923
2631,914,4.5099216
2631,2917,4.330044
2631,3061,4.260066
2631,1663,4.0871696
2631,500,4.065003
2631,141,3.9614468
2631,420,3.2654057
5758,858,4.6880283
5758,1284,4.6717196
5758,1267,4.5284557
5758,2918,4.4899306
5758,3507,4.323401
5758,1079,4.2969484
5758,3361,4.201697
5758,3039,4.1966662
5758,3097,4.171283
5758,349,4.1244144
5758,2406,4.0348415
5758,3591,3.990672
5758,3404,3.725791
5758,2136,3.496184
5758,1894,3.1719973
5758,2524,3.0442328
249,1213,4.4973
249,1617,4.4025445
249,1200,4.3011594
249,457,4.235145
249,1961,4.2238865
249,3061,4.080209
249,1466,3.9856358
249,2580,3.9673727
249,1729,3.8248978
249,3893,3.696223
249,45,3.686839
249,2683,3.66953
249,3882,3.6145566
249,2694,3.6121447
3663,1201,3.8964093
3663,1210,3.7284646
3663,2406,3.5542564
3663,1127,3.4912448
3663,780,3.4539826
3663,2457,3.3121085
3663,2991,3.295995
3663,3698,3.2314236
3663,3704,3.1512773
3663,2334,2.9147596
3457,912,4.2965574
3457,47,3.9791956
3457,180,3.7443824
3457,1127,3.5916317
3457,161,3.5910134
3457,1912,3.5632818
3457,1095,3.523548
3457,3160,3.5225415
3457,69,3.5135245
3457,3753,3.502633
3457,3535,2.7316682
3758,1148,3.96763
3758,1,3.5245743
3758,296,3.4192805
3758,1213,3.3886437
3758,1617,3.3457222
3758,3156,1.631259
5859,1198,4.60196
5859,1247,4.512996
5859,1358,4.4322186
5859,3068,3.9995248
5859,3408,3.970409
5859,2366,3.904983
5859,3418,3.8549137
5859,2291,3.7240276
5310,3307,4.4622135
5310,1256,4.4196095
5310,1203,4.418069
5310,2028,4.3575954
5310,1253,4.3460073
5310,927,4.105672
5310,1068,3.8514042
5310,3311,3.7491899
2768,1242,4.2901955
2768,3552,4.02784
2768,2872,3.9445643
2768,1748,3.890148
2768,3703,3.722989
2768,151,3.6126797
2768,2023,3.2554336
6030,1214,4.5398855
6030,589,4.425108
6030,1270,4.408062
6030,1584,4.2065907
6030,1396,4.185187
6030,610,3.9905066
6030,1375,3.8792944
6030,653,3.7107506
6030,2377,3.691545
6030,2641,3.6809187
6030,2054,3.6792903
6030,2241,3.5515528
6030,1391,3.5073485
6030,2253,3.407986
6030,2699,3.334053
615,912,4.515544
615,541,4.4011173
615,1294,4.376058
615,1276,4.320655
615,1961,4.3063345
615,924,4.181138
615,3421,4.160614
615,3471,4.1335406
615,589,4.112091
615,1097,4.1102905
615,3107,3.7824244
615,3623,3.696329
615,786,3.6161246
111,50,4.556328
111,2028,4.3445334
111,16,3.8592684
111,1711,3.2997568
111,450,3.0792184
3478,926,3.5889115
3478,1952,3.4363794
3478,916,3.1499338
3478,906,3.1377
3478,154,3.072882
293,2966,4.3156133
293,2064,4.3018093
293,1446,4.277686
293,1222,4.2649403
293,3677,4.2309947
293,307,4.1870794
293,1096,4.1687217
293,1743,3.9229877
293,1185,3.915831
293,1730,3.8883862
293,1187,3.8798091
293,3746,3.7923665
293,3386,3.7676725
293,902,3.6884966
293,1265,3.6676521
293,2929,3.600779
293,3255,3.2013884
293,3304,3.179771
293,851,3.1327105
293,1416,3.0729074
293,1347,2.7600174
293,539,2.6554964
293,2,2.2038991
293,3444,2.0204496
293,3355,1.8065518
293,3879,1.6295326
293,46,1.3334965
293,1980,0.8488643
3143,593,3.9193764
3143,1947,3.7255492
3143,838,3.7144651
3143,1719,3.6570039
3143,670,3.640565
3143,3408,3.5576124
3143,3044,3.5433621
3143,3098,3.537086
3143,2690,3.434843
3143,3160,3.4308972
3143,222,3.378195
3143,3524,3.2823172
3143,3107,3.2725077
3143,1542,3.2610097
3143,2842,3.2474751
3143,350,3.2417383
3143,2174,3.2230701
3143,3358,3.0777626
3143,2445,2.7736285
3143,3826,2.1905408
5380,2762,4.5345526
5380,2836,3.533993
5380,2470,3.4880118
5380,3452,2.820402
5380,3268,1.0797331
4632,1198,4.4429674
4632,1264,4.064991
4632,1079,3.9555326
4632,3552,3.9499843
4632,2020,3.9318938
4632,2312,3.7932215
4632,2081,3.743438
4632,1186,3.6807353
4632,592,3.4528093
375,2329,4.4085526
375,2858,4.382717
375,2804,4.3292465
375,1719,4.180137
375,1784,4.0682554
375,2908,4.0574293
375,1210,4.0553513
375,1673,4.027585
375,3167,3.7321866
5742,912,4.4224463
5742,1,4.0711145
5742,2396,4.068069
5742,920,3.972591
5742,1188,3.9441757
4820,965,4.1401033
4820,3624,3.4453888
4820,1608,3.0530725
4820,3617,2.9425907
4820,3754,1.7940308
4222,260,4.464953
4222,3095,4.1968775
4222,608,4.1556025
4222,3451,4.085087
4222,2194,4.0179706
4222,944,3.991411
4222,1302,3.9631896
4222,2872,3.862629
4222,2291,3.691978
4222,2,3.4966245
4222,2105,3.446393
4222,2054,3.3614597
5832,910,4.4687524
5832,2396,4.3033113
5832,1259,4.2275305
5832,265,4.1054955
5832,1097,4.0887804
5832,3408,3.984353
5832,1374,3.9150853
5832,2407,3.6892142
5832,468,3.163415
1915,2858,4.182653
1915,3627,3.3311324
1915,2399,2.8032362
2789,110,4.326077
2789,1954,4.167957
2789,1210,4.066025
2789,1097,4.0499945
2789,3418,3.982887
2789,2968,3.8287463
2789,3107,3.29746
2789,1876,2.9044313
2789,2012,2.777356
2789,1468,2.3359375
4529,1198,4.6950946
4529,2782,3.7277975
4529,188,3.701086
4529,2770,3.6706734
4529,2517,3.3940148
3469,1224,4.8616495
3469,1207,4.7931128
3469,1234,4.754159
3469,1225,4.749073
3469,111,4.6356354
3469,541,4.6324472
3469,1953,4.628067
3469,2028,4.616084
3469,3469,4.6028357
3469,1288,4.5449896
3469,3210,4.490139
3469,1240,4.4017153
3469,1674,4.383415
3469,32,4.3690925
3469,1222,4.3675394
3469,968,4.2044353
3469,3727,4.195875
3469,1408,4.1777163
3469,2921,4.130271
3469,3204,4.1089697
3469,1321,4.0577974
3469,253,4.057221
3469,1587,4.028534
3469,1012,4.0128536
3469,2009,4.0068264
3469,2987,3.970347
3469,3706,3.9487705
3469,380,3.943262
3469,952,3.879512
3469,1372,3.8603072
3469,648,3.815634
3469,1580,3.7993374
3469,3740,3.7166653
3469,610,3.7138157
3469,2002,3.4437258
3469,3744,3.3683813
3469,2100,3.343177
3469,852,3.2105198
3469,587,3.2071977
3469,2377,2.9713287
3469,185,2.7814918
3469,2950,2.3503003
635,908,4.6596656
635,3789,4.5881357
635,910,4.5523143
635,3334,4.5140333
635,2973,4.466977
635,2303,4.4318657
635,3061,4.4222803
635,3735,4.411072
635,2791,4.407705
635,1270,4.366254
635,1103,4.2607784
635,2068,4.2485437
635,41,4.24269
635,2686,4.2232323
635,1279,4.1678185
635,1660,4.076325
635,3599,4.0508404
635,1054,3.9619615
2617,923,4.089506
2617,356,3.9948158
2617,1,3.900045
2617,920,3.8077555
2617,1094,3.1360176
4747,858,4.4206934
4747,1291,4.149664
4747,2959,4.072252
4747,1387,4.0097117
4747,2125,3.720284
4747,3703,3.709417
4747,1722,3.6950953
4747,2353,3.6639318
4747,517,3.222859
4747,2364,3.1705492
4747,1590,2.998946
4747,9,2.7959106
4747,1100,2.7285295
4747,2568,2.5319145
1559,899,4.287067
1559,3700,3.5447688
1559,1805,3.1522217
1559,2613,3.0923777
5884,2028,4.3323936
5884,1248,4.31044
5884,1200,4.21406
5884,1954,3.968166
5884,1788,3.8942695
5884,2000,3.8621807
5884,733,3.7280023
5884,2640,3.6072702
5356,565,2.972158
5356,735,2.6866338
5356,2047,1.9392248
3517,2918,4.1497946
3517,1240,4.0919924
3517,3421,4.055298
3517,1073,3.9305146
3517,1220,3.9226515
3517,3039,3.8634992
3517,3360,3.8371305
3517,2301,3.7804732
3517,368,3.748543
3517,2005,3.7142475
3517,3740,3.5556285
3517,1747,3.5506902
3517,3827,3.3768659
3517,2478,3.290363
3517,3388,2.9863043
3580,1198,4.7556744
3580,2762,4.660729
3580,3527,4.1783504
3580,2881,4.011051
3580,377,4.0018425
3580,2841,3.9740245
3580,1754,3.9182541
3580,1779,3.6933784
960,608,4.5958204
960,1354,4.226919
960,356,4.2265253
960,2686,4.2169104
960,2622,3.5355036
960,1608,3.4586082
960,2683,3.4485044
960,543,3.4446683
960,2694,2.7264757
960,2385,1.9437182
960,1644,1.7117947
2413,1066,3.9552813
2413,2000,3.6833646
2413,2110,2.5912743
2413,3716,1.425895
1669,3060,3.6939135
1669,52,3.5165536
1669,348,3.470831
1947,1197,4.4604883
1947,1949,4.407765
1947,1211,4.2971277
1947,232,4.282515
1947,1214,4.261051
1947,1201,4.2523365
1947,1218,4.247078
1947,1209,4.226193
1947,1719,4.176113
1947,1222,4.1494026
1947,1387,4.084869
1947,2951,4.0582385
1947,1210,3.9986691
1947,1073,3.9851482
1947,3267,3.8651352
1947,2968,3.8475251
1947,493,3.7423625
1947,2366,3.6087675
1947,2403,3.0896463
4686,1198,4.705994
4686,1267,4.685787
4686,1247,4.642771
4686,919,4.5233917
4686,1394,4.494567
4686,1293,4.465536
4686,1231,4.4524217
4686,2859,4.4498386
4686,778,4.367199
4686,3363,4.268999
4686,2857,4.001543
4686,1721,3.8812218
4686,3729,3.7435656
5149,1197,4.370682
5149,1225,4.266802
5149,3244,3.7214942
4551,318,4.649832
4551,2019,4.627408
4551,858,4.5588856
4551,527,4.4343586
4551,1213,4.3995075
4551,3462,4.3012104
4551,334,3.9343677
4551,535,3.8282864
4551,2305,3.0454895
2096,2858,4.744055
2096,1238,4.507284
2096,2797,4.4825096
2096,1,4.464036
2096,1265,4.460733
2096,1079,4.4496846
2096,1073,4.3439155
2096,1580,4.321083
2096,555,4.249395
2096,1408,4.2202754
2096,2065,4.116235
2096,2926,4.0496554
2096,1906,3.9917214
2096,70,3.73062
2096,2418,3.7173188
104,3083,3.8896658
104,2997,3.7773116
104,3005,3.491918
104,2023,3.3238666
104,2771,3.2423093
1488,608,4.393692
1488,2313,4.1160464
5908,1225,4.540722
5908,110,4.4720106
5908,2944,4.4039917
5908,3062,4.386359
5908,2951,4.293518
5908,3366,4.283044
5908,1527,4.2737184
5908,2000,4.271938
5908,1408,4.2661686
5908,2081,4.217594
5908,3256,4.195817
5908,2763,4.157693
5908,2083,4.1556015
5908,780,4.093308
5908,3082,3.9050682
5908,2694,3.886121
5908,996,3.8077693
5908,416,3.275695
2416,3510,4.096181
2416,3484,3.145984
768,2028,5.030337
768,2295,4.6580596
768,2702,4.065894
4346,1215,3.7481666
4346,2301,3.7305052
4346,3081,3.628769
4346,3623,3.5668998
4346,3301,3.5227907
4346,3839,3.191423
596,2791,3.4353204
596,1035,3.201054
596,3354,1.9402745
596,1427,1.2680709
4154,903,4.4745817
4154,593,4.4715285
4154,3246,4.089731
4154,3448,3.990329
4154,3798,3.3170419
2157,2028,4.1976566
2157,1294,4.0172067
2157,3421,4.0090656
2157,1041,4.002137
2157,866,3.7106714
2157,357,3.6733158
2157,2087,3.5961456
2157,1032,3.5145748
2157,367,3.047398
2157,2782,3.03482
2157,724,2.7614322
2157,317,2.3759964
2157,2162,1.7961404
5722,2019,4.702794
5722,1272,4.5209827
5722,2762,4.5156174
5722,2858,4.4473934
5722,1276,4.4147043
5722,1963,4.390582
5722,2324,4.3812227
5722,2064,4.3691177
5722,1235,4.355182
5722,914,4.2627077
5722,3671,4.228242
5722,955,4.2197638
5722,2819,4.1961207
5722,3741,4.1679354
5722,308,4.1570764
5722,3677,4.135975
5722,2303,4.1217394
5722,3201,4.0579453
5722,3859,4.001491
5722,1289,3.9937909
5722,2693,3.9754353
5722,2130,3.9610603
5722,1397,3.7984781
5722,3327,3.7512631
5722,3608,3.738987
5722,1421,3.4044647
5722,2409,3.148594
5722,2159,3.0235884
5722,3865,2.8966894
5722,3099,2.572033
5722,145,2.333538
5722,2367,2.160939
5722,1388,1.7330229
5610,1213,4.612093
5610,2028,4.6008697
5610,457,4.4104385
5610,1265,4.1511745
5610,3271,4.085224
5610,553,4.083681
5610,480,4.001491
234,1198,4.7453756
234,508,4.248325
234,1678,4.153405
234,2971,4.1358857
234,3053,3.4631925
5297,593,4.7130113
5297,2273,4.233222
5297,695,4.0153046
1614,3897,4.227828
1614,316,3.5563588
1614,1917,3.4670815
1614,2628,3.4600415
1614,107,3.3519363
1614,2,3.3003616
1614,3935,3.1943128
1614,2094,3.124782
1614,3489,3.1024888
1614,3355,3.085622
1614,1779,2.8333094
1614,3922,2.418029
5606,2858,4.190566
5606,17,4.1632853
5606,440,4.0866404
5606,2020,3.8927262
5606,3554,3.7803276
5606,3327,3.6402805
5606,3014,3.6009066
5606,3706,3.412255
4907,1196,3.9275677
4907,1172,3.9081514
4907,1267,3.8203864
4907,1304,3.7799177
4907,1084,3.6561747
4907,480,3.6059768
4907,2716,3.5479178
4907,1617,3.5263956
4907,1610,3.5013287
4907,916,3.4975832
4907,2268,3.476846
4907,1635,3.437387
4907,2949,3.3940022
4907,3255,3.3179867
4907,1179,3.2470615
4907,3461,3.1846151
4907,474,3.17204
4907,1962,3.1231377
4907,2020,3.0064926
4907,3628,2.9957018
4907,1081,2.9704003
4907,1473,2.7935705
924,1262,4.59715
924,1233,4.489547
924,928,4.4098697
924,3114,4.3785205
924,1230,4.3523483
924,2692,4.3401365
924,914,4.301773
924,1296,4.2539763
924,1719,4.1910663
924,1259,4.1798964
924,36,4.153367
924,1517,4.0845175
924,6,4.0001206
924,265,3.977023
924,1357,3.9602733
924,441,3.9161925
924,2353,3.8437545
924,3450,3.8373022
924,388,3.7933974
924,2499,3.7627676
924,986,3.7622974
924,2628,3.7429721
924,3108,3.741467
924,852,3.5763788
3619,3871,3.8579466
3619,2826,3.817789
3619,3175,3.7796268
3619,3203,3.7697787
3619,3082,3.7669442
3619,3005,3.691367
3619,482,3.6883335
3619,454,3.676803
3619,3771,3.5558572
3619,3826,3.21813
2885,1,4.53581
2885,1060,4.422151
2885,1923,4.3664293
2885,1176,4.3448515
2885,3148,4.3392143
2885,3448,4.2650657
2885,11,4.2621584
2885,3868,4.259452
2885,1285,4.254772
2885,1073,4.224119
2885,588,4.205373
2885,551,4.1117525
2885,2141,4.076396
2885,2424,4.0553703
2885,552,3.9734273
2885,875,3.9066339
2885,708,3.8616776
2885,2124,3.8393326
2885,785,3.8366704
2885,3565,3.808626
2885,2416,3.740559
2885,1377,3.464147
2885,1468,3.3957787
3000,1252,4.249939
3000,3801,4.0121126
3000,2968,3.5190086
3000,2288,3.4883645
3000,3793,3.4736605
3000,380,3.0144355
3000,2005,2.882115
3000,552,2.343495
3932,3072,4.0288754
3932,2401,4.010214
3932,1848,3.0871649
3932,542,2.3265557
2364,1220,4.118616
4955,912,4.656623
4955,364,4.0135746
4955,3723,3.8451068
4955,2941,3.5949523
6001,50,4.514305
6001,2571,4.361395
6001,593,4.3030043
6001,1225,4.301741
6001,955,4.2241564
6001,2997,4.034767
6001,1210,3.9396358
6001,1354,3.8646827
6001,1964,3.8392286
6001,2115,3.7235982
6001,1127,3.694634
6001,1343,3.6216593
6001,1372,3.4293337
6001,481,3.4273427
6001,3206,3.2264957
6001,1519,3.1383939
1522,260,4.443219
1522,1965,3.7584891
1522,2117,3.685692
1522,3700,3.5548487
1522,1518,3.3619561
1522,2009,3.312005
1522,2363,3.2383316
1522,3704,3.165134
1522,2143,3.1150925
1522,2533,2.6710057
1522,2578,1.7735176
1732,858,5.276538
1732,3753,4.630992
1732,3409,4.226978
1732,3484,4.0376043
83,2692,4.393263
83,2959,4.240947
83,2336,4.1949673
83,2390,4.0656414
83,3176,3.8713772
83,2734,3.6796794
83,2712,3.6276164
83,3081,3.6085327
83,3155,3.420364
83,2710,3.2666368
83,1573,3.2326832
83,1654,3.2291408
83,2093,2.7254915
83,60,2.598679
83,1702,2.4706872
83,2629,2.4255283
5724,953,4.4137707
5724,2858,4.3638964
5724,1272,4.3298235
5724,3359,4.194042
5724,1292,4.101731
5724,3201,4.084665
5724,2924,4.035845
5724,3300,3.3068745
1352,2324,4.057296
1352,1218,4.0006847
1352,1208,3.9715815
1352,1189,3.9635386
1352,3470,3.954736
1352,924,3.90389
1352,2959,3.8563852
1352,2194,3.7349532
1352,1175,3.6720984
1352,1179,3.4750648
1352,751,3.4664178
1352,896,3.3370702
1352,665,3.2844474
1352,3010,3.2314162
1352,3896,2.8650305
1352,1364,1.4481214
5690,111,4.303995
2349,2858,3.870548
2349,541,3.746044
2349,1242,3.660725
2349,3811,3.5302815
2349,1961,3.3526921
2349,1674,3.3311067
2349,1210,3.278084
2349,1374,3.2168024
2349,1962,3.0039759
2349,2312,2.932185
2349,1097,2.8750303
2349,1376,2.6657712
2349,480,2.6176045
2349,3527,2.5015664
2349,3214,2.36729
2349,2414,2.230266
2349,3704,2.0034707
2349,3444,1.9097915
2113,70,3.796957
2113,1973,2.2571254
2277,1956,3.8299289
2277,3175,3.5013967
2277,34,3.341004
5772,3481,3.7179217
1186,1208,4.834148
1186,599,4.804721
1186,2066,4.696507
1186,2918,4.674879
1186,965,4.6704254
1186,1380,4.4814825
1186,924,4.437985
1186,1266,4.4223127
1186,3471,4.4082413
1186,1580,4.3476257
1186,1748,4.325342
1186,1215,4.324247
1186,1333,4.2957788
1186,2916,4.2799973
1186,3018,4.2786336
1186,3760,4.155596
1186,2287,4.151445
1186,2985,4.0794234
1186,2666,4.01597
1186,1255,3.9778194
1186,1644,3.967627
1186,1391,3.8531861
1186,1336,3.759282
973,1262,3.9482844
973,2028,3.9328177
973,994,3.7317588
973,1231,3.7106395
973,1291,3.69516
973,2150,3.559979
973,588,3.5338175
973,2302,3.508013
973,1584,3.4982946
973,1094,3.456098
973,300,3.3780649
973,1356,3.3554564
973,2872,3.3387928
973,1017,3.3338199
973,2690,3.2505822
973,3210,3.2481353
973,2005,3.207524
973,832,3.1294785
973,1485,3.0821054
973,2108,3.0526843
973,2294,3.0036392
973,52,2.883968
973,1328,1.4488695
4385,3526,3.899341
4385,3176,3.6378179
4385,3174,3.6067595
4385,3052,3.5669441
4385,3186,3.4187922
4385,3326,2.5186353
628,2997,4.32493
628,3175,4.048065
628,471,3.9035022
4467,1198,4.288389
4467,1193,4.1852713
4467,1203,4.1753216
4467,1247,3.9436922
4467,3359,3.881168
4467,2565,3.804388
4467,2352,3.7161157
4467,2941,3.6501164
4467,3079,3.6386046
4467,3788,3.5457063
4467,2779,3.439332
4467,708,3.3436823
4467,1020,3.266189
4467,1135,3.090271
4467,1621,2.994124
4467,788,2.8270092
4467,355,2.3952968
1013,951,4.3084393
1013,3481,4.060334
1013,2797,3.8937397
1013,1580,3.7930222
1013,39,3.7256546
1013,3132,3.6973953
1013,2174,3.683776
1013,1916,3.6655593
1013,735,3.2031026
479,296,4.159793
479,150,4.141156
479,2791,4.004193
479,1784,3.901511
479,1962,3.8533826
479,1580,3.8228002
479,1954,3.8225389
479,3105,3.8146522
479,2115,3.726644
479,2174,3.6935225
479,2916,3.6487694
479,592,3.5450923
479,160,2.6383483
4163,1198,4.4211073
4163,2987,3.4859133
4163,1959,3.3697333
4163,2628,2.8403916
2900,1196,4.710234
2900,2324,4.6864085
2900,541,4.5445533
2900,1288,4.520466
2900,3578,4.4953146
2900,1411,4.419635
2900,1275,4.409379
2900,2997,4.3773513
2900,2716,4.30464
2900,223,4.2929344
2900,1517,4.267738
2900,1610,4.227888
2900,2797,4.2093873
2900,2000,4.198747
2900,551,4.156871
2900,1101,4.14775
2900,2087,4.0879693
2900,39,4.0235147
2900,2617,3.8457708
2900,3301,3.7134426
2900,3263,3.6381273
2900,70,3.4522345
2900,880,2.7957373
2449,1193,4.7265153
2449,2858,4.6168294
2449,1965,4.0582094
2449,3868,4.048821
2449,1544,2.1861563
4978,356,4.200724
4978,1206,4.17818
4978,3160,4.0495334
4978,1584,3.917051
4978,316,3.818245
4978,1653,3.7553983
4978,3503,3.6733828
4978,2657,3.5986054
4978,1924,2.8269548
2972,1193,4.459223
2972,2858,4.291472
2972,2028,4.2771044
2972,1291,4.159915
2972,2359,3.9679067
2972,3499,3.8301253
2972,2108,3.8250053
2972,2502,3.8130078
2972,353,3.6832318
2972,3844,3.652913
2972,1370,3.6282911
2972,368,3.5205398
2972,1573,3.341354
2972,724,3.2930026
2972,328,3.164708
2972,2699,2.9443388
2972,2389,2.6187708
2972,1973,1.9009383
1022,3471,4.183861
1022,3916,4.0349154
1022,3296,4.028997
1022,2291,3.80997
1022,1183,3.773162
1022,2841,3.6781843
1022,299,3.6522913
1022,3894,3.6430004
1022,2166,3.6275892
1022,3051,2.9455245
1022,3528,2.5588565
1022,2961,1.6606517
5991,3030,4.0690594
5991,919,4.0009737
5991,1276,3.9204552
5991,1704,3.8322976
5991,1307,3.7856464
5991,3159,3.663844
5991,3751,3.6004014
5991,1580,3.57163
5991,866,3.4939904
5991,1965,3.4157538
5991,2273,3.4034731
5991,2968,3.3291209
5991,1702,2.545903
3183,3037,3.51642
3183,2948,3.4465895
3183,2000,3.2720277
3183,1374,3.2565506
3183,2393,3.1458387
3183,1580,3.1047914
3183,2006,3.093885
3183,2001,3.0090835
4004,3578,3.7272677
4004,329,3.090777
4004,2167,3.0870297
4004,2997,3.0108721
4004,3301,2.9949415
4004,1049,2.8770192
4004,89,2.8662415
4004,3418,2.7766752
4004,2094,2.5555766
4004,42,2.5262604
4004,2322,2.3699644
4004,3697,2.3606975
4004,1100,2.1659248
4004,479,2.1496525
4004,3438,1.9938254
4004,2153,1.6775553
2747,1225,4.904913
2747,1197,4.6521454
2747,1172,4.6146917
2747,1947,4.5435634
2747,1270,4.478744
2747,1210,4.4271317
2747,595,4.405523
2747,1028,4.3885093
2747,3751,4.3456054
2747,1517,4.165165
2747,1029,4.0498705
2747,2155,3.892304
2747,3869,3.4729376
2747,186,2.9399943
5181,260,4.7320995
5181,2716,4.1778817
5181,2688,3.757606
5181,2676,3.7223473
3750,1394,3.8707397
3750,1226,3.7433562
3750,568,3.5010915
3750,2395,3.4581428
3750,367,2.7680817
3667,1097,4.4393144
3667,2321,3.9770584
3667,1919,3.8422792
3667,158,3.7763648
3667,1702,3.5480232
815,223,4.140643
815,2605,3.776768
2869,2791,4.3356595
2869,3535,3.621017
2869,2792,2.9837296
2869,2522,2.4347944
2869,1830,2.246719
1115,593,4.1674147
1115,1635,3.7308526
1115,2797,3.668666
1115,3479,3.5735924
1115,735,3.2562203
1115,1994,3.17315
1115,2100,3.1722674
1115,724,3.1273093
1115,2617,3.0132022
1115,3627,2.9373376
1115,2657,2.9202776
1115,3016,2.863779
1115,2901,2.7841735
1115,532,2.752078
1115,1762,2.7316628
1115,2253,2.6963906
1115,2399,2.6681645
1115,3661,1.5817978
3565,527,4.20391
3565,457,3.8182359
3565,1356,3.4635751
3565,3176,3.220968
3565,2530,3.0548353
3565,1831,2.9435961
3565,172,2.927322
3565,3316,2.8518417
3565,2713,2.7448957
3565,2162,2.5849319
3565,1556,2.3210645
388,1259,4.1482186
388,1674,4.1251698
388,2915,3.6627982
388,3684,3.3234422
388,2453,2.8502347
5642,1907,3.6959524
5642,2083,3.5064223
5642,2081,3.363388
5642,2089,3.3474488
5642,616,3.3219438
5642,2091,3.2870207
2848,1193,4.0997744
2848,1197,4.0850577
2848,2467,3.7575727
2848,551,3.7142723
2848,1243,3.7008824
2848,2139,3.6427455
2848,2721,3.6169806
2848,1907,3.58151
2848,2099,3.580657
2848,1370,3.509216
2848,2968,3.4558916
2848,1535,3.440025
2848,3418,3.4262633
2848,3770,3.3939662
2848,376,3.3845916
2848,2100,3.2757778
2848,2253,2.5106013
4395,318,4.238839
4395,110,3.8805835
4395,2959,3.5490913
5566,527,4.7342606
5566,2330,4.4464664
5566,2028,4.423279
5566,1294,4.34488
5566,1090,4.2616405
5566,3088,4.2601595
5566,1103,4.204462
5566,3471,4.1838894
5566,1097,4.0552945
5566,345,4.0366354
5566,1372,3.4347465
5566,3070,3.4317255
5566,780,3.363226
5566,2311,3.342549
5566,3173,2.77039
5566,1924,2.2075531
5513,1242,4.5730033
5513,1293,4.571991
5513,994,4.423957
5513,34,4.371138
5513,2889,3.6245837
1631,2396,4.365408
1631,905,4.2939095
1631,1270,4.2811565
1631,945,4.2749066
1631,562,4.0740933
1631,3072,4.006162
1631,1633,3.9450448
1631,2424,3.936761
1631,368,3.876699
1631,3678,3.868038
1631,2102,3.828635
1631,2141,3.813919
1631,2015,3.8072143
1631,2405,3.7838933
1631,1014,3.621324
1631,2431,3.5156615
1631,3614,3.3456275
1631,432,3.1812859
1631,2142,3.0591862
1631,2574,2.9522872
2775,648,4.355383
2775,72,4.3115296
2775,1016,4.0349717
1887,2396,3.9274278
1887,1953,3.8576703
1887,1258,3.8566265
1887,1997,3.7864509
1887,1387,3.777782
1887,1210,3.695031
1887,2353,3.4612036
1887,648,3.348446
1887,2991,3.3070455
1887,1721,3.2617383
1887,3176,3.2467585
1887,2363,3.1967053
1887,2676,3.0103745
1887,1130,2.9465866
1887,1460,2.747711
1887,2652,2.5140047
3159,1225,4.5678577
3159,3147,4.4411983
3159,1307,4.403058
3159,2336,4.257255
3159,1210,4.2386403
3159,1185,4.226836
3159,2395,4.1889424
3159,1639,4.04994
3159,3746,4.010169
3159,3244,3.9697196
3159,324,3.9381468
3159,2707,3.818447
3159,3033,3.752745
3159,2622,3.677113
3159,2712,3.6251514
3159,3858,3.5819793
3159,3755,3.5812044
3159,3219,3.5709276
3159,2709,3.5067866
3159,2340,3.480701
3159,3798,3.4697423
3247,1287,4.1712475
3247,1019,3.7333171
3247,1017,3.5733516
5704,2858,4.599477
5704,1259,4.3831234
5704,2248,4.3031816
5704,2020,4.2452116
5704,1028,4.140601
5704,588,4.13945
5704,3052,4.0221987
5704,69,4.013889
5704,39,3.9495456
5704,3253,3.8970764
4917,858,4.255599
4917,1136,4.1114573
4917,1196,4.033267
4917,1244,3.9612703
4917,1953,3.9338582
4917,1243,3.9088476
4917,1230,3.8564327
4917,2919,3.8127875
4917,3019,3.8035445
4917,2352,3.7433043
4917,1285,3.7183337
4917,892,3.592114
4917,551,3.4915416
4917,2311,3.4875848
4917,514,3.4861727
4917,2929,3.379156
4917,468,3.294246
4917,1883,3.252055
4917,480,3.2197003
4917,2043,3.196927
4917,780,3.1242254
4917,1513,2.7961018
4917,489,2.117812
722,2028,4.2519007
722,541,4.1871324
722,3114,4.1209483
722,457,4.072049
722,1625,3.9000196
722,2359,3.813626
2104,1608,3.3168797
2104,2707,3.2492132
2104,2505,2.9414504
2104,2534,2.7265592
2104,410,2.6870344
2104,3879,2.5645247
2104,19,2.5097234
5933,2700,4.2772684
5933,223,4.150654
5933,2734,3.9605308
5490,527,4.2145166
5490,1221,4.026266
5490,457,3.8034244
5490,1266,3.7257576
5490,3114,3.7100883
5490,1617,3.6634321
5490,589,3.4087255
5490,368,3.3859012
5490,1907,3.377173
5490,1805,3.373058
5490,3082,3.3186746
5490,2012,3.2866957
5490,653,3.1803975
5490,2328,3.0854445
5490,588,3.0751956
5490,724,3.074079
5490,48,3.0560765
5490,1320,3.0527396
5490,303,2.8355386
5402,953,4.0832396
5402,1204,4.0396748
5402,47,3.923593
5402,3147,3.8974187
5402,2706,3.7365022
5402,3510,3.7011926
5402,497,3.6926312
5402,1225,3.661192
5402,1907,3.5226722
5402,2841,3.4553099
1416,2599,3.9305267
1416,223,3.9289992
3817,527,4.348836
3817,2028,4.1126122
3817,1196,4.0852222
3817,2889,3.3739364
3817,2875,3.103537
3817,3081,2.9966867
3817,536,2.6493318
1507,3022,4.725514
1507,1269,4.565066
1507,3897,4.4852247
1507,2788,4.408388
1507,2081,4.1559806
1507,588,4.1150227
1507,357,4.0938787
1507,2687,4.0096364
1507,2096,4.003715
1507,3927,3.8005352
1507,3600,3.1764712
242,919,3.811808
242,1304,3.7917767
242,3037,3.5290813
242,3751,3.517818
242,2693,3.4687712
242,1275,3.4192555
242,3271,3.3938277
242,551,3.3268821
242,1376,3.2523074
242,1747,3.2470536
242,1485,3.1967013
242,2193,3.1966076
242,492,3.1848269
242,2490,3.1642935
242,3270,2.9434004
242,2625,2.6745076
242,2582,2.6318493
242,520,2.5651207
242,2170,2.504087
242,3113,2.4546094
242,3484,2.391223
242,876,2.3561802
242,410,2.2446895
5200,933,4.3782563
5200,34,4.1121407
5200,2081,4.046623
5200,588,4.0395756
5200,1678,4.022132
5200,1374,3.9909904
5200,2411,3.3584409
1831,608,4.4315786
1831,3578,4.2652445
1831,2502,4.035656
1831,2841,3.8167667
1831,3005,3.8155007
1831,2707,3.65702
1831,2672,3.52558
1831,2881,3.4696383
1831,2826,3.4307508
1831,2676,3.3719802
1831,2699,3.22901
1831,2710,3.1508126
1831,2719,2.0880156
1831,2555,1.3527054
139,2396,4.2694387
139,1333,4.0095434
139,3067,3.966156
139,2871,3.9649246
139,588,3.9449072
139,3175,3.9399166
139,2139,3.914175
139,1094,3.8795667
139,3539,3.8590488
139,2161,3.8363874
139,1580,3.835107
139,3034,3.7929957
139,2700,3.792882
139,3702,3.7817163
139,206,3.7779818
139,2001,3.7067518
139,2090,3.6836767
139,3917,3.6144338
139,253,3.5979643
139,2116,3.5955992
139,1375,3.551319
139,3918,3.2080522
1618,608,4.5377603
1618,1296,4.4062805
1618,1963,4.4039307
1618,3481,4.279724
1618,3929,4.2606387
1618,2289,4.2371864
1618,3751,4.172742
1618,1265,4.164106
1618,2321,3.8904917
1618,2744,3.8900218
353,608,4.067425
353,866,3.5388184
353,2333,3.455954
2756,1266,4.511533
2756,1222,4.4149466
2756,1270,4.3835955
2756,3363,4.3592634
2756,1028,4.3555098
2756,3494,4.2953496
2756,1641,4.256994
2756,1912,4.2384253
2756,733,4.162705
2756,1748,4.148273
2756,1396,4.147564
2756,671,4.1270475
2756,551,4.0720663
2756,1722,4.008092
2756,2001,3.923447
2756,3893,3.8995793
2756,2770,3.886248
2756,2012,3.8732784
2756,2273,3.8710809
2756,2346,3.861382
2756,1008,3.8141723
2756,1552,3.7939653
2756,24,3.7515886
2756,3672,3.5998135
2756,1690,3.50048
2756,1377,3.461526
2756,2421,3.3031235
2756,153,3.1629066
2756,2808,2.8883605
864,1207,4.71481
864,296,4.5260086
864,923,4.522843
864,1104,4.4955063
864,950,4.488633
864,111,4.4788055
864,898,4.3903046
864,2726,4.3012786
864,1080,4.276313
864,1077,4.1573944
864,2972,4.144912
864,968,4.058327
864,1035,4.0235395
864,3159,3.845668
864,3500,3.0837793
864,3286,1.8219693
252,3267,3.9854834
252,1676,3.6956978
252,2772,3.5838447
252,1320,3.3746526
3698,908,4.2662277
3698,2959,3.8883147
3698,223,3.6178195
3698,3185,3.100096
3698,367,2.7107723
3698,2672,2.061204
3048,2804,4.414587
3048,2028,4.3227644
3048,924,4.2730284
3048,1242,4.2727585
3048,1,4.242798
3048,2716,3.9768224
3048,2593,3.8653505
3048,2883,3.7449684
3048,1586,2.611786
1854,50,3.965826
1854,1358,3.4811964
1854,1617,3.4033375
1854,1639,3.1028185
1854,1230,3.0521848
1854,778,3.0184116
1854,2763,2.972792
1854,1611,2.710711
1854,2378,2.6595628
1854,105,2.6362631
1854,852,2.595123
1854,2598,2.5931976
1854,1347,2.580142
1854,3785,2.4520304
1854,3707,2.3808687
1854,2369,2.3800752
5313,953,4.721679
5313,3334,4.37704
5313,3668,4.3296623
5313,3735,4.310449
5313,3153,4.108447
5313,3686,3.9132833
5313,229,3.9069407
5313,3707,3.4822655
4840,1357,4.0045624
4840,272,3.818038
4840,2353,3.6124253
4840,367,3.5887926
103,380,4.3234444
103,1552,4.3090706
103,165,4.213339
103,1754,4.1714063
103,198,4.1497836
103,524,4.124507
103,1801,3.9934232
103,70,3.9505892
103,153,3.776412
103,849,3.7688313
103,15,3.7503
103,2808,3.4550018
103,2549,3.3845036
103,546,3.2611723
2337,1610,4.511565
2337,480,4.4325504
2337,780,4.3127604
2337,1597,3.9484239
1495,720,3.9794533
1495,2018,3.3055692
1495,1028,3.249416
1495,2810,3.201537
1495,3793,3.189177
1495,531,3.168985
1495,364,3.1120152
1495,2083,2.9569988
1495,1059,2.7150183
1495,1580,2.6590652
1495,1573,2.372393
1495,586,2.237766
1495,3725,2.1039844
1495,1806,2.0252614
1495,2053,1.2707548
1495,2701,1.2518091
2464,858,4.404934
2464,1197,4.219655
2464,3408,3.7365088
2464,2065,3.359173
4973,318,4.3190365
4973,1172,4.1044254
4973,1247,4.0527444
4973,2947,3.9013917
4973,150,3.8975637
4973,1246,3.873311
4973,2132,3.855373
4973,1300,3.8473196
4973,1210,3.8277972
4973,17,3.8272712
4973,1097,3.824823
4973,3456,3.6822748
4973,2406,3.6340573
4973,3347,3.6316423
4973,1150,3.6189275
4973,2919,3.3210478
4973,2405,3.294805
4973,2245,3.2790778
4973,2384,3.1244073
4973,3308,2.830194
2307,50,5.050091
2307,608,4.9176316
2307,306,4.909665
2307,3578,4.610273
2307,535,4.4980683
2307,2355,4.337629
2307,3751,4.3307705
2307,161,4.2623577
2307,785,4.1601567
2307,2005,4.101873
2307,524,4.097931
2307,3869,3.7856045
3463,1028,3.767901
3463,2746,3.0925732
5481,3175,3.7281826
5481,2987,3.6870518
5481,3591,3.447516
5481,3238,2.1517777
5481,2995,2.0386724
209,233,3.26226
209,2722,3.1578345
209,2555,1.5965756
1949,904,4.724206
1949,1276,4.4906197
1949,1242,4.4886303
1949,541,4.4218616
1949,3114,4.4212294
1949,1090,4.3519735
1949,110,4.2394137
1949,34,4.2044635
1949,2268,4.1222725
1949,2716,4.1018906
1949,1374,4.098152
1949,1376,3.9209228
1949,2836,3.634337
1949,3254,3.3642778
717,2160,3.5203545
717,1248,3.4356134
717,1580,3.2638175
717,3755,2.9808302
717,3,2.656494
5123,3317,4.1184793
5123,3556,3.7316065
5123,261,3.7158163
5123,2996,3.664806
5123,2002,3.6538353
5123,3301,3.5953948
5123,3571,3.530672
5123,3537,3.456653
5123,3513,3.3887637
5123,3156,3.17254
5123,3717,3.1391397
5123,3489,3.0655262
5123,5,2.9306715
4739,919,4.1204467
4739,1961,4.00996
4739,3114,3.998114
4739,1,3.9736617
4739,1270,3.9442086
4739,1265,3.8596258
4739,1060,3.835698
4739,1873,3.6993575
4739,3082,3.5927155
5455,1291,4.169938
5455,1704,4.109887
5455,3175,3.8101218
5455,2987,3.774974
5455,380,3.7366204
5455,2502,3.7227302
5455,1215,3.6895628
5455,736,3.5339134
5455,2723,3.3480968
5455,3489,3.3408825
5455,1544,3.3030891
5455,2491,3.2967832
5455,1894,3.1990209
5455,44,3.1091046
5455,849,2.923915
5455,761,2.8863223
5455,3593,1.5181435
2308,2762,5.0093164
2308,3543,4.6568255
2308,2716,4.62498
2308,968,4.457712
2308,2173,4.2918606
2308,2707,4.2753725
2308,2043,4.089776
2308,2628,4.0266194
5875,1198,4.766253
5875,1200,4.495773
5875,1275,4.352516
5875,3578,4.3471136
5875,3510,4.2618937
5875,3624,3.953425
5875,780,3.909623
5875,648,3.870606
5875,1573,3.8582928
5875,2826,3.2633865
3153,2324,4.3028073
3153,356,4.1370835
3153,551,3.640213
3153,2628,3.5672166
3153,550,3.4479542
3153,2291,3.3619065
3153,1747,3.3461676
3153,63,3.1869926
3096,1196,4.5339227
3096,2565,4.4304705
3096,1084,4.3886952
3096,1028,4.3878007
3096,2080,4.3529634
3096,1270,4.33247
3096,3545,4.3292933
3096,1282,4.324835
3096,1374,4.2199273
3096,1088,4.1553006
3096,968,4.1422396
3096,3675,4.119008
3096,3928,4.078472
3096,1409,4.027569
3096,3032,4.0270934
3096,48,4.002149
3096,736,3.9900398
3096,674,3.9113934
3096,2615,3.7735167
5114,2571,4.483058
5114,1270,4.0888453
5114,1282,3.926292
5114,3526,3.9021585
5114,892,3.84589
5114,616,3.7391746
5114,2054,3.4954724
5114,1702,3.3679342
582,1210,4.7213154
582,36,4.6088877
582,2987,4.3598137
582,2694,4.311913
582,3623,4.260381
582,2683,4.2382927
582,2722,4.1085157
582,1513,4.0081367
582,2713,3.9691556
582,2701,3.7052023
72,2997,3.6290674
72,3255,3.4523754
72,3418,3.3536172
72,1187,3.3297815
72,3798,3.2619152
5546,2664,3.7280352
5546,1261,3.6430187
5546,3476,3.48959
5546,2867,3.4619856
4184,1245,4.068278
4184,3793,3.8403306
4184,3624,3.657905
4184,3615,2.9275634
4184,3752,2.9053092
2289,858,4.7434244
2289,2857,3.9217906
2289,1380,3.8846385
2289,736,3.2547283
2289,3247,3.1633842
2289,2431,3.1440277
1813,921,4.0916348
1813,2617,3.4519677
486,36,4.1695833
486,265,4.015365
486,1183,3.7784553
3901,454,3.7591784
3901,2889,3.636445
3901,105,3.5179663
3901,3649,3.4949827
3901,3764,3.2389207
2596,356,4.1374607
2596,597,4.0798454
2596,2858,4.002513
2596,3450,3.671417
2596,1597,3.66152
3382,588,3.7143524
3382,3255,3.5471232
3382,3555,3.5193267
3382,3752,2.8714366
943,2268,4.401724
943,3822,4.232497
943,1959,4.232378
648,745,4.615897
648,1041,4.333666
648,1997,4.221433
648,2336,4.1898594
648,3499,4.1648874
648,927,4.1631713
648,1210,4.043272
648,728,4.024289
648,3408,3.9991841
648,2872,3.9900842
648,2763,3.9079046
648,3159,3.9063802
648,2355,3.8879657
648,151,3.786049
648,1093,3.7476466
648,352,3.659121
648,648,3.5104313
648,372,3.5028372
648,3863,3.4242263
648,1385,3.362234
648,3173,3.0447204
648,2805,2.565814
648,2862,2.5091038
648,3824,1.960307
3804,1214,4.5827985
3804,1997,4.5681133
3804,2997,4.419504
3804,746,4.080244
3804,156,3.8995106
3804,2746,3.6963658
3804,2645,3.5844584
3804,2634,3.5537944
3804,1350,3.5417702
3804,3340,3.507484
3804,2560,3.339915
3804,2163,3.1981483
3804,70,3.1513488
3804,735,3.137775
3804,3725,2.7405686
3804,1991,2.2377517
3804,2525,1.8867332
3804,2328,1.8113676
5959,2357,3.531463
5959,344,2.8669834
5959,357,2.6529007
5959,2390,2.606407
5959,2124,2.4655125
5959,2155,2.4283528
5959,3484,2.1040537
5959,466,1.8322111
4373,858,4.662957
4373,1197,4.6048656
4373,1193,4.5975995
4373,1207,4.596165
4373,898,4.5083055
4373,1212,4.448241
4373,3801,4.409613
4373,3578,4.258869
4373,1292,4.2232623
4373,2398,4.1992054
4373,1968,4.132325
4373,1080,4.111603
4373,3096,4.0990715
4373,3733,4.075333
4373,3384,4.0704765
4373,3654,4.066391
4373,3753,4.0509396
4373,2669,4.0473824
4373,2529,4.038139
4373,2664,4.031148
4373,2949,4.0272655
4373,500,3.9371238
4373,1569,3.8652613
4373,952,3.85994
4373,2346,3.7897387
4373,2651,3.689384
4373,3414,3.651348
2925,1271,3.9783437
2925,3052,3.9288633
2925,3186,3.6438463
2736,1077,3.7382326
2736,3751,3.6007104
2736,509,3.4627247
2736,3100,3.4623046
2736,1965,3.2726061
3036,318,4.9885535
3036,912,4.855742
3036,1204,4.8278656
3036,1272,4.8251195
3036,923,4.818219
3036,3198,4.674768
3036,1303,4.548665
3036,3811,4.5377135
3036,3360,4.466163
3036,3551,4.409339
3036,364,4.3251953
3036,2922,4.304434
3036,1955,4.280305
3036,897,4.2570915
3036,3100,4.245617
3036,2541,3.6542716
1154,2826,2.997962
1154,3895,2.0186195
3097,2686,4.3823676
3097,3408,4.192091
3097,1408,4.187293
3097,3512,3.6900542
3097,1589,3.5943928
3097,2338,1.1559205
5057,1193,3.9072976
5057,1136,3.8646307
5057,1304,3.7251396
5057,1263,3.629487
5057,3481,3.6065662
5057,3037,3.5308511
5057,3384,3.4203093
5057,2336,3.3989215
5057,2890,3.2416735
5057,41,3.193725
5057,3535,2.5968876
2237,1299,4.66759
2237,1197,4.5283732
2237,457,4.506292
2237,110,4.4937353
2237,1041,4.4479485
2237,1296,4.386262
2237,2917,4.3669615
2237,1185,4.366587
2237,2194,4.350915
2237,920,4.311103
2237,3210,4.3092027
2237,1028,4.248371
2237,3505,4.2041445
2237,1957,4.197381
2237,3361,4.1941147
2237,3494,4.1656456
2237,3260,4.142077
2237,1958,4.122775
2237,892,4.09172
2237,2001,4.0374904
2237,3028,4.0281067
2237,1794,3.9947348
2237,2782,3.8602066
2237,2341,3.8480878
2237,2062,3.8341627
2237,1051,3.7887177
2237,3608,3.7862713
2237,648,3.7565897
2237,537,3.643425
2237,532,3.6427617
2237,1088,3.5983868
2237,292,3.3145552
2237,3688,2.7162971
4225,3683,3.9928493
4225,265,3.7393074
4225,319,3.7250934
4225,1243,3.6999962
4225,322,3.6739075
4225,1844,3.610286
4225,663,3.5741076
4225,21,3.5624392
4225,1885,3.5348167
4225,448,3.5111997
4225,781,3.1938796
4255,923,4.5935144
4255,3334,4.3500643
4255,1259,4.2930894
4255,1282,4.183883
4255,3836,4.1769724
4255,2398,4.1368093
4255,3809,3.4364715
4255,3844,3.138603
4255,2430,2.858021
2585,593,4.1094275
2585,1247,4.028992
2585,910,3.990326
2585,903,3.9852228
2585,1784,3.82159
2585,36,3.6823714
2585,1393,3.6019318
2585,3100,3.4908051
2585,454,3.3936162
2585,1777,3.3780568
2585,2321,3.1893494
2658,2396,4.1122193
2658,296,4.0671077
2758,50,4.6884956
2758,2804,4.355607
2758,2791,4.1542234
2758,1257,4.0354376
2758,1500,3.8898149
2758,934,3.8745718
2758,2005,3.6835604
2933,50,4.458254
2933,2858,4.190586
2933,1617,4.11246
2933,1242,4.109483
2933,2542,3.9103036
2933,2716,3.806309
2933,3948,3.763241
2933,1079,3.7222736
2933,832,3.6047258
2933,3703,3.4370153
2933,3263,3.2347355
4493,951,3.7062922
4493,898,3.638291
4493,955,3.1031399
4493,916,2.9958425
4493,3795,2.5560722
4493,3598,2.3932319
4493,3566,2.2277777
4493,3798,1.5296823
605,318,5.032672
605,296,4.7338533
605,608,4.7242208
605,3147,4.6366343
605,17,4.3909597
605,3798,4.1389203
605,1711,4.0907154
605,2013,4.0766068
605,3247,4.062396
605,292,4.0307217
605,1566,3.9144776
605,852,3.8983068
827,1197,4.306993
827,111,4.248638
827,1240,3.9839358
827,2455,2.8025074
5232,3000,4.03314
5232,3552,3.8285842
5232,1748,3.6234226
5232,2406,3.616054
5232,480,3.6078527
5232,1580,3.3542888
5232,2687,3.3298528
5232,380,3.1788802
5232,1587,3.0978804
5232,517,2.5357904
5232,2701,1.8734527
5232,2808,1.800904
422,2968,2.7948155
422,1422,2.518638
422,3355,2.3748145
422,3593,1.3598821
666,527,4.5066776
666,2324,4.268672
666,2396,4.0927396
666,2359,3.9649363
666,3060,3.8852267
666,300,3.743381
666,2321,3.690021
666,1183,3.6680596
666,1584,3.6214323
666,39,3.5437748
666,377,2.9346895
1523,1198,4.2165604
1523,1233,4.040653
1523,1240,3.8723073
1523,2948,3.7268064
1523,1663,3.6655734
1523,3037,3.6615295
1523,2949,3.6079392
1523,1060,3.5569677
1523,1408,3.5145564
1523,231,3.0434089
3050,260,4.5327225
3050,858,4.519804
3050,1196,4.333504
3050,2407,3.5062857
3050,1527,3.499482
3050,2006,3.4318004
3050,2554,3.2551136
3050,3698,3.0874052
4401,1204,4.284008
4401,3307,4.254444
4401,953,4.2279863
4401,2203,4.221573
4401,3435,4.2146893
4401,2186,4.17247
4401,951,4.156131
4401,1230,4.077651
4401,1242,4.017144
4401,3265,3.95019
4401,2927,3.9348817
4401,1797,3.8960464
4401,3007,3.8746562
4401,940,3.7850099
4401,1220,3.719401
4401,3729,2.9981098
4401,227,1.7624154
3269,296,4.3428664
3269,1196,4.335903
3269,1610,3.847309
3269,3624,3.7403579
3269,1127,3.7306623
3111,1923,3.943879
3111,2355,3.8381417
3111,2599,3.8005958
3111,586,3.5271883
3111,1020,3.4595077
3111,1409,3.4312725
3111,2060,3.4088597
3111,1888,3.3102608
3111,445,3.2872126
3111,585,3.184093
3111,3248,3.0145288
3111,3773,2.9710026
3111,435,2.897554
3111,38,2.4192972
3066,296,4.5869713
3066,2692,4.4006815
3066,356,4.171562
3066,1682,4.1377134
3066,2395,4.113917
3066,780,3.894671
3066,1805,3.8607638
3066,2340,3.7421012
3066,3754,3.4958928
2396,2762,4.3601108
2396,296,4.327821
2396,608,4.2754407
2396,2804,4.2038407
968,50,4.8394036
968,1923,4.3022857
968,1078,4.2292347
968,3105,4.203461
968,728,4.12595
968,2633,4.0043364
968,1909,3.75717
3253,905,4.3082323
3253,3307,4.2885313
3253,110,4.2526245
3253,1704,4.187561
3253,3683,4.1596537
3253,3789,4.152291
3253,1537,4.1308694
3253,2788,4.1301146
3253,1281,4.084527
3253,3504,4.0290785
3253,36,4.023977
3253,3481,3.9972074
3253,915,3.966127
3253,1394,3.9658446
3253,223,3.8872962
3253,3418,3.7350485
3253,2987,3.7133517
3253,2439,3.6833806
3253,412,3.593749
3253,43,3.4431677
3253,2747,3.4369462
3253,2683,3.310929
3253,2369,2.8267715
3141,2797,4.5583014
3141,480,4.4549384
3141,2716,4.4069204
3141,733,4.2820926
3141,3175,4.2808986
3141,507,4.0150394
925,899,3.2935576
925,648,3.2116852
925,1307,3.1339283
925,595,3.018431
925,2135,2.7589355
5936,1208,4.7223377
5936,1197,4.665872
5403,2571,4.1173825
5403,919,4.029207
5403,1210,3.9486334
5403,1036,3.9322655
5403,1,3.8425565
5403,1086,3.8341086
5403,2006,3.6553822
5403,1022,3.6389601
5403,2628,3.516534
5403,1527,3.483275
5403,1573,3.4792094
5403,3033,3.476786
5403,1729,3.4188628
5403,2683,3.414055
5403,1544,3.4013996
5403,29,3.3962615
5403,2087,3.3623927
5403,1824,3.344345
5403,2723,3.229135
5403,1320,3.2060125
382,1172,4.448341
382,2706,4.2410965
382,1290,3.9026594
382,344,3.5609548
2432,3819,4.1706753
2432,3005,3.7314348
2432,3081,3.6019995
901,3594,3.4554205
901,3354,2.331834
3771,2028,4.1588373
3771,1953,3.8828666
3771,1214,3.8061037
3771,1997,3.7194488
3771,1982,3.416531
3771,2273,3.3944592
3771,3576,3.3732667
3771,2550,3.3387089
3771,165,3.3232818
3771,2628,3.2417545
3771,2100,3.1777663
3771,1347,2.9642236
3771,2990,2.8402174
3771,2459,2.7590122
3771,3623,2.7096653
3771,2402,2.4826195
3771,1762,2.3139498
3771,438,2.163319
3771,3017,1.9756906
3771,1987,1.8846557
3771,798,1.8748038
3771,1499,1.7460562
3771,2719,1.7007703
3771,1969,1.6830101
3771,2701,1.4821701
3771,1977,1.4645748
3771,2315,1.2453243
3771,2655,1.2114491
3771,1998,1.204581
1035,593,4.3018985
1035,1247,4.208398
1035,1276,4.1690073
1035,111,4.069479
1035,590,3.9397833
1035,493,3.732401
1035,2291,3.6344762
1035,3250,3.589692
1035,1833,3.0097477
1035,1488,2.8148386
1035,2903,1.7961468
1959,3201,4.5582304
1959,3852,4.18368
1959,3753,3.491386
1942,589,3.3623288
1942,1393,2.9143498
1942,3515,2.5468526
1942,1399,2.4844022
1942,3173,2.08131
1942,366,1.7279938
1942,1969,1.4765989
467,2762,4.0749335
467,2000,3.6053853
467,3159,3.5920448
467,1183,3.5420444
467,1393,3.538258
467,377,3.406824
467,587,3.3750541
467,3398,3.1852105
467,1721,3.1634657
5374,2333,3.9253755
5374,2734,3.601481
5374,2805,3.4123673
1238,2908,3.8522923
1238,3160,3.8516674
1238,2757,3.564306
1238,3298,3.5555024
1238,2976,3.3981197
4831,922,4.6004195
4831,1193,4.532649
4831,1213,4.498767
4831,1247,4.410148
4831,2396,4.350756
4831,3421,4.2879
4831,1231,4.2339334
4831,1246,4.2230315
4831,3006,4.2173996
4831,1674,4.206533
4831,3088,4.206086
4831,3471,4.1932626
4831,949,4.1502056
4831,2248,4.09496
4831,2359,4.085361
4831,1954,4.049888
4831,1302,3.986986
4831,364,3.9844456
4831,1957,3.9815984
4831,1962,3.9638329
4831,596,3.928758
4831,1907,3.9214797
4831,3260,3.876857
4831,1694,3.8519273
4831,986,3.773389
4831,806,3.598666
4831,3259,3.5671625
4831,477,3.532476
1027,593,4.2749553
1027,111,4.23239
1027,1242,4.2268434
1027,1300,4.196091
2949,1127,4.0089116
2949,2700,3.9760356
2949,2987,3.9671998
2949,2701,2.478829
2976,1060,4.149909
2976,3654,4.111073
2976,1517,3.919701
2976,3424,3.8239841
2976,3070,3.7094808
2976,2826,3.6392105
2976,586,3.5960803
2976,1690,3.4137912
2976,1601,3.295334
2976,3918,3.2762587
2976,1644,2.8372915
2976,3661,2.5310206
2976,2379,2.3620718
2976,2380,2.308205
2976,2450,2.2745247
2976,3690,2.2575982
4078,2762,4.023561
4078,1213,3.9903994
4078,1280,3.8182602
4078,3578,3.815213
4078,3683,3.8117507
4078,1089,3.757945
4078,1096,3.7211308
4078,1210,3.666387
4078,1673,3.65692
4078,3552,3.651918
4078,364,3.6424909
4078,2890,3.622099
4078,2716,3.6114523
4078,2745,3.5861478
4078,1095,3.5743482
4078,555,3.5589564
4078,1663,3.548621
4078,671,3.5265486
4078,3104,3.492683
4078,506,3.4680014
4078,3499,3.3676612
4078,2395,3.2914572
4078,2985,3.267017
4078,1476,3.2431166
4078,3251,3.192151
4078,1088,3.1695056
4078,2005,3.0866828
4078,3591,3.0676413
4078,2420,3.0604005
4078,3608,2.9487472
4078,2111,2.8745584
4078,2247,2.8547695
4078,2469,2.6352804
4078,1347,2.610456
4078,2956,2.5910997
4078,2641,2.5759645
4078,2375,2.409844
3612,2762,4.258945
3612,1197,4.251999
3612,1201,4.050662
3612,3448,3.8323996
3612,1663,3.8301685
3612,3361,3.7853496
3612,2115,3.7312
3612,1094,3.7023735
3612,3763,3.6007195
3612,3249,3.5578434
3612,543,3.497627
3612,3706,3.4749088
3612,1747,3.4627342
3612,2747,3.35011
3612,2598,3.2768872
3612,3704,3.2328744
3612,3257,3.136342
3612,3316,3.021592
3612,2701,2.1077492
641,260,4.43742
641,593,4.3394156
641,1132,4.223503
641,1225,4.2051153
641,969,4.201144
641,3097,4.1925874
641,1307,4.124472
641,150,4.1127205
641,1222,4.0495977
641,539,3.9366589
641,1295,3.7968516
641,39,3.7199068
641,300,3.6653574
4813,3429,4.766844
4813,3536,4.4253817
4813,3948,4.3896656
4813,222,4.225664
4813,52,4.168437
4813,2100,4.095149
4813,1479,4.0753646
4813,691,4.0325336
4813,236,4.0113673
4813,235,3.9936543
4813,3684,3.9920535
4813,1894,3.8675656
4813,3,3.8166392
4813,105,3.807704
3956,1625,4.369638
3956,1028,4.3495083
3956,2302,4.3284817
3956,1380,4.1242185
3956,2287,3.8649828
4498,1233,3.8198895
4498,3916,3.520133
4498,1127,3.081275
4498,3567,2.968586
4498,3081,2.903812
4498,1573,2.8453712
4498,2723,2.6581595
4498,3174,2.6004806
4498,3176,2.5462642
4498,2771,2.4988873
4498,1445,2.081285
1056,1923,3.8920112
1056,934,3.852312
1056,2716,3.8503575
1056,223,3.7131255
1056,742,3.4707088
1056,1974,3.3669665
1056,2713,3.3426094
1056,1977,3.2510502
1056,2514,3.0163686
1056,1979,2.6180387
5484,1036,4.5771184
5484,1201,4.57265
5484,1199,4.5256877
5484,1961,4.477727
5484,1266,4.466067
5484,1090,4.4527254
5484,3578,4.4221764
5484,1097,4.39911
5484,2921,4.3302603
5484,3793,4.1955714
5484,780,4.0163603
5484,2707,3.9265347
5484,3430,3.8521
239,527,4.6769333
239,2028,4.4048443
239,910,4.387136
239,2858,4.3838973
239,1210,4.0709324
239,357,3.9051757
239,122,2.8627853
2602,2804,3.6750178
2602,3897,3.6524026
2602,3363,3.4440827
2602,1957,2.9556415
1313,2728,3.934722
1313,1370,3.7073956
2842,1213,4.2110243
2842,3917,3.5819817
2842,1711,3.5302968
2842,2389,2.7862053
2842,762,2.4891758
1148,3897,4.062504
1148,1968,3.6874871
1148,2770,3.2599142
1148,2100,3.2280855
1148,1883,3.093916
1148,45,3.0262148
913,1240,3.9618664
913,2137,3.739064
913,2409,3.0561607
1498,457,4.012279
1498,356,3.994286
1498,2194,3.8341727
1498,3654,3.7727406
1498,161,3.6570032
1498,2916,3.542855
1498,3930,3.0115914
1498,2822,2.75198
633,1221,4.4280643
633,2630,3.7342863
418,1291,3.950752
418,1036,3.923437
418,969,3.908906
418,2002,3.2044432
418,466,2.6759589
2083,2571,4.7675815
2083,589,4.4736223
2083,778,4.397569
2083,1270,4.367106
2083,3105,4.2965317
2083,321,4.20564
876,2692,4.22941
876,3578,4.1794615
876,3114,4.1646423
876,1275,3.869834
876,1580,3.815792
876,3702,3.7834136
876,780,3.696272
876,1722,3.6155677
876,3763,3.6069653
876,2498,2.5748026
4753,260,4.3244815
4753,924,3.880652
4753,150,3.8130832
4753,1957,3.5798302
4753,588,3.4640286
4753,952,3.4293811
4753,3301,2.9502244
3944,2064,4.0042915
3944,1259,3.8430924
3944,356,3.6515088
3944,34,3.5297465
3944,2915,3.4225085
3944,3169,3.4175406
3944,2100,3.09243
3944,2141,2.983211
3944,2746,2.9667733
3944,3785,2.2655177
2759,260,4.507673
2759,2359,3.903852
2759,3189,3.609002
2759,802,3.40264
2759,3785,2.766091
2759,3113,2.2934794
2533,356,4.4560084
2533,11,4.3931265
2533,590,4.391653
2533,1784,4.3273544
2533,440,4.2030654
2533,500,4.0657043
2533,224,3.928814
2533,361,3.8829703
2533,2266,3.7921095
2533,1541,3.7859561
2533,3705,3.670425
3670,1221,4.128296
3670,780,3.6875296
3670,3618,3.453081
3670,3827,3.3371277
4097,2028,4.298902
4097,1265,3.894465
4097,1220,3.8162608
4097,1407,3.700544
4097,2953,2.291975
4097,2088,2.2716835
5013,904,4.503753
5013,912,4.4976196
5013,908,4.4712944
5013,1219,4.322859
5013,919,4.250841
5013,111,4.218439
5013,3362,4.0161724
2979,919,4.3391376
2979,2987,3.622282
2979,1566,3.3378828
503,1283,4.6873174
503,3671,4.489466
896,3578,4.6494617
896,2716,4.2325063
896,3948,4.2029314
896,2683,3.9125133
896,3827,3.7996356
896,3824,3.4624724
4463,1089,4.2716312
4463,3167,3.7585106
1665,541,4.294285
1665,1376,3.8023
1665,316,3.769314
1665,2159,3.5422492
1665,3703,3.4909914
1665,24,3.3941178
2448,919,4.283531
2448,3421,3.9749513
2448,610,3.6965494
2448,2683,3.6177
2448,2694,3.5276253
5757,2019,4.831711
5757,1193,4.690958
5757,1198,4.6708713
5757,923,4.610142
5757,541,4.5229254
5757,1230,4.4289303
5757,1944,4.355136
5757,1960,4.261255
5757,1265,4.1184726
5757,1391,2.9491527
3987,2762,4.1389227
3987,2572,3.3201375
3987,2683,3.1767726
3987,3325,2.164742
2985,1198,4.3270097
2985,1197,4.254286
2985,1291,4.092261
2985,1721,3.9233303
2985,1,3.8843
2985,589,3.8263602
2985,1127,3.7534294
2985,2137,3.7501802
2985,1035,3.7145147
2985,1907,3.667417
2985,2405,3.5213072
2985,3479,3.51543
2985,3034,3.5040557
2985,1375,3.3964431
2985,2746,3.3958101
2985,2408,3.2954714
2985,1373,3.2191675
2985,2041,3.1763506
2985,2054,3.1547437
903,913,4.1354127
903,2959,3.852759
903,3160,3.735797
903,3788,3.532431
903,2987,3.485031
903,2355,3.4254403
903,3179,3.3437774
903,2605,3.220419
903,2475,3.1896667
903,3176,3.171972
5335,527,4.446834
5335,1278,4.2925825
5335,1225,4.2493443
5335,1358,4.2456083
5335,910,4.2175703
5335,3114,4.211006
5335,2501,4.1443253
5335,590,4.1068745
5335,529,4.0640125
5335,456,3.9899063
5335,2890,3.879596
5335,474,3.7317982
5335,2174,3.6201215
5335,2916,3.5593822
5335,3555,3.5491104
5335,3633,3.5473747
5335,2860,3.1191516
5335,3534,2.9176397
3326,3408,4.104704
3326,3863,3.7327452
3326,3745,3.6779287
3326,277,3.6694784
3326,3755,3.554893
3326,3785,3.132834
3326,3286,2.2422023
5314,3676,3.4660785
1744,1196,4.246961
1744,296,4.1768103
1744,150,4.0388074
1744,36,4.007554
1744,2398,3.9472136
1744,1721,3.9401593
1744,3210,3.9368312
1744,1968,3.9286447
1744,3072,3.9248242
1744,3952,3.8800704
1744,3296,3.8521447
1744,1663,3.8295615
1744,1393,3.828677
1744,2243,3.815327
1744,62,3.7690477
1744,1615,3.5916378
1744,144,3.520197
1131,1247,5.0241528
1131,903,4.992127
1131,111,4.9215307
1131,3462,4.877542
1131,1201,4.8603773
1131,1235,4.8041635
1131,1362,4.6267834
1131,959,4.5774565
1131,1265,4.535657
1131,480,4.5295095
1131,1649,4.5206494
1131,1095,4.4824886
3070,1148,4.2824497
3070,919,4.025985
3070,3462,3.9037535
3070,3819,3.782941
3070,1210,3.704337
3070,357,3.4924524
3070,351,2.6982172
2782,2858,4.246812
2782,2706,4.052289
2782,2580,3.9058962
2782,588,3.8287654
2782,1441,3.6563606
2782,1888,3.3840518
2782,1405,3.3671603
2782,784,3.1257482
3943,1923,4.3479104
3943,11,4.2621846
3943,2890,4.229548
3943,3100,4.1952467
3943,52,4.141115
3943,3418,4.1341023
3943,1747,3.9658573
4545,3105,4.06141
4545,1663,4.03458
4545,2013,3.679038
4545,2369,3.5395296
4545,785,3.5034914
4545,2710,3.389549
5368,3471,3.8789573
5368,1264,3.8536792
5368,1210,3.5069306
5368,1653,3.4410017
5368,1909,3.1514049
5368,2273,3.1081865
4299,527,4.7365675
4299,2396,4.5283637
4299,3255,4.1017933
4299,1835,4.0296593
4299,1805,4.005401
4299,1721,3.9880297
4299,1042,3.9869633
4299,1441,3.964174
4299,1918,3.9465375
4299,381,3.931304
4299,2012,3.7694056
1863,296,4.836721
1863,527,4.827778
1863,1219,4.747427
1863,3683,4.7199917
1863,1230,4.65335
1863,3114,4.625358
1863,1280,4.5895004
1863,1244,4.539259
1863,3083,4.45487
1863,3735,4.269725
1863,2395,4.2326202
1863,861,3.7631202
790,1196,4.7117386
790,1214,4.554848
790,2160,4.377809
790,648,4.1008935
2688,527,4.333375
2688,318,4.308779
2688,3578,4.02784
2688,1200,3.9306192
2688,1210,3.8361328
2688,1231,3.7917778
2688,3408,3.7367353
2688,1282,3.6773322
2688,1407,3.577878
2688,2150,3.5433602
2688,357,3.458636
2688,3555,3.4231565
2688,1747,3.3097122
2688,2111,3.2901778
2688,2622,3.265604
2688,1020,3.169855
5892,2019,4.8264446
5892,1193,4.6298723
5892,1252,4.563064
5892,32,4.2454453
5892,2967,4.0061293
5892,2288,3.9182444
5892,2968,3.9081702
5892,1396,3.8852592
5892,1777,3.5594094
1109,608,4.338996
1109,969,4.2627354
1109,1214,4.2406764
1109,593,4.2345467
1109,1682,3.9358966
1109,3916,3.8229055
1109,3078,3.7945757
1109,2872,3.5771298
1109,3535,3.4229996
1109,1909,3.4158576
1109,3461,3.1840575
1109,1339,3.1220262
1109,1347,3.1193004
1109,1806,2.5620186
1109,3269,2.319308
1109,1562,1.8649961
1109,169,1.4616609
5971,1242,4.0583677
5971,1231,3.8523426
5971,2398,3.836092
5971,3421,3.8150043
5971,2797,3.7911112
5971,1307,3.765645
5971,902,3.7129107
5971,2359,3.6842442
5971,733,3.6203873
5971,1957,3.5837824
5971,3256,3.5594885
5971,1124,3.5126884
5971,2671,3.4916408
5971,349,3.4751809
5971,848,3.4534445
5971,2628,3.4346564
5971,2145,3.1042395
5971,2735,2.9339547
5971,371,2.693476
439,1198,4.411151
439,953,4.3281684
439,1213,4.1956444
439,3362,3.9533744
439,1393,3.7896485
439,3755,3.5473366
439,3623,3.520914
439,3,3.389286
439,1894,3.265883
439,3286,2.6236887
56,2858,4.321476
56,608,4.301157
56,1704,4.1197834
56,457,4.0018106
56,778,3.9840014
56,3728,3.97841
56,3019,3.909296
56,6,3.7737317
56,588,3.762255
56,2542,3.755073
56,3948,3.587737
56,2427,3.58759
840,1198,4.8293123
840,260,4.7793655
840,953,4.7338743
840,1193,4.7320604
840,296,4.7087154
840,1225,4.6329556
840,599,4.59319
840,3114,4.585121
840,246,4.573037
840,1036,4.570251
840,1210,4.46664
840,17,4.4565954
840,778,4.4221377
840,3396,4.393838
840,2791,4.3671885
840,2863,4.354906
840,3742,4.315876
840,3448,4.2625284
840,3526,4.239377
840,2078,4.2365627
840,534,4.235239
840,3751,4.212951
840,1092,4.0904117
840,2174,4.06248
840,1017,4.0368586
840,3812,3.9867625
840,2100,3.9761689
840,3831,3.9254518
840,2014,3.8741221
840,2470,3.7591596
840,2639,3.7387648
840,532,3.326762
840,2191,3.1737366
840,2572,3.1678045
4773,3634,4.6388774
4773,2761,4.475893
4773,920,4.3119373
4773,1923,4.270006
4773,2496,4.1595993
4773,2617,4.0983496
4773,648,4.065998
4773,1810,4.0450473
4773,2771,3.930441
4773,140,3.9155707
3417,1233,4.3739233
3417,1178,4.354809
3417,908,4.3399734
3417,3429,4.2361965
3417,923,4.2213564
3417,1260,4.183525
3417,3095,4.057365
5233,904,4.404564
5233,908,4.321109
5233,296,4.192851
5233,3468,4.1116915
5233,3147,4.064679
5233,2959,3.9492936
5233,1210,3.9119358
5233,1639,3.7302978
5233,190,3.6915684
5233,3108,3.657246
5233,3794,3.5458033
5233,2995,2.3134277
3962,1302,3.6149564
3962,2001,3.5904016
3962,1200,3.4710312
3962,902,3.4636173
3962,3749,3.3045378
3962,3715,3.2845151
3962,1995,3.1555395
3962,1996,2.95184
1458,608,4.595886
1458,3114,4.4311004
1458,47,4.400564
1458,2997,4.351194
1458,223,4.073273
1458,3751,4.0389504
1458,1639,3.9749968
1458,2321,3.9212115
1458,1426,1.8358347
1458,3821,1.5928944
3262,1,3.9327888
3262,3148,3.802933
3262,1641,3.5956488
3262,708,3.3428006
3262,3798,3.2695065
3262,2906,2.106994
3262,2907,1.7594948
4019,1203,4.0992327
4019,3760,2.8089924
298,3538,3.8766298
298,266,3.7015126
298,648,3.6858525
5823,1148,4.803807
5823,745,4.708616
5823,2010,4.3789163
5823,58,4.2779703
5823,1210,4.233983
5823,1275,4.2006016
5823,2497,2.6986446
4903,50,4.470964
4903,858,4.468331
4903,1213,4.2869782
4903,593,4.219663
4903,2609,3.9916353
4903,3299,1.2471704
2834,898,4.424567
2834,1968,4.045755
2801,296,3.5831232
2801,1393,3.5436468
2801,2580,3.5155704
2801,3298,3.3921971
2801,2541,3.2952063
2801,2443,3.2817502
2801,3185,3.2059522
2801,2433,3.1500382
2801,2694,3.0382783
2801,2688,2.9232247
2801,2840,2.6615698
2801,2598,2.5780666
1743,1252,4.705821
1743,1267,4.6616287
1743,1147,4.623798
1743,1196,4.600348
1743,1219,4.582237
1743,246,4.510811
1743,3037,4.376504
1743,247,4.2355065
1743,2872,4.0665946
1743,2174,3.805882
1743,661,3.7853992
1743,3355,2.8483083
1743,3190,1.3000396
1840,1252,4.5767994
1840,2116,3.5781548
1840,231,3.2471566
1840,3107,3.1814904
5665,318,4.509533
5665,2762,4.3162427
5665,1219,4.2396865
5665,2858,4.230834
5665,593,4.2109227
5665,924,4.0839753
5665,1411,3.8653383
5665,839,1.3191582
3117,2028,4.3728065
3117,296,4.3289905
3117,1225,4.29763
3117,1200,4.207549
3117,1097,4.0853515
3117,3763,3.6769166
2593,908,5.0199556
2593,2571,4.9806433
2593,750,4.93334
2593,1267,4.870127
2593,1256,4.7982984
2593,1288,4.733824
2593,162,4.6878767
2593,590,4.665834
2593,1244,4.657795
2593,1277,4.541993
2593,1298,4.342084
2593,2280,4.1973963
2593,3706,4.0927734
2593,2478,3.973547
2593,303,3.7681446
2593,559,3.116262
447,1968,4.6249695
447,2102,4.2756233
4679,2333,3.7986896
4679,1959,3.5784357
4679,2987,3.417782
4679,2710,2.8702817
4679,2881,1.9241
4679,3354,1.5608156
1985,1196,4.2366686
1985,1210,3.9903452
1985,2194,3.875456
1985,1206,3.6471694
1985,648,3.6191459
1985,1019,3.5362744
1985,3020,3.5303757
1985,1438,3.3804507
1985,2968,3.2177906
1985,3638,3.2000275
1139,1617,4.6418753
1139,1089,4.4815097
1139,3897,4.445737
1139,497,4.344333
1139,1411,4.302017
1139,1784,4.210339
1139,2890,4.1632776
1139,3787,4.059577
1139,1393,4.005627
1139,1580,4.0053988
1139,1729,3.9876194
1139,597,3.7977247
1139,377,3.7835052
1139,3450,3.6730177
1139,806,3.5552053
1139,22,3.4945862
1139,852,2.962871
1139,3003,2.7473984
1770,2028,4.1464143
1770,2150,3.598431
1770,2141,3.4397497
1770,3524,3.37598
1770,3525,3.3521614
1770,2413,3.25403
1770,2717,2.7797542
1770,2468,2.6016774
1770,3388,2.5723302
1770,3710,1.9623662
4410,2804,4.2430654
4410,3471,4.023114
4410,1348,3.9385767
4410,2722,2.620861
4410,637,1.510535
1468,858,4.6320457
1468,3000,4.2591357
1468,1240,4.18881
1468,1210,4.105501
1468,3578,4.042355
1468,1597,3.5905416
1468,377,3.5875406
1468,1722,3.3921194
1468,2986,2.0427618
4667,904,4.643611
4667,1221,4.5703454
4667,541,4.4593306
4667,1952,4.283796
4667,1394,4.2733345
4667,1292,4.1882305
4667,3680,3.9449997
4667,1173,3.3672326
4311,3421,3.0927224
4311,1213,3.0902257
4311,293,3.043601
4311,1016,2.9958458
4311,1376,2.9268334
4311,3417,2.9043
4311,3070,2.856031
4311,3516,2.807197
1145,150,3.655501
1145,2303,3.6293035
1145,3504,3.5588791
1145,3175,3.4339755
1145,265,3.379428
1145,509,2.9963722
1145,137,1.9179916
1145,1972,1.2893817
1082,1198,4.9940376
1082,590,4.6454515
1082,509,4.456191
1082,1676,3.5651717
1082,1499,2.839662
5346,741,4.262139
5346,3545,4.0763764
5346,3357,3.9859836
5346,2943,3.9308984
3494,3773,3.0669687
3494,2699,3.0303972
3494,3053,2.904523
430,3363,4.170478
430,1210,4.1652265
430,539,4.1423864
430,163,3.8155456
430,3436,3.5552773
1464,1197,4.265935
1464,2028,4.2513533
1464,593,4.2000465
1464,1394,4.007294
1464,356,3.9908988
1464,1307,3.9456556
1464,1275,3.873591
1464,2949,3.840095
1464,553,3.786245
1464,3256,3.7817154
1464,2115,3.6782079
1464,780,3.6204057
1464,21,3.586409
1464,2402,3.1050692
1464,3173,2.9329581
55,912,4.425479
55,593,4.3538074
55,110,4.2472267
55,246,4.1411448
55,105,3.0714588
2695,912,4.399575
2695,969,4.3584332
2695,903,4.296983
2695,1196,4.208243
2695,1304,4.099656
1440,1136,3.9519944
1440,1358,3.8861144
1440,111,3.8200245
1440,293,3.6742566
1440,1222,3.6683135
1440,1956,3.606951
1440,1997,3.6033154
1440,1036,3.5048227
1440,1210,3.155789
1440,2987,3.1213238
1440,1194,2.8949885
1440,3863,2.6755447
3489,858,3.790732
3489,2791,3.2463155
3489,2716,3.096467
3489,2395,2.9896634
3489,2599,2.8857892
3489,2423,2.56794
3489,3608,2.520115
3489,2797,2.4330442
3489,2723,2.3639617
3489,1378,2.2344413
3489,2247,2.1893077
2481,260,4.383612
2481,1252,4.348025
2481,1193,4.3327894
2481,1262,4.2964983
2481,1104,4.2850266
2481,923,4.2766743
2481,3468,4.166651
2481,1258,4.0596514
2481,1214,4.0372796
2481,3037,4.005891
2481,2728,3.9356322
2481,1292,3.9340582
2481,1077,3.9270914
2481,1265,3.8646336
2481,3733,3.7986584
2481,3873,3.4772263
2481,1721,2.8576741
4827,1066,4.0175166
4827,1029,3.536916
4827,3203,3.5090158
4827,2085,3.3880062
4827,43,3.207209
4827,2734,3.0595016
4827,2712,2.6036544
4727,910,4.22318
4727,3462,4.221139
2802,1299,4.0477953
2802,2858,4.0118237
2802,515,3.631805
2802,1965,3.6218052
2802,2333,3.57823
2802,2502,3.5607162
2802,2763,3.3318014
2802,2369,2.6130133
2802,3623,2.5473962
2802,2473,1.9200554
5989,2762,4.7447853
5989,3408,4.2291636
5989,3466,4.106038
5989,3477,3.9775202
5989,2321,3.790925
5989,3489,3.7211425
5989,258,3.6286347
5989,3354,3.594148
5989,374,3.4176865
5989,3238,3.274273
212,1198,4.2962894
212,2791,4.0158443
212,1580,3.8665128
212,2352,3.8533044
212,3039,3.8458464
212,3362,3.823475
212,1393,3.772323
212,2064,3.7321231
212,2518,3.5731006
212,367,3.556614
2983,1200,4.694507
2983,1036,4.682441
2983,1370,4.4965296
2983,2881,4.3307123
2983,2058,4.317553
2983,1378,4.265112
2983,653,4.2504287
2983,2490,4.2190676
2983,2002,4.0819516
2983,1445,3.60738
5813,858,4.7405834
5813,919,4.404868
5813,2947,4.105573
5813,3384,3.9767828
5813,2355,3.9675531
5813,2706,3.7824788
5813,2353,3.7106192
5813,2683,3.5228648
5813,1101,3.3444266
5813,2724,2.914081
5813,1513,2.823217
1044,1299,4.2921877
1044,1196,4.243082
1044,1225,4.2181845
1044,2859,4.1171055
1044,2918,4.1085367
1044,1259,4.009049
1044,2791,3.979128
1044,1097,3.9180653
1044,2872,3.785329
1044,3203,3.653534
1044,2301,3.4897065
1044,2407,3.4693213
1044,2539,3.425455
1044,2736,3.372415
1044,2746,3.3464246
1684,260,4.580054
1684,745,4.499135
1684,588,4.0457497
1684,3555,3.7482321
1684,3798,3.6125517
1684,3608,3.4853535
4195,926,4.6760645
4195,1217,4.636658
4195,608,4.5573006
4195,919,4.556922
4195,947,4.5207806
4195,1249,4.469441
4195,949,4.427489
4195,3224,4.3845925
4195,1185,4.3585997
4195,2848,4.225568
2373,930,4.2078495
2373,1284,4.1774673
2373,1617,4.0807066
2373,1785,3.3838491
2655,2959,3.6505165
2655,3174,3.2700424
2655,2759,3.2036786
2655,2541,3.0186992
2655,1589,3.0036156
2655,2888,2.6211672
2655,2827,2.0251236
2294,1267,4.380335
2294,1947,4.0635195
2294,590,4.0060225
2294,1097,3.9884331
2294,73,3.820811
2294,952,3.6139464
684,1721,4.2065372
684,2706,4.167862
684,2722,3.6179705
684,3053,3.5501506
684,2411,3.5237453
1766,589,3.5155153
1766,2262,2.216044
1766,3354,1.7920585
1877,2791,4.096774
1877,3456,3.9773784
1877,3747,3.8586354
1877,3720,3.792695
1877,3578,3.764412
1877,3910,3.484275
1877,3882,3.4560175
1877,3914,3.396097
1877,480,3.307601
1877,3320,3.2742038
1877,648,3.1759741
1877,144,3.1079884
1877,3580,2.9760027
1877,3288,2.4248092
5248,898,4.0654044
5248,1269,3.9265225
5248,933,3.8600638
5248,1188,3.8072557
5248,3671,3.8022227
5248,1079,3.6741533
5248,728,3.6549397
5248,1078,3.5337832
5248,2371,3.51061
5248,1395,3.3456714
5248,2622,3.3317907
3898,318,4.2954116
3898,750,4.217219
3898,2028,4.1052313
3898,1254,4.041867
3898,1961,3.848044
3898,1041,3.8031342
3898,1219,3.7890282
3898,508,3.785139
3898,1210,3.733951
3898,3811,3.7196774
3898,994,3.7124503
3898,1270,3.711446
3898,1956,3.639238
3898,1954,3.636332
3898,2932,3.5868347
3898,3471,3.4825306
4292,2393,3.0630362
4292,3438,2.3613548
4292,3177,2.331069
6018,750,4.6196494
6018,541,4.4576035
6018,1077,4.243871
6018,2951,4.2125087
6018,1954,4.178751
6018,3032,3.8051066
6018,2433,3.557847
6018,2528,3.4663947
6018,288,3.4505634
6018,1876,3.0455399
6018,1320,3.0337954
6018,2533,2.9254858
4128,3671,4.3386807
4128,2352,4.178406
1552,1233,4.494944
1552,1361,4.417366
1552,1,4.3877654
1552,3897,4.3328323
1552,1096,4.2753735
1552,36,4.257015
1552,2761,4.1480374
1552,2020,4.1394844
1552,3552,4.0918274
1552,3342,4.048033
1552,866,4.0239067
1552,2391,3.9935708
1552,1270,3.8364162
1552,21,3.7552876
1552,3685,3.6389136
1552,1171,3.5844498
1552,2058,2.921607
1552,1711,2.8616214
1552,2012,2.7447119
1552,780,2.5567932
1552,95,2.537667
1031,260,4.6931624
1031,1200,4.451618
1031,2947,4.344349
1031,1214,4.2733808
1031,480,4.252295
1031,589,4.250806
1031,1580,4.1324806
1031,3793,4.081785
1031,2529,4.077161
1031,1584,4.0700374
1031,2881,4.0164094
1031,2993,3.9970584
1031,3639,3.9731476
1031,1396,3.969707
1031,2476,3.9260235
1031,3633,3.891936
1031,1371,3.8597698
1031,3869,3.8585854
1031,170,3.824923
5253,1198,4.2754936
5253,1213,4.1633973
5253,1299,4.1307745
5253,1225,4.039735
5253,1214,3.9720407
5253,1200,3.9655738
5253,3735,3.875502
5253,2067,3.8579478
5253,2648,3.8193345
5253,1282,3.7879488
5253,3668,3.7484
5253,595,3.656795
5253,2366,3.5086153
5253,2797,3.4889402
5253,3461,3.376131
5253,2078,3.3458297
5253,2899,3.2689357
3549,1234,4.373252
3549,440,4.005714
3549,2302,3.9743025
3549,3072,3.8659463
3549,2915,3.7257323
463,1234,4.2119713
463,951,4.194362
463,1077,3.8856373
463,2248,3.8595204
463,1,3.78744
463,223,3.6933553
463,1732,3.6718159
463,1188,3.518878
463,2797,3.4808826
463,2134,2.3435717
463,344,2.2300444
463,2249,2.1427343
463,2054,2.0977845
463,1135,2.09494
463,3243,1.3180622
463,2082,1.1976655
2346,364,3.8198419
2346,2096,3.608236
2346,2002,3.470871
1078,296,4.5614076
1078,1196,4.4906855
1078,1271,4.265456
1078,515,4.2439775
1078,1101,4.191758
1078,3479,4.172202
1078,1380,4.15081
1078,337,4.1455946
1078,2872,4.0778284
1078,7,4.0722885
1078,253,3.8946443
1078,151,3.8855708
1078,3699,3.7843156
1078,1417,3.7038584
1078,2950,3.0717914
5882,2916,3.4266005
5882,610,3.259163
5882,2455,3.2437031
680,2716,3.7755413
680,3175,3.6635122
680,2706,3.6584642
680,2376,2.9650512
680,2826,2.8615985
680,2598,2.6182175
5725,3300,3.1694038
5725,3324,2.3130326
5307,908,4.990039
5307,1356,4.2205667
5307,1372,3.6480505
5307,780,3.4049106
5307,1676,3.016105
5106,11,4.1649666
5106,364,4.043663
5106,2359,4.041111
5106,1722,3.9727628
5106,1414,3.836171
5106,2916,3.809752
5106,2059,3.7453341
5106,2770,3.7230759
5106,2012,3.6716185
5106,852,3.6600447
5106,317,3.6399736
5106,2622,3.6092901
5106,783,3.506664
2732,1291,4.489593
2732,590,4.2989006
2732,3510,4.2717896
2732,3494,4.0002356
2732,230,3.966331
2732,2916,3.9553564
2732,454,3.9537432
2732,1371,3.6205292
287,2501,4.128697
287,1358,4.088499
287,3578,4.073325
287,3481,3.9312162
287,1721,3.918232
287,3105,3.78011
287,1357,3.6807797
287,2890,3.6335235
287,1411,3.608425
287,3100,3.5803132
287,3418,3.551539
287,1747,3.5029635
393,1267,3.9914408
393,1263,3.7484984
393,1296,3.7258759
393,1294,3.6127892
393,1394,3.5862098
393,3822,3.4437547
393,1809,3.1308727
393,2567,2.6402855
393,528,1.3157055
2425,3578,4.0193872
2425,1210,3.8475475
2425,349,3.5454187
2425,1183,3.4876862
2425,1088,3.390825
2425,780,3.3203275
5802,1104,4.3952475
5802,1260,4.365205
5802,1248,4.316512
5802,2859,4.2435665
5802,1230,4.143415
5802,7,3.6254234
985,1198,4.77187
985,3421,4.369772
985,733,4.3422194
985,474,4.176009
985,1845,4.139845
985,3386,4.1198735
985,2857,4.090687
985,3751,4.0803566
985,223,4.0435877
985,1396,3.9981096
985,1047,3.992134
985,2125,3.9769645
985,1589,3.8055465
985,3827,3.7634375
985,3235,3.6283474
4106,356,3.8574026
4106,3114,3.8423011
4106,2507,2.8048296
2305,1721,3.6618044
2305,728,3.6181307
2305,3129,3.5796812
2305,357,3.3322482
2305,21,3.2139735
2305,1732,3.1127832
2305,1883,2.8329165
3911,780,3.5917158
1705,3499,4.1613245
1705,328,3.6305637
1705,2468,3.3726969
1705,2316,3.298593
1705,1556,1.5854893
5838,1198,4.4311304
5838,912,4.3791833
5838,954,4.339009
5838,926,4.319786
5838,951,4.291234
5838,953,4.254028
5838,1172,4.173353
5838,1238,3.9565713
5838,356,3.9376602
5838,2359,3.919643
5838,34,3.8918204
5838,2690,3.8741474
5838,2968,3.7260141
5838,11,3.553728
5838,2100,3.431431
5838,85,3.3444679
5838,2628,3.0825572
232,3114,4.2789884
232,1449,4.2538853
232,2997,4.2395797
232,141,3.5354795
232,663,3.3402343
232,648,2.8095856
232,3484,1.3858522
1773,527,4.540312
1773,50,4.474696
1773,1213,4.2760034
1773,1041,3.9938762
1773,3408,3.8169544
1773,3418,3.7715092
1773,25,3.6290417
1773,2291,3.496914
1773,1477,3.4385285
3331,2762,4.2897806
3331,2858,4.2461514
3331,1089,4.163826
3331,2959,4.0737495
3331,1270,4.0215397
3331,2908,4.012157
3331,2871,3.980284
3331,34,3.956186
3331,1094,3.8081126
3331,2406,3.7995284
3331,39,3.76025
3331,934,3.716638
3331,2013,3.56897
3331,252,3.4733691
3331,3869,3.3127692
3331,24,2.4642122
4598,1198,4.3516026
4598,1213,4.2582436
4598,928,4.150072
4598,914,3.9937482
4598,1333,3.864553
4598,3551,3.8624358
4598,2944,3.8344984
4598,1873,3.6932518
4598,1012,3.6127105
4598,203,2.5857692
4598,3782,1.8182708
1774,2858,4.197488
1774,1544,3.6151938
1774,3409,3.5504045
1774,1753,3.366887
1774,804,3.3054042
1774,3593,2.2062445
1302,608,4.7749963
1302,32,4.5634966
1302,1527,4.4318933
3793,3253,3.5904646
3793,2504,2.9285681
3793,166,2.0902042
3793,1679,1.6467178
3793,87,1.517348
3793,2798,1.4872857
3793,2152,1.4336532
3793,65,1.3742213
1398,3730,3.9700112
1398,1099,3.6037626
1398,3160,3.524353
1398,266,3.0734963
1398,3173,2.6618166
670,3730,3.890855
670,2624,3.4447474
670,3915,2.9192023
670,3947,2.8739727
670,2077,2.359766
670,473,1.2038047
6003,50,4.963145
6003,1939,4.688435
6003,1394,4.611184
6003,1079,4.5175395
6003,902,4.4890738
6003,2268,4.476223
6003,1265,4.4362106
6003,497,4.419346
6003,2973,4.3180237
6003,2302,4.2997417
6003,2150,4.2228465
6003,235,4.2165146
6003,592,3.9792087
6003,480,3.8360543
6003,2100,3.8311377
6003,648,3.616284
6003,2528,3.5891905
6003,1371,3.2868576
6003,1779,2.2433703
6003,416,1.6075407
1390,1617,4.5099115
1390,1230,4.4501524
1390,457,4.38258
1390,1036,4.3777475
1390,1231,4.306326
1390,1270,4.2860155
1390,3481,4.264184
1390,2070,4.2365913
1390,1101,4.113633
1390,1958,4.007943
1390,1127,3.984387
1390,1081,3.9536242
1390,52,3.9424858
1390,2424,3.915526
1390,1653,3.9013445
1390,832,3.8811297
1390,21,3.818318
1390,339,3.788233
1390,2474,3.7866662
1390,266,3.718122
1390,2145,3.7119925
1390,1573,3.6650875
1390,3308,3.6489918
1390,434,3.2131221
1390,3388,3.0755084
251,2028,4.312989
251,2804,4.1447616
251,590,3.9813385
251,594,3.7438278
251,1408,3.7203336
251,349,3.6041389
251,1958,3.6018097
251,1372,3.3047938
251,2094,2.7750711
251,1379,2.535173
251,3697,2.2769167
4960,608,4.632015
4960,1111,4.617646
4960,2677,4.373519
4960,2599,4.356739
4960,549,4.1321397
4960,785,3.8566418
4960,2294,3.842599
4960,769,3.4904647
5188,2571,4.5184584
5188,110,4.3867807
5188,2396,4.3097334
5188,590,4.194225
5188,1271,3.9290383
5188,2355,3.8734837
5188,3157,3.517819
5188,2532,3.4997513
4297,1225,4.568602
4297,1293,4.504185
4297,1036,4.3815246
4297,1674,4.377644
4297,1960,4.316231
4297,2746,3.5691142
2832,1148,4.6674604
2832,912,4.6627865
2832,608,4.49922
2832,1280,4.3809795
2832,232,4.2846622
2832,2973,4.1851068
2832,1185,4.088253
2832,2268,4.0345135
2832,1784,3.9900265
2832,1171,3.7239878
2832,3318,3.4180448
2832,1088,2.3577693
3536,318,4.779926
3536,912,4.442201
3536,1090,4.326185
3536,628,4.19526
3536,1291,4.168834
3536,364,4.1677933
3536,1270,4.1424155
3536,1282,4.119295
3536,1028,4.072243
3536,2137,4.0714455
3536,2268,4.0510626
3536,1729,3.9039762
3536,2167,3.7463214
3536,1573,3.653707
3536,2770,3.6083398
3536,2694,3.4961407
3536,31,3.4706771
3536,2710,3.4101713
3536,788,3.3447623
3536,2723,3.274293
3536,3717,3.009886
3536,2995,2.353573
5928,954,4.2128744
5928,2959,4.0095544
5928,3341,3.956537
5928,3415,3.5157125
5928,3588,2.8490705
96,1231,3.6995885
96,17,3.6183722
96,3408,3.5864627
96,1907,3.5054953
96,3753,3.3403149
96,1393,3.1551304
96,1614,2.5660706
451,111,4.585889
451,1079,4.4864645
451,3811,4.437886
451,3578,4.4356203
451,428,4.41529
451,3668,4.385977
451,2352,4.374585
451,265,4.339754
451,2018,4.2939215
451,568,4.1926103
451,309,4.1724863
451,3868,4.149785
451,1393,4.149042
3009,539,4.4272594
3009,1286,4.2105436
3009,2001,4.072896
3009,3827,3.815329
3009,1918,3.7512596
3009,3889,3.3847315
2999,596,3.7777023
2999,3398,3.5073178
2999,1010,2.9789634
2999,2142,2.9683082
2999,783,2.9243782
2999,2016,2.372316
2999,673,2.3040202
2999,455,2.2027953
2999,1592,1.774262
4485,50,4.654504
4485,2762,4.552665
4485,1357,4.0098405
4485,1500,3.966292
4485,2502,3.95549
4485,1120,3.8723214
4485,161,3.8032749
4485,94,3.629578
4485,2294,3.3440213
4485,1805,3.274251
4485,1614,2.9683943
4485,1370,2.857967
4485,55,2.7605484
4485,2617,2.6699748
4485,3744,2.583361
4485,3146,1.9509051
4321,3035,4.451109
4321,3317,4.2047095
4321,1079,4.198401
4321,3513,3.5094967
4321,3316,3.2257729
2320,1950,4.104254
2320,1210,3.9267008
2320,2359,3.7453303
2320,1732,3.5064762
2320,3784,3.387543
2320,586,3.3649945
2320,3247,3.3543758
2320,1883,3.3513017
2320,603,3.2484078
2320,218,3.1925097
2320,788,3.12222
2320,2587,3.0185318
2320,2574,2.5833814
4818,1256,4.343237
4818,1223,4.3366365
4818,1197,4.3272305
4818,3471,3.9736319
4818,247,3.9112937
1304,260,4.59157
1304,1213,4.451436
1304,1291,4.217006
1304,1240,4.1919746
1304,2791,4.1033177
1304,2662,3.9761271
1304,2968,3.8614266
1304,1356,3.778319
1304,1376,3.6963367
1304,1518,3.6898851
1304,2278,3.6459203
1304,367,3.603238
1304,2628,3.175837
1304,3113,2.4986176
2742,1136,3.9020777
2742,909,3.6621177
2742,1257,3.2814608
2742,2000,3.070291
2742,2985,2.902807
2742,2143,2.668612
2742,788,2.3324566
2742,3937,2.174387
2742,2054,2.0619702
2742,2450,1.4741899
4037,1035,3.6584573
1166,1249,3.9513862
1166,1210,3.7957253
1166,2948,3.6825366
1166,1035,3.6558204
1633,3507,3.6404755
1633,1035,3.3967268
1633,1275,3.3556097
1633,2160,3.2997956
5097,1178,4.68397
5097,1136,4.6236296
5097,969,4.550461
5097,3897,4.4807806
5097,1214,4.416172
5097,924,4.4041185
5097,2966,4.3762193
5097,2575,4.3692207
5097,1914,4.1594453
5097,2065,3.9518454
5097,3873,3.9088726
5097,3081,3.8899238
5097,2829,3.5543642
5097,3478,3.490304
5097,2694,3.4435813
5097,3053,3.2802525
5097,3326,3.115895
5097,2713,2.198221
3214,2731,4.8021927
3214,932,4.2175646
3214,82,4.0111265
3214,3855,3.9509234
3214,1511,3.7416146
3214,3124,3.600779
3214,2717,3.233107
2162,1219,4.5206995
2162,955,4.394558
2162,1292,4.2481356
2162,590,4.2457795
2162,1249,4.22867
2162,356,4.167396
2162,1968,4.1063075
2162,3396,4.070958
2162,3868,4.03463
2162,39,3.9394836
2162,551,3.925003
2162,524,3.8775663
2162,3087,3.8742461
2162,700,3.7987368
2162,2100,3.7340746
2162,2145,3.6781673
2162,695,3.6606894
2162,2399,2.773654
1251,2762,4.5092697
1251,3160,4.088107
231,904,4.9795747
231,1212,4.859309
231,608,4.723238
231,2797,4.615144
231,914,4.5947194
231,2664,4.397038
231,3527,4.2825446
231,2078,4.250919
231,3072,4.1980963
231,2717,3.4462655
231,1977,1.8918953
231,1981,1.3324323
1410,1214,4.5826154
1410,2513,4.071596
1410,1690,4.0095515
1410,3926,3.9572854
1410,3930,3.846135
1410,2188,3.8351784
1410,3937,3.8291168
1410,2522,3.7703485
4953,2571,4.500553
4953,1219,4.360649
4953,3147,4.330349
4953,1264,4.1791043
4953,1101,4.0855
4953,1625,4.046089
4953,555,3.9732778
4953,2529,3.868526
4953,1061,3.8390872
4953,3100,3.8362036
4953,1407,3.81077
4953,25,3.810317
4953,2841,3.7905688
4953,253,3.580227
4953,2023,3.5633025
4953,3428,3.4594183
4953,1686,3.4164395
4953,1627,3.2603986
4953,554,2.91015
4953,1590,2.8150735
4953,2338,2.2213244
4953,169,1.7060704
4264,110,4.3197722
4264,350,3.7508187
5869,50,4.334336
5869,296,4.009946
5869,1,3.9779932
5869,832,3.6223707
5869,2126,2.9454157
4862,1233,4.0157804
4862,2028,3.949002
4862,2396,3.7447133
4862,2194,3.6503434
4862,589,3.4992855
4862,1275,3.366901
2006,3606,3.8448865
2006,588,3.8372707
2006,3675,3.798657
2006,938,3.557282
5044,1197,4.6654243
5044,1304,4.6087084
5044,1952,4.5178556
5044,1211,4.5111265
5044,3147,4.507113
5044,1097,4.4481306
5044,1305,4.326724
5044,1270,4.310102
5044,1641,4.3059893
5044,1834,4.284614
5044,1954,4.2356806
5044,3066,4.2209396
5044,2716,4.1564665
5044,2915,4.124484
5044,1951,4.1120915
5044,2065,3.9287498
5044,3070,3.8986597
5044,3566,3.8854628
5044,3684,3.8537292
4475,318,4.89237
4475,1617,4.5777464
4475,1704,4.446825
4475,1270,4.3309746
4475,1580,4.128554
4475,2012,4.099081
671,608,4.5488114
671,1197,4.5209136
671,3470,4.502096
671,3481,4.264575
671,1912,4.0408053
671,3703,3.953914
671,3896,3.619381
671,3858,3.6173487
1779,1196,4.2623477
1779,29,4.0943413
1779,3168,3.965723
1779,2700,3.9128304
1779,1517,3.8879611
1779,2596,3.7611957
1779,610,3.5931191
1779,2617,3.3918993
1779,1377,3.1549573
1779,3623,3.083181
1779,2054,2.937138
1779,1410,2.4853911
3299,1193,4.5780087
3299,1256,4.3523088
3299,1258,4.318555
3299,1247,4.2684503
3299,3671,4.2593107
3299,1077,4.1617613
3299,3083,4.14991
3299,1035,4.147519
3299,1968,4.1252165
3299,1673,4.1220245
3299,247,4.049984
3299,319,4.0314946
3299,2908,4.0282855
3299,2117,4.0131416
3299,509,4.008705
3299,314,3.9998903
3299,3682,3.9881768
3299,501,3.9362125
3299,1542,3.926021
3299,222,3.9247887
3299,2291,3.8088973
3299,3179,3.7638936
3299,2801,3.6960104
3299,1375,3.6954737
3299,1366,3.6914935
3299,2105,3.6411629
3299,2007,3.6364703
1327,1200,4.1157546
1327,3448,3.7460866
1327,551,3.6014318
1327,2120,2.7162411
2518,2470,3.7334428
2518,3755,3.6903157
2518,1835,3.6222706
2518,2146,3.524868
748,858,4.889682
748,296,4.676647
748,950,4.56503
748,1089,4.497954
748,1210,4.204965
748,551,3.9534647
748,524,3.9011292
748,2985,3.6748235
748,1580,3.6171858
5912,260,4.216541
5912,2762,4.0609465
5912,1358,3.8396907
5912,1210,3.7005258
5912,1265,3.6663308
5912,1834,3.6499696
5912,2993,3.4466054
5912,1885,3.3721614
5912,2144,3.1094408
2329,1254,3.7913325
2329,943,3.2437568
2329,1282,3.2424278
1092,914,4.7039566
1092,919,4.663843
1092,3624,4.120383
1092,1088,4.0840125
1092,3555,4.019201
3006,2028,4.709187
3006,1,4.5191345
3006,1097,4.4254475
3006,3948,4.281494
3006,2433,3.7920618
3006,3273,3.78928
3006,1882,3.3226473
1521,318,4.2458816
1521,858,4.116215
1521,307,3.746405
1521,492,3.4735987
1521,3893,3.1568017
1521,1892,2.689603
1521,1721,2.5809534
5629,1193,4.764348
5629,296,4.7530775
5629,750,4.742034
5629,1617,4.672401
5629,2571,4.666626
5629,1197,4.636612
5629,541,4.5866528
5629,3543,4.258188
5629,2462,1.9578758
2344,1240,3.8946595
2344,589,3.8313746
2344,2401,3.6882422
2344,34,3.5880125
2344,1374,3.5645578
2344,2046,3.5450737
2344,2791,3.5238733
2344,3513,3.4709334
2344,2011,3.418147
2344,2683,3.394843
2344,2311,3.3497415
2344,69,3.348069
2344,1527,3.3428903
2344,1073,3.2557087
2344,1911,3.188645
2344,934,3.1511817
2344,3354,3.0624745
3374,1267,4.4066877
3374,1233,4.3435245
3374,919,4.3196025
3374,2788,4.183203
3374,1259,4.1189036
3374,36,4.074491
3374,920,4.05763
3374,3296,3.8419094
3374,736,3.3214946
3374,2710,3.0625834
3374,3156,3.0077431
5718,1223,4.741459
5718,608,4.606042
5718,1041,4.4666743
5718,1719,4.432625
5718,1625,4.3430767
5718,2761,4.3375254
5718,1673,4.306632
5718,588,4.2121477
5718,3499,4.20578
5718,1680,4.19809
5718,892,4.1848583
5718,356,4.1830063
5718,194,4.166312
5718,1729,4.11868
5718,3125,4.03001
5718,2282,4.00214
5718,224,3.7108054
3938,2762,4.876786
3938,2997,4.512335
3938,3671,4.494706
3938,1210,4.4893155
3938,3859,4.339628
3938,2401,4.218486
3938,43,3.920197
3938,3219,3.9091222
3938,2702,3.751784
3938,2492,3.7488537
3938,303,3.6708245
2043,3578,3.4496691
2043,2826,2.9786072
2043,2707,2.971003
2043,3513,2.794804
2043,3173,2.343193
2043,1488,2.1583242
2043,2719,1.3840554
4613,2571,4.7837048
4613,1036,4.4999075
4613,589,4.4828634
4613,2916,4.1738734
4613,2707,4.011144
4613,1518,3.972715
4613,225,3.9321485
4613,463,3.7510846
4613,217,3.6553888
4613,132,3.5990222
4613,640,3.5615115
4613,1644,3.5181656
4368,1089,4.0893073
4368,1240,4.013343
4368,589,3.9899158
4368,2791,3.9328766
4368,1210,3.9173145
4368,3175,3.8394384
4368,1580,3.7810884
4368,1407,3.7392843
4368,3703,3.7125018
4368,1916,3.6238973
4368,21,3.6093233
4368,2985,3.4526708
4368,1129,3.4386163
4368,2912,3.4031622
3142,1198,4.599089
3142,1199,4.2757483
3142,2997,4.274289
3142,1214,4.232625
3142,1249,4.1585064
3142,1261,3.973112
3142,2022,3.7459455
3142,3018,3.405247
455,969,4.340889
455,2858,4.297456
455,3072,3.8861482
455,105,3.16788
1637,2454,4.154603
1637,2478,3.940163
1637,1970,3.5913832
5939,1207,4.393635
5939,1198,4.3920374
5939,912,4.3900194
5939,1944,4.137971
5939,1307,4.1259766
5939,1249,3.9676938
5939,1923,3.9615548
5939,3481,3.9313896
5939,3408,3.8377862
5939,3271,3.7877488
5939,918,3.7854207
5939,3424,3.672277
5939,490,3.3537931
5939,2260,2.6363993
322,1226,4.597491
322,914,4.56546
322,1727,3.434158
4754,1222,4.312716
4754,2791,4.234209
4754,2716,4.0953026
4754,3039,4.075124
4754,3098,4.0725164
4754,3397,4.061718
4754,2243,4.057433
4754,2312,4.0547504
4754,2518,3.849884
4754,1347,3.8152502
4754,3684,3.7710109
4754,2111,3.5932603
4754,2792,3.5060441
4754,3608,3.4744737
4754,1974,3.3690977
4754,2755,3.3288183
4754,3388,3.1575675
4754,3393,2.3362234
3435,527,4.503488
3435,1207,4.415365
3435,1197,4.2557173
3435,2396,4.0877724
3435,1201,4.050461
3435,329,3.3392968
3435,2539,3.2667594
3435,3107,3.2619238
3435,2100,3.241158
3435,2846,3.1733794
3435,2011,3.1707523
3435,2478,3.158496
2213,3911,4.167959
2213,1580,3.732494
2213,3917,3.3606281
2213,2792,2.9224763
2213,3937,2.6274908
5729,1215,4.583325
5729,2550,4.2796073
5729,196,4.1718717
5729,330,4.033003
5729,2995,3.8682716
5729,1972,3.8306913
1024,898,4.2687626
1024,914,4.061142
1024,1947,4.02098
1024,17,3.984652
1024,902,3.9103537
1024,2243,3.7551835
1024,866,3.742529
1024,3685,3.547871
112,1260,4.571614
112,913,4.542491
112,1617,4.5363746
112,942,4.5007367
112,3683,4.489616
112,2087,4.006178
112,3706,3.7682047
3194,110,4.3879313
3194,2763,3.9103017
3194,3016,3.3678184
205,527,4.581659
205,1221,4.4865947
205,3730,4.319838
205,1617,4.305691
205,3897,4.227151
205,3000,4.2052045
205,965,4.1931953
205,1214,4.186515
205,3911,4.1237097
205,3751,4.005743
205,3093,3.9973116
205,1270,3.9811175
205,3300,3.4891808
3383,1296,3.8435035
3383,2959,3.8152654
3383,1077,3.7741508
3383,3873,3.6441455
3383,2001,3.2696812
2217,1968,4.0777397
2217,2023,3.6976242
2217,3633,3.621755
2217,1970,2.514798
2217,1986,1.8867514
5326,1136,2.6118479
5326,1193,2.5305922
5326,3168,2.4950972
5326,2871,2.488833
5326,1873,2.4862382
5326,2174,2.4813566
5326,527,2.423398
5326,2459,2.4113197
5326,3044,2.3919935
5326,3317,2.3715003
5326,1079,2.3478746
5326,3095,2.262681
4649,1204,5.1798005
4649,1936,4.5519037
4649,3670,4.0623865
4649,3827,3.8053696
769,318,4.2622585
769,1250,4.0820584
769,1299,4.0483074
769,2944,3.7522678
769,1073,3.4595022
769,3873,3.4398158
774,2329,3.9956944
774,1197,3.9613817
774,1196,3.9548655
774,3897,3.905861
774,3911,3.8157747
774,457,3.7718744
774,589,3.6614766
774,2997,3.6390042
774,1907,3.5522044
774,1206,3.5391574
774,3510,3.4979992
774,474,3.3832445
774,364,3.2715926
774,1356,3.2607393
774,3386,3.2271016
774,1748,3.1992493
774,2916,3.0592957
774,3155,2.773841
774,3593,1.131939
2497,969,5.046191
2497,1304,5.0057106
2497,2797,4.8287597
2497,1230,4.7695007
2497,1220,4.74549
2497,11,4.6864066
2497,3543,4.6266637
2497,222,4.4945407
2497,2870,4.3249764
2497,2407,4.2998934
2497,2015,4.2645016
1924,2858,3.794001
1924,915,3.5022275
1924,2171,3.3560457
1924,1183,3.3365893
1924,1835,3.0987387
1924,3528,2.7896862
4212,599,4.130376
4212,3037,4.1242237
4212,2202,4.070568
4212,1387,4.034609
4212,507,3.5962825
4212,3020,3.5607953
4212,647,3.5526247
4212,3274,3.5490959
4212,3441,3.4693842
4212,2023,3.423267
5049,1250,4.439774
5049,1197,4.3195724
5049,3462,4.3073244
5049,903,4.261152
5049,919,4.2587667
5049,3307,4.253661
5049,1206,4.167798
5049,3359,4.1382675
5049,497,4.0697756
5049,1185,4.0509214
5049,2336,4.043621
5049,3424,3.9459844
5049,1641,3.9162736
5049,3733,3.9037156
5049,3396,3.8911653
5049,2716,3.8676343
5049,1500,3.818587
5049,3536,3.8090844
5049,3751,3.7705226
5049,2022,3.6501245
1028,1193,4.566913
1028,1213,4.5064216
1028,608,4.4639044
1028,3038,4.3054605
1028,1952,4.2558565
1028,3044,3.9615495
1028,3872,3.9237928
1028,1428,3.4924018
1028,1812,3.3525448
1028,3370,3.1710453
1028,1575,3.068351
3622,1148,4.5650716
3622,260,4.5367002
3622,1223,4.422764
3622,1283,4.390485
3622,1394,4.2059755
3622,920,4.1297235
3622,2020,4.094719
3622,1097,4.0922537
3622,17,4.0284805
3622,2890,4.0052567
3622,2987,3.7687726
3622,2294,3.4772148
3622,339,3.3845897
3622,3704,3.089992
3622,107,3.0771327
3622,1409,2.7323148
3460,1212,4.695302
3460,1172,4.4360642
3460,3462,4.4298515
3460,1617,4.398966
3460,2692,4.3242908
3460,2501,4.314683
3460,246,4.291745
3460,1270,4.1489916
3460,1721,3.6581526
797,933,4.499149
797,2919,4.2411356
797,587,4.1350746
797,1959,4.1108174
797,3255,4.1088347
797,1094,4.037207
797,2065,3.8730307
797,2154,3.5778825
3828,750,4.50157
3828,3702,3.7232966
2302,1299,4.097868
2302,3421,3.9111967
2302,3363,3.8872342
2302,3527,3.7906814
2302,780,3.636005
2302,3552,3.5892458
2302,2529,3.5598419
2302,329,3.4735398
2302,1047,3.3965418
2302,1552,3.3722894
2302,517,3.215057
2302,748,3.1056561
2170,1291,4.5938344
2170,1270,4.4129148
2170,2745,4.360092
2170,1962,4.2777114
2170,3101,4.1754236
2170,3527,4.1591463
2170,1958,4.1329036
2170,1081,4.0985394
2170,2474,4.0006766
2170,3211,3.925366
2170,3725,3.83226
2170,3684,3.8079698
17,913,4.792221
17,1213,4.715368
17,1358,4.564163
17,3114,4.5306406
17,1185,4.4386377
17,1301,4.388175
17,1077,4.365203
17,2660,4.2796116
17,3751,4.153044
17,3256,4.13112
17,1729,4.1251426
17,3418,4.1037583
17,30,4.095578
17,1396,4.0899434
17,2116,3.9911563
17,2985,3.9876049
17,1909,3.9801135
17,2455,3.9667604
17,3927,3.8950856
17,1129,3.8656018
17,496,3.726533
17,3156,3.447641
17,3863,3.3744464
17,24,3.1076784
4095,1552,3.7305048
4095,3176,3.6559396
4095,1479,3.6411352
2698,905,4.302044
2698,1196,4.241891
2698,3819,4.0706034
2698,3481,3.9574604
52,555,3.9110596
52,648,3.75579
52,3107,3.673446
52,2617,3.4787264
52,1573,3.3687003
52,3617,3.3514347
52,376,3.3177655
52,1552,3.305666
52,511,3.2560847
52,3861,3.0987515
52,1100,3.0226948
325,1,4.8814416
325,920,4.6788836
325,3751,4.566723
325,2082,3.9267309
325,460,3.3631067
3116,2571,4.376668
3116,480,4.0012293
3116,1028,3.9264996
3116,2908,3.9051514
926,260,4.7463703
926,1028,4.405019
926,596,4.328938
926,1127,4.2968383
926,1219,4.2844114
926,2394,4.1903753
926,661,3.9375758
926,2724,3.8638291
926,146,3.8302803
926,1911,3.7502937
3122,3083,3.6121294
3122,3160,3.0761945
3122,165,2.5139613
806,2858,4.414241
806,1288,4.2747164
806,1259,4.200423
806,1931,4.1877832
806,2366,3.9302404
806,3932,3.8670793
2103,913,4.371503
2103,1196,4.348466
2103,1214,4.1878185
2103,2791,4.097391
2103,29,4.064984
2103,3481,4.039198
2103,2502,3.8228016
2103,3864,3.556968
2103,3865,3.5125377
2103,1911,3.3766332
2103,2719,2.7502575
5027,3072,3.7643123
5027,785,3.251893
5027,2723,3.1344106
5027,1091,2.8245873
5027,2598,2.6392384
3169,2571,4.5518
3169,1253,4.4173737
3169,1580,4.0439224
3169,2916,3.9872527
3169,3698,3.3948817
3169,379,3.1029348
3169,2699,3.0901675
3169,76,2.978278
3169,880,2.2071784
1898,3114,4.462095
1898,3786,3.559217
3797,1287,3.9427443
3797,337,3.6538196
3797,314,3.6221945
3797,1127,3.469161
5935,69,3.333245
5935,1485,3.3289385
5935,2567,3.1301074
246,3466,3.821456
246,2144,3.7758815
2278,1230,4.4419684
2278,589,4.1349096
2278,2669,3.9118986
2278,2987,3.6260254
2278,3174,3.6007576
2278,2976,3.2701778
2278,2826,2.7424812
2278,3042,1.1731498
1754,1968,3.3334308
1754,3947,2.9582338
1754,1721,2.9154558
1754,2625,2.1675618
1510,1269,4.4162016
1510,2023,3.509632
1510,1976,1.481149
1512,589,3.8531072
1512,3624,3.4553914
1512,3865,3.0393343
1512,3450,2.7605047
4688,969,4.2741795
4688,3114,4.2265377
4688,1080,4.1816573
4688,1387,4.1387634
4688,3061,4.1184754
4688,194,4.0629253
4688,1965,3.9060397
4688,1345,3.7796526
4688,785,3.6162462
4688,2469,3.1300116
4688,2255,2.2092345
2642,1213,4.3583755
2642,150,4.208272
2642,3006,4.1132693
2642,32,4.019218
2642,1748,3.9669676
2642,2353,3.8520164
2642,2890,3.8432071
2642,3354,3.2296965
379,597,4.3061533
379,1101,4.193303
379,357,4.183387
379,3524,3.8665266
5975,527,4.401554
5975,1208,4.3221035
5975,2571,4.2366424
5975,457,3.992596
5975,589,3.8857799
5975,588,3.7729821
5975,2081,3.7116923
5975,474,3.678164
5975,2355,3.6770406
5975,2115,3.1485474
371,1213,3.9919486
371,1080,3.6568055
371,3421,3.6470153
371,1244,3.6414325
371,1077,3.4417892
371,357,3.3136687
371,1794,3.048387
5098,1267,3.850003
5098,1136,3.8499112
5098,2186,3.6605399
5098,1252,3.598225
5098,1084,3.501617
5098,3548,3.3779733
5098,3471,3.3513296
5098,1012,3.304521
5098,3093,3.2558353
5098,1019,3.0431888
5098,2287,2.9979808
5098,2820,2.9977064
5098,3733,2.989571
5098,3704,2.8299215
5098,3144,2.6557393
5098,3600,2.4069326
5973,1253,4.8273077
5973,1270,4.552935
5973,2529,4.4012213
3028,2571,4.5729523
3028,2324,4.4540105
3028,1,4.344905
3028,1265,4.2330084
3028,21,3.810311
3028,3033,3.7354832
3028,2613,3.5317218
3028,1876,3.4171934
5540,1136,4.108248
5540,1276,4.0550747
5540,541,4.0060024
5540,3365,3.9745708
5540,1253,3.9682164
5540,1201,3.9507396
5540,3074,3.5992427
5540,1345,3.275772
4875,2571,4.5211215
4875,2997,4.227256
4875,589,4.1239076
4875,2908,4.098425
4875,1759,3.9971254
4875,1639,3.9258804
4875,25,3.7261238
4875,3185,3.5471077
4875,3566,3.525466
4875,2013,3.4874735
373,260,4.2218847
373,1127,3.4279633
576,1198,4.2594404
576,1210,3.9346604
576,1356,3.5765624
576,2628,3.5076146
576,112,3.2148914
2531,2935,4.106124
2531,3471,3.9780784
126,1221,4.785397
126,2020,4.38462
126,3548,4.292599
126,171,4.082405
126,1415,3.9527879
126,461,3.8091712
126,3712,3.7933304
2604,593,4.3730583
2604,1307,4.1303678
2604,2959,4.0913186
2604,3421,4.076453
2604,1077,4.011053
2604,529,4.0071135
2604,3654,3.935478
2604,2795,3.8592794
2604,2502,3.837399
2604,2395,3.7741694
2604,3174,3.4955096
2604,2995,2.1491518
5476,3635,3.7388072
726,2396,4.463271
726,1,4.4158635
726,356,4.3924227
726,17,4.2817106
726,11,4.2445445
726,2671,4.209464
726,141,3.9325385
726,2485,3.5894506
726,2385,3.3005886
4080,1233,4.3724346
4080,457,4.3477354
4080,1291,4.276896
4080,1086,4.193068
4080,2921,4.0699964
4080,3654,4.0192175
4080,3256,3.9896915
3289,1262,4.659825
3289,3793,4.0031605
3289,2890,4.003132
3289,205,3.8516772
3289,3844,3.7805238
3289,3792,3.7635965
3289,1619,3.7432046
4404,318,4.9611177
4404,1784,4.3197374
4404,440,4.18497
4404,3793,3.8567472
4404,3189,3.7629647
4404,454,3.6846335
4404,2128,3.5478475
4404,104,3.5050023
4404,663,3.489049
4404,368,3.379181
4404,372,3.294725
4404,3107,3.281775
4404,1485,3.2062826
4404,145,2.9629672
4404,2822,2.962648
4404,2672,2.961897
4404,1792,2.6708312
4404,292,2.6701698
4404,433,2.634719
4404,736,2.537235
4404,504,2.3920457
4404,511,2.3646708
4404,2107,2.358652
4404,19,2.238734
4404,9,2.1580331
4404,132,2.1314533
4404,2713,1.9594891
4404,2558,1.7982539
4147,3849,4.6255827
4147,2872,4.3383923
4147,349,4.2891593
4147,165,4.1910887
4147,2393,4.136343
4443,910,3.705062
4443,1256,3.1995068
4443,1344,3.1453362
4443,1069,2.9994676
4443,1948,2.921913
4443,3632,2.7968578
4443,3176,2.6997817
4443,1896,2.3972223
4443,516,2.1160212
4443,1783,1.9067945
4111,1242,4.0382376
4111,1960,3.868884
4111,1298,3.3800764
4111,1094,3.369424
4111,991,3.3085177
4427,1029,3.6652489
2673,1193,4.5462055
2673,2959,4.1795597
2673,3175,3.8840678
2673,151,3.725266
2673,1866,3.471192
4577,1193,3.997816
4577,593,3.9740188
4577,904,3.9573588
4577,1240,3.768471
4577,1214,3.7254026
4577,3363,3.662242
4577,2067,3.6581311
4577,1299,3.6459994
4577,3362,3.6421347
4577,1955,3.5846477
4577,950,3.5289075
4577,1350,3.4918635
4577,2921,3.2827604
4577,3406,3.278153
4577,3430,3.1661382
4577,1008,3.0518386
4577,1128,2.8089073
4577,3600,2.701612
4203,260,4.728909
4203,1097,4.353028
4203,1784,4.256476
4203,1073,4.227537
4203,2318,4.1682334
4203,2908,4.1677413
4203,21,3.9393196
4203,253,3.756381
4203,998,2.8692157
4528,3481,3.9025502
4528,3783,3.740705
4528,2763,3.4964046
4528,3176,3.4024234
4528,3174,3.3677635
4528,2770,3.260636
4121,1206,4.4572515
4121,1387,4.434294
4121,2648,4.3231325
4121,2664,4.2605734
4121,2662,4.2140064
4121,2009,3.9474401
4121,2407,3.9144144
4121,3550,3.9003906
4121,2363,3.7438135
4121,3686,3.6175084
4121,196,2.977164
2034,1292,4.3586082
2034,2289,4.2643423
2034,357,4.093742
2034,2926,3.6181474
5533,858,4.593383
5533,2797,3.986825
5533,1913,3.7963047
653,2686,4.2573137
653,902,4.230571
653,2585,4.1235895
309,457,4.3836007
309,2918,4.252499
309,1287,4.225122
309,34,4.093596
309,2194,4.0700536
309,1127,3.961792
309,1957,3.9396932
309,805,3.8068743
309,2407,3.7855642
309,1690,3.5925326
309,2699,3.357273
4724,2858,4.5954356
4724,2692,4.480668
4724,1041,4.395915
875,1997,4.3033442
875,1923,4.2290297
875,2700,4.057768
875,223,4.041087
875,3328,3.9884343
875,3798,3.8397138
875,3452,3.82413
875,2771,3.7792075
875,3355,3.6667504
3060,1625,3.8577578
3060,628,3.814927
3060,733,3.533465
3060,2853,2.6596482
5930,3435,4.873712
5930,933,4.695393
5930,942,4.6454396
5930,2300,4.5875545
5930,2396,4.56848
5930,2797,4.5307016
5930,3421,4.503745
5930,2917,4.471258
5930,2302,4.4058084
5930,11,4.292589
5930,588,4.2487116
5930,2353,4.1772366
5930,1480,3.9537764
5157,750,4.4785843
5157,908,4.440915
5157,1136,4.3786907
5157,58,4.1139784
5157,2085,3.740063
5157,1396,3.7047544
5157,1395,3.5108433
4336,2694,4.1597424
4336,3450,4.121231
4336,450,4.073088
4336,3263,4.015403
4336,725,3.9483714
4336,426,3.9414935
4336,1064,3.8734674
4336,344,3.8711133
4336,1911,3.8046618
4336,765,3.7691264
4336,438,3.748727
4336,64,3.7460213
4336,312,3.6557655
4336,1863,3.6523132
3073,1197,4.952258
3073,110,4.808126
3073,1214,4.768914
3073,3341,4.742999
3073,1210,4.6156273
3073,1912,4.4994774
3073,2288,4.3287563
3073,673,2.213305
1514,2599,4.161594
1514,3952,3.6591094
1514,785,3.5708554
1514,3510,3.4704633
1514,1391,2.6270714
1514,3177,1.7915463
1358,750,4.242601
1358,1200,4.062866
1358,1206,3.96257
1358,1291,3.9405994
1358,3763,3.6771376
1358,165,3.6661303
1358,1047,3.5890326
1358,329,3.4710605
1358,2393,3.4489748
1358,339,3.4018764
1358,1371,3.090293
1358,2505,3.065618
1358,70,3.046379
1358,2533,3.0418508
1358,1391,3.0364895
1358,2881,3.0203912
1358,1608,2.960943
1358,1591,2.9332333
1358,786,2.84195
1358,208,2.4646096
1358,836,2.327717
1358,2038,2.1811202
1358,1831,2.180124
1358,1499,1.8235499
4235,1193,4.496899
4235,293,4.211562
4235,1704,4.1029005
4235,628,3.96407
4235,2359,3.9374664
4235,1639,3.8063436
4235,2439,3.7541454
4235,1397,3.7214227
4235,3118,3.67042
4235,1339,3.5943105
4235,2124,3.4607306
950,1210,3.755198
950,1921,3.5875056
950,1580,3.4261522
950,1882,1.8849279
4671,1580,4.0554886
4671,1722,3.9395165
4671,3703,3.8928878
4671,1265,3.8466208
4671,2496,3.8421087
4671,2012,3.8296309
4671,2100,3.8213906
4671,2641,3.7925086
4671,468,3.7616396
4671,2628,3.7614794
4671,2581,3.6330867
4671,3697,3.554768
4671,1320,3.5321221
4671,442,3.1594834
2650,593,4.2521796
2650,2501,4.1129208
2650,356,4.0795717
2650,1387,3.9853814
2650,3101,3.680705
2650,3157,2.8753989
2650,2701,1.6144278
288,260,4.980124
288,1036,4.83433
288,1240,4.64071
288,1374,4.4473042
288,3793,4.4049263
288,1127,4.2943525
288,2993,4.2915616
288,1573,4.217238
288,2273,4.178036
288,494,4.114379
288,1918,3.8319664
1479,2858,4.572423
1479,2919,4.154853
1479,1183,3.9029908
2440,3263,3.2512856
2440,2710,2.9229655
3617,318,4.2375717
3617,1258,3.7647312
3617,3169,3.0033157
3617,2533,2.3459249
4444,260,4.4263377
4444,2692,4.138654
4444,1210,3.9959671
4444,3281,3.7991643
4444,2763,3.7038019
4444,2683,3.4356804
4444,45,3.290088
4444,3016,3.0563567
4969,1923,3.0685692
4969,3525,2.2964003
2285,914,3.9812179
2285,1258,3.7982569
2285,1219,3.7011566
2285,3948,3.610796
2285,1186,3.3455977
2285,1873,3.3264194
2285,3565,2.9290192
2285,3484,2.6920571
3198,1617,4.617919
3198,1387,4.453662
3198,3363,4.3635607
3198,1244,4.315271
3198,3499,4.2961073
3198,3476,3.981094
3198,2513,3.9221528
5176,2959,4.0545187
5176,2948,3.9008245
5176,1517,3.635951
5176,2195,3.3868482
5176,3354,3.2251766
3879,1197,4.1450505
3879,3501,3.4258542
3879,1732,3.2975988
3879,253,3.283514
3879,2587,3.086491
3879,788,3.0034285
643,913,3.8350027
643,3160,3.1862042
643,1777,3.0007203
5277,1148,4.2187014
5277,2762,4.0973234
5277,1221,4.0525665
5277,1263,3.9012043
5277,3911,3.8048916
5277,1097,3.624538
5277,3499,3.6123543
5277,1028,3.5885682
5277,3527,3.4071474
5277,1183,3.3748796
5277,2502,3.3501437
5277,3253,3.3298154
5277,3753,3.2314546
5277,30,3.2218976
5277,2344,3.2203016
5277,1298,3.1966574
5277,2291,3.0678074
5277,367,3.0543847
5277,733,3.0087736
5277,2174,2.9718652
5277,2681,2.9654307
5277,2712,2.386232
5277,1377,2.2603471
3523,593,4.0767126
3523,919,4.0507445
3523,541,4.0367794
3523,3508,3.8634872
3523,589,3.7443419
3523,2672,2.5438626
5293,318,4.4448195
5293,745,4.349705
5293,1225,4.109161
5293,246,4.0419874
5293,1249,3.8873363
5293,3105,3.7504768
5293,1957,3.6975374
5293,380,3.570296
5293,2321,3.4715226
472,1198,4.5168447
472,1921,3.876767
472,3793,3.4511945
472,610,3.0844603
792,541,4.0635457
792,1196,4.0523667
792,2858,3.9431229
792,1240,3.8715792
792,3751,3.6353474
792,3702,3.51327
792,3081,3.4287686
792,3700,3.3385754
792,2672,3.2689037
792,3113,2.8430617
792,2657,2.8374276
332,1148,4.870837
332,1193,4.7642694
332,2571,4.720049
332,2966,4.4195557
332,2391,4.2353654
332,357,4.1754966
4931,1927,4.68165
4931,116,4.505317
4931,1321,4.493734
4931,3384,4.4107566
4931,3175,4.1884537
4931,24,4.1613874
4931,3701,3.8927186
4931,2433,3.8670793
4931,1327,3.6833558
2281,527,4.5875235
2281,1198,4.562999
2281,1252,4.535964
2281,913,4.4919934
2281,1104,4.4020233
2281,1228,4.3350515
2281,919,4.3257895
2281,1719,4.1650653
2281,3623,2.5644748
1906,2291,3.6382396
1906,442,2.5712907
144,2268,3.8803868
144,2311,3.549547
144,2012,3.0052423
144,2053,1.6252842
2499,3384,4.070922
2499,2707,3.7552853
2499,3219,3.5809379
1102,923,2.8415356
1025,2706,4.108129
1025,2694,3.3088262
1025,3273,2.4502025
5527,296,3.7035398
5527,1266,3.6118183
5527,3263,2.8391576
5073,1617,4.733184
5073,1179,4.209594
3442,293,4.0251226
3442,741,3.8846002
3442,3499,3.851377
3442,596,3.7971923
3442,1527,3.7473588
3442,1356,3.6798396
3442,3503,3.557424
3442,188,2.9285612
3442,3623,2.85851
3442,1676,2.8321166
3442,1388,2.229866
3442,172,2.0963726
3442,1882,1.8216202
918,527,3.7965748
918,551,3.366628
918,3114,3.3253608
918,515,3.295384
918,2355,3.2922437
918,3256,3.2580452
918,2393,3.1360426
918,1633,3.0829587
918,1678,3.027155
918,648,2.9871352
918,350,2.9755378
918,377,2.9633512
918,34,2.9065485
918,2875,2.8445675
918,277,2.8375487
918,2094,2.7892764
918,2269,2.6104789
918,2699,2.5749896
918,3564,2.1212695
918,3257,2.105214
1080,2640,4.0185766
1080,2651,3.564959
1080,2641,3.493995
1080,1382,2.6699839
1080,3826,2.2967436
2374,260,4.7139635
2374,593,4.470458
2374,356,4.3607087
2374,1968,4.2589564
2374,1610,4.2303467
2374,3753,4.223259
2374,2716,4.1280413
2374,2000,4.1065865
2374,3461,4.042987
2374,2470,3.9408312
2374,377,3.880528
2374,3107,3.858082
2374,3623,3.80795
2374,1479,3.7993507
2374,2476,3.7405086
2374,376,3.7203867
2374,3,3.7050774
2374,1488,3.5092485
4841,3000,4.0332527
4841,3147,3.9635797
4841,16,3.7089543
4841,3751,3.703877
4841,1215,3.655589
4841,3052,3.1948218
4841,3489,2.111508
3035,1197,4.3065457
3035,1291,4.117714
3035,1036,4.094088
3035,2355,3.766949
3035,2000,3.7550817
4553,1196,3.896573
4553,161,3.4342546
4553,3357,3.349491
4553,3092,3.3419642
4553,1376,3.2150016
4553,583,3.1698933
2561,2858,4.108695
2561,1247,4.0484104
2561,1945,3.9908805
2561,1950,3.9440536
2561,1914,3.635685
2561,2355,3.5678656
2561,1747,3.3559508
2561,2718,2.6497931
1783,3863,3.1040232
1783,333,2.8770318
1783,2628,2.8065796
4630,1196,4.2765512
4630,3246,3.8680985
4630,2108,3.5126867
4630,1883,3.0881603
3357,678,4.544283
3357,3100,4.1042023
3357,2111,3.8890257
3357,2375,3.6652331
3357,1320,3.462131
5132,1207,4.754013
5132,1136,4.6926365
5132,111,4.6000443
5132,955,4.4242697
5132,3551,4.337367
5132,3260,4.0897775
5132,2491,1.7935978
213,1265,4.3191767
213,2622,3.7452493
1388,2571,4.540926
1388,3005,3.7359574
1388,1480,3.7187302
1388,3176,3.4930453
4766,2858,4.257165
4766,3147,4.1998286
4766,3006,4.159296
4766,2912,3.6537502
4766,3155,3.5704238
4766,3174,3.5451417
4836,1176,4.219569
4836,290,4.1917076
4836,866,4.1307917
4836,1124,3.8812075
4836,2282,3.7302034
4836,3593,0.921386
2510,1214,4.8364415
2510,2797,4.711883
2510,3916,4.703723
2510,1270,4.6683345
2510,3247,4.379443
2510,736,4.1597633
2510,2950,3.1524165
4895,2890,4.1728997
4895,357,4.0893383
4895,342,4.020438
4895,3005,4.017762
4895,3081,3.9692934
4240,1259,4.0607333
4240,2716,3.9319978
4240,3763,3.7224803
4240,2470,3.6565123
4240,2942,3.3907695
2418,356,3.507162
2418,597,3.4990492
2418,368,3.2605562
2418,39,3.2520201
2418,7,3.1972284
2418,1020,3.0245225
3258,593,4.4633107
3258,2917,4.3719826
3258,2973,4.0671606
3436,2858,4.4118385
3436,1206,4.2105966
3436,589,4.1377835
3436,3871,4.0863223
3436,32,4.082535
3436,940,4.0812798
3436,161,3.9276376
3436,2693,3.9138908
3436,2968,3.8735168
3436,2759,3.60573
3436,785,3.5906916
3436,2581,3.553071
3436,24,3.4892716
3436,3717,3.4733748
3436,516,3.4069664
3436,2961,3.3722687
3436,688,3.0026174
3436,3689,2.6992235
2008,2028,4.282135
2008,1387,4.1087523
2008,3911,4.0682344
2008,3507,4.0618544
2008,3868,3.7864866
2008,1527,3.7663984
2008,3418,3.7641416
2008,3852,3.7426696
2008,3619,3.4221942
2008,129,3.4110384
4309,1923,4.135504
4309,1127,3.9867756
4309,1265,3.9545364
4309,441,3.9444885
4309,587,3.9248743
4309,3798,3.7465665
4309,2321,3.670042
4309,2976,3.6529818
4309,1573,3.6476266
4309,3285,3.43189
116,3911,4.291043
116,1222,4.251635
116,2706,4.2319975
116,1274,4.1137886
116,1019,3.7773423
116,2605,3.5412884
116,1623,2.9009187
116,2568,2.8920653
2037,3624,3.3896935
2037,1875,3.3868752
747,3949,3.7785518
747,3793,3.7267125
747,3173,3.2112517
747,3511,3.0182457
4032,1221,4.944537
4032,1220,4.609057
4032,1240,4.516779
4032,2406,4.421542
4032,2366,4.3839564
4032,3256,4.35561
4032,1215,4.347453
4032,592,4.326027
4032,3763,4.244774
4032,610,4.210096
4032,2002,4.13054
4032,2278,4.049026
4032,2641,4.0403366
4032,2540,4.009942
4032,5,4.009204
2382,2948,3.943808
2382,2160,3.8419948
2382,2699,2.7386413
2927,1204,4.3987446
2927,919,4.2303715
2927,3147,4.1630645
2927,2916,3.6352513
2927,802,3.4775825
4805,1210,4.038314
4805,3751,3.9906938
4805,1356,3.7777998
4805,2699,2.7539995
4252,2273,3.6798162
4252,1370,3.6634374
4252,733,3.575768
4252,616,3.492981
4252,3014,3.2473512
4252,3835,2.2979841
3803,1028,3.9735239
3803,1456,1.864902
5920,527,4.658448
5920,318,4.542878
5920,2571,4.411995
5920,1197,4.324139
5920,2858,4.224948
5920,1247,4.1864023
5920,1302,3.946991
5920,1784,3.946609
5920,1296,3.9447827
5920,597,3.883451
5920,3358,3.7558894
5920,2005,3.755462
5920,3253,3.681106
5920,3243,2.7705882
1612,3365,4.294133
1612,3392,1.0904347
3388,2804,4.051437
3388,1961,3.9148345
956,2571,4.4977655
956,1196,4.409724
956,1200,4.2509556
956,3911,4.144348
956,3006,4.1268435
956,1097,4.094343
956,1914,3.9743474
956,2081,3.9494653
956,34,3.8868384
956,1396,3.861123
956,1584,3.826148
956,1393,3.7978423
956,1081,3.7220283
956,3863,3.491878
956,3893,3.4235747
956,327,2.2223327
1290,2858,4.695265
1290,2580,4.291468
1290,3203,4.1575575
1290,1441,4.0151353
1290,3176,3.9101167
1290,2135,3.7231455
1290,2712,3.68858
1290,1513,3.5962553
1290,2369,3.1838548
1845,296,4.029203
1845,265,3.6235912
1845,3019,3.6081648
1845,1500,3.566349
1845,538,3.5451984
1845,1678,3.4545813
1845,3100,3.3826685
1845,348,3.3483472
1845,471,3.3475122
1845,3252,3.3131857
1845,161,3.300403
1845,509,3.296738
1845,1885,3.2958908
1845,846,3.2903666
1845,431,3.2740855
1845,175,3.2151995
1845,1476,3.1091998
1845,22,3.0189474
1845,1777,3.0158935
1845,587,2.841969
1845,85,2.6380625
1845,2249,2.5959325
1845,3262,2.4869068
1845,2356,2.3431811
1845,3258,1.9832673
1845,818,1.7895579
3173,2019,5.049492
3173,1270,4.392507
3173,1527,4.1984973
3173,3267,4.1305227
3173,3676,3.96015
3173,2143,3.7483006
3173,2530,3.257318
2471,3868,3.017622
2471,3186,2.725541
2471,70,2.5470178
2423,1252,4.6127567
2423,1265,4.052901
2423,2006,4.049183
2423,1088,3.7922015
1445,1097,3.6232452
1445,3360,3.5340648
1445,2761,3.4149206
1445,3702,2.9989834
5180,1198,4.6911798
5180,3435,4.620288
5180,1221,4.5499725
5180,2324,4.445685
5180,898,4.4073586
5180,1300,4.3386197
5180,1,4.3154345
5180,1294,4.283113
5180,1244,4.2806416
5180,3545,4.1387224
5180,594,4.0823803
105,1291,4.6075053
105,2944,4.4928856
105,1408,4.266382
105,2288,4.1856194
105,3639,4.0286264
105,163,3.8575363
265,527,4.7195125
265,912,4.6664066
265,1196,4.584161
265,1292,4.2936764
265,595,4.22679
265,900,4.107402
265,1032,4.002778
265,1088,3.7233887
265,1566,3.4443853
5339,1198,4.6739917
5339,2858,4.5166755
5339,110,4.4108105
5339,1206,4.3782325
5339,589,4.2360697
5339,2194,4.2110004
5339,1408,4.0360193
5339,2985,3.538331
5339,353,3.3668847
5339,2628,3.1350057
5902,50,4.282363
5902,2571,3.9794946
5902,2028,3.9726353
5902,1219,3.9460063
5902,945,3.8236349
5902,1230,3.8133383
5902,3606,3.5552716
5902,412,3.305957
1738,1594,3.9925501
1738,2310,3.910491
1738,2433,3.5567567
5122,2858,4.786597
5122,3270,4.106807
5122,2428,3.702584
5122,2907,3.2882318
2723,1307,3.8780806
2723,2352,3.6627107
2723,2144,3.5621324
2723,346,3.275169
2723,2469,2.9737833
2723,2369,2.6615229
2723,3688,1.8622158
2488,1961,4.2098284
2488,3105,3.9676394
1198,1198,4.4839554
1198,260,4.455042
1198,110,4.295268
1198,3006,4.149411
1198,1265,4.0929933
1198,529,3.986322
1198,1954,3.8826332
1198,2687,3.8531044
1198,1049,3.7438815
1198,1517,3.7020912
1198,3033,3.639336
1198,3489,3.474317
1198,3354,3.3611755
1198,3287,3.3601255
2570,2396,4.1002026
2570,539,3.9532344
2570,3105,3.8336015
2570,247,3.7190094
2570,1183,3.6344876
2570,2496,3.5064633
2570,852,3.2847228
2570,105,3.05871
1859,912,4.0449905
1859,593,3.813766
1859,1617,3.8042526
1859,1201,3.648573
1859,2761,3.3288095
1859,1694,2.881565
1859,468,2.233073
4424,1198,4.6784315
4424,260,4.65036
4424,1276,4.5127196
4424,555,4.0835304
4424,3153,3.8808768
3119,750,4.0994167
3119,1959,3.5598094
3119,1573,3.237453
3119,185,2.7552729
3119,2701,2.246746
4145,3578,4.7129893
4145,2716,4.50158
4145,1959,4.426448
5010,1233,4.584918
5010,1210,4.130067
5010,356,4.020554
5010,266,3.5455568
2142,356,3.98133
2142,1704,3.9696927
2142,3362,3.8878167
2142,1092,3.5281196
2142,1671,2.7808216
2142,2505,2.7198927
3250,527,4.132738
3250,1265,3.5995407
3250,1682,3.5850062
3250,1213,3.576638
3250,2671,3.448043
3250,1393,3.3830795
3250,2706,3.2622452
3250,588,3.0893338
3250,586,3.0624583
3250,2335,2.7863586
3250,367,2.7215433
3250,3821,2.6596656
3250,2387,2.619496
464,1224,4.212348
464,2692,4.0612216
464,1242,3.9660003
464,1249,3.8878617
464,1610,3.8053594
464,3408,3.7368999
464,2109,3.5045493
464,1032,3.4452388
464,3325,1.7173966
5853,1230,4.0681405
5853,899,4.065798
5853,924,3.9841619
5853,3334,3.9299781
5853,1206,3.917203
5853,2248,3.755428
5853,1179,3.716466
5853,3543,3.615721
5853,345,3.5118484
5853,1408,3.4951696
5853,2529,3.4549155
5853,968,3.3977792
5853,2117,3.3701935
5853,198,2.9638882
5853,2528,2.7769809
3802,1968,3.7222664
3802,3793,3.572536
3802,3752,2.9101977
4141,50,4.667058
4141,593,4.494929
4141,296,4.445121
4141,508,4.22937
4141,595,4.2101545
4141,32,4.207815
4141,364,4.1466346
4141,474,4.057992
4141,2529,4.0254183
4141,1683,4.0105104
4141,2916,3.9254732
4141,2058,3.917241
4141,1660,3.9144502
4141,1061,3.9133668
4141,230,3.8722484
4141,2875,3.7801483
4141,198,3.7768207
4141,3145,3.7624896
4141,1422,3.5805287
4141,1833,3.450831
4141,2699,3.4072807
4141,1391,3.2954702
4141,1779,3.066934
1724,260,4.7595663
1724,509,4.2466116
1724,24,4.225853
1724,2001,4.1017237
1724,230,4.098565
1724,648,4.042552
1724,297,3.9824913
1724,2427,3.8901098
1724,122,3.617085
106,1296,4.223892
106,1639,3.9252486
106,2065,3.6841733
1760,32,4.256605
1760,2080,4.1667805
1760,1777,3.8522143
1760,2469,3.3566785
361,1193,4.339282
361,3952,3.617856
361,3755,3.1648452
361,447,1.5648769
3301,50,4.418118
3301,919,4.3175373
3301,1233,4.2962227
3301,593,4.246994
3301,1537,4.143544
3301,2959,4.118972
3301,1704,4.063354
3301,971,4.045148
3301,1041,4.030491
3301,1206,4.026891
3301,1344,4.017103
3301,2997,3.9848266
3301,308,3.9846637
3301,3317,3.9628706
3301,535,3.937016
3301,2871,3.9177432
3301,3007,3.8929646
3301,3328,3.8827033
3301,2289,3.858718
3301,2488,3.8573132
3301,2610,3.8347614
3301,265,3.8335216
3301,2594,3.803123
3301,30,3.725204
3301,2076,3.711574
3301,3186,3.613935
3301,156,3.5726933
3301,2583,3.393729
3301,3176,3.3925688
3301,2704,3.262744
3301,105,3.1783433
3301,1407,3.156467
3301,1711,3.0256662
3301,1331,2.5312984
3301,3113,2.321781
5866,111,4.2073936
5866,3471,4.024747
5866,1885,3.7875707
5866,1812,3.2946026
4919,2762,4.3008275
4919,1136,4.279046
4919,553,3.8472772
4919,2700,3.7245522
3438,1265,3.9504333
3438,2395,3.9415593
3438,180,3.7576227
3438,3753,3.3347952
3438,3535,3.327826
3438,3809,3.2296607
3438,1377,2.9676254
3438,1473,2.8364608
3438,2722,2.751614
3438,429,2.1077354
3385,529,3.8366275
3385,1387,3.8133001
3385,2302,3.6105704
3385,3263,3.1890006
3385,736,2.2268395
5783,1210,4.3728113
5783,1265,4.240166
5783,852,3.923452
5783,2291,3.8973987
5783,1569,3.8863883
4337,1219,4.611111
4337,1240,4.5263333
4337,2248,4.508493
4337,1206,4.4831734
4337,1358,4.4761376
4337,36,4.40522
4337,1610,4.3959455
4337,800,4.3856983
4337,1968,4.3303013
4337,1199,4.314467
4337,2160,4.2981215
4337,104,4.25632
4337,1350,4.2211413
4337,2118,4.1761723
4337,2912,4.120345
4337,2395,4.0531554
4337,1347,4.039953
4337,879,3.8334968
4337,2613,3.7929137
4337,1690,3.753478
4337,2190,3.7519317
4337,2459,3.7024002
4337,1991,3.5453439
4337,2902,3.2329822
4337,2451,2.901217
682,1262,5.126601
682,1278,4.9714317
682,1090,4.7618117
682,2010,4.695347
682,176,4.653991
682,1340,4.633523
682,1220,4.621973
579,2762,4.5089626
579,322,3.820911
579,2001,3.6809697
579,2371,3.608338
579,2751,2.6118078
5941,904,4.318741
5941,903,4.165162
5941,457,3.8893728
5941,589,3.7620542
3575,2459,3.143761
3575,3835,3.0455756
3575,3839,3.032257
1161,720,4.7739143
1161,3030,4.663601
1161,480,4.197407
1161,2291,3.7906194
1161,70,3.5659077
1161,1894,2.711352
1161,1973,2.2016854
1161,1971,1.9397696
4429,1208,4.4872956
4429,1617,4.3557096
4429,2137,3.9795084
4429,3578,3.8389573
4429,3512,3.2507927
4429,3771,3.087189
4429,864,2.9886959
2751,1945,4.060676
2751,2612,3.836326
2751,1704,3.768035
2751,1247,3.670144
2751,1955,3.4117036
2751,2134,3.4072495
2751,2518,3.335351
2751,3809,3.3328996
2751,2506,3.284494
2751,2219,3.1322882
2751,2145,2.9934783
4977,2692,4.305238
4977,1097,4.1678567
4977,1748,3.9189012
4977,1653,3.8921206
4977,3175,3.7648833
4977,2696,3.7450464
4977,1376,3.633395
4977,2311,3.461759
4977,2916,3.434809
4977,1573,3.4091835
4977,2116,3.3116064
4977,780,3.121909
4977,1587,2.9657345
4977,2600,2.9569008
4977,3156,2.2791407
4977,1692,2.264782
4977,1037,2.1191757
4977,1882,1.5981696
4977,173,1.1777384
4977,470,1.1669346
1615,908,3.8384426
1615,1821,2.4654322
2997,1198,4.6170707
2997,2324,4.482064
2997,1231,4.3812017
2997,2918,4.369716
2997,1185,4.265388
2997,480,4.239045
2997,1721,4.217088
2997,597,4.173355
2997,2745,4.091781
2997,2391,4.0142865
2997,2006,3.994476
2997,3060,3.9115353
2997,1909,3.8660543
2997,2,3.7718763
2997,198,3.7197351
2997,2245,3.6755006
414,1250,3.8300693
414,356,3.4586692
414,590,3.1539953
414,648,2.7362952
414,3484,1.9563088
1670,3147,5.013006
1670,2716,4.7573576
1670,345,4.695484
1670,1584,4.6375103
1670,1678,4.6069393
1670,2081,4.5784364
2079,3114,4.1834497
2079,1210,4.1192365
2079,589,4.0304894
2079,2683,3.7114537
2079,2641,3.4316523
2079,1833,3.0289435
2079,1438,2.9076805
2079,1590,2.648022
2079,1752,2.5676966
2079,2719,2.1952555
2079,1427,2.0405223
2079,1499,1.9587073
3538,908,4.609678
3538,296,4.520441
3538,593,4.409568
3538,2028,4.347538
3538,800,4.219648
3538,176,4.110694
3538,3044,4.0575905
3538,6,4.0421147
3538,509,4.020732
3538,1635,4.0139055
3538,474,3.9560804
3538,1639,3.9340525
3538,147,3.7805853
3538,21,3.7568145
3538,2291,3.7309937
3538,2273,3.6640139
3538,253,3.6187496
3538,1824,3.6171837
3538,180,3.6037881
3538,647,3.5917604
3538,1799,3.5913029
3538,1268,3.454764
3538,1352,3.3869972
3538,2702,3.0924203
1706,1260,4.404129
1706,3683,4.2869205
1706,1394,4.2250957
1706,3160,4.056791
1706,1261,4.034419
1706,3210,3.943299
1706,3178,3.9077342
1706,2700,3.8808122
1706,342,3.8758893
1706,1279,3.8704922
1706,1179,3.8270714
1706,1564,3.8173504
1706,3685,3.7920752
1706,3536,3.7761648
1706,3150,3.7550979
1706,2361,3.408813
1706,3858,3.224643
1706,3301,3.099313
1706,3896,3.0756428
1706,3785,3.0596013
1706,864,2.9583108
1706,387,2.4078553
1706,3540,2.0712795
5500,1939,4.054932
5500,800,3.899972
5500,3039,3.8251348
1494,589,4.5708866
1494,2863,4.3630342
1494,493,4.1250515
1494,3450,3.6705139
1494,3477,3.5105357
1494,2253,2.5329943
5922,260,4.156859
5922,1267,3.9711862
5922,1283,3.958611
5922,3114,3.8967094
5922,899,3.8538918
5922,950,3.8078678
5922,973,3.7399335
5922,910,3.7249873
5922,3196,3.7240992
5922,373,3.6753979
5922,918,3.612289
5922,2644,3.5323
5922,3516,3.4943256
5922,1645,3.4175415
5922,3548,3.4113698
5922,1394,3.3644428
5922,3526,3.360598
5922,1256,3.3512368
5922,906,3.3353727
5922,921,3.3053927
5922,2182,3.249414
5922,2877,3.1121502
5922,3262,3.0559304
5922,235,3.0436108
5922,432,2.8451562
1621,3755,3.0027225
1621,3744,2.9705853
1621,3826,2.4521456
1005,2859,4.508415
1005,1263,4.441064
1005,1610,4.399319
1005,1079,4.286188
1005,2491,3.210053
5710,318,4.3015366
5710,1396,3.5198398
5710,2712,2.5667124
5710,2856,2.1301813
2182,912,4.480296
2182,3408,3.9140673
2182,3565,3.4420905
2234,1212,4.402404
2234,1284,4.277089
2234,1948,3.771987
5399,2858,4.6334114
5399,3052,4.152822
5399,3113,3.7189634
5399,3354,3.2728984
3238,3811,4.5022464
3238,1285,4.2370725
4574,1148,4.334282
4574,745,4.329876
4574,296,4.1707764
4574,590,3.9388137
4574,778,3.821312
4574,3751,3.7214422
4574,3259,3.0393329
501,1673,4.133424
501,1171,3.9950671
501,3594,3.5449157
501,70,3.395863
501,2792,2.814017
501,1972,1.700599
3766,1265,3.6281376
3766,3253,3.3734534
3766,3809,3.2647278
3766,1457,3.1161306
3766,2424,3.0732746
3766,88,2.8979208
3766,3393,2.0109727
3766,3392,1.7070736
3124,1387,3.7920146
3124,1673,3.1765218
3124,1995,1.8949327
2917,260,4.180808
2917,923,3.9860191
2917,1197,3.9600315
2917,293,3.8182032
2917,1084,3.7753472
2917,1673,3.3409498
6032,910,4.4831305
6032,1080,4.3484097
6032,1214,4.2694187
6032,1073,4.1350474
6032,2716,4.1276217
6032,1321,3.8152966
6032,2987,3.569282
6032,3524,3.4146757
6032,2517,2.27447
2564,527,4.4741974
2564,1408,3.8888888
2564,597,3.883133
2564,2919,3.7198555
2564,2002,3.6284964
2564,454,3.6194835
2564,1480,3.564501
2564,3827,3.3595228
2564,3176,2.95036
5254,457,4.225529
5254,589,4.154332
5254,480,3.9340858
5254,474,3.9110956
5254,380,3.8658226
5254,1356,3.7565336
5254,1476,3.578352
5254,2856,2.9875207
431,110,4.3546534
431,2501,4.317794
431,2985,3.525961
431,2706,3.500558
431,367,3.0649533
3443,3435,4.3956184
3443,1269,4.1647964
3443,924,4.0115137
3443,589,3.950611
3443,2657,3.2453403
5790,2762,4.2398405
5790,2918,3.8826847
5790,1259,3.8752153
5790,2863,3.7355697
5790,1635,3.700054
5790,3101,3.4499242
5790,1372,3.4130232
5432,50,4.4767547
5432,2858,4.2786856
5432,1132,4.2461705
5432,953,4.226783
5432,1254,4.2101192
5432,1247,4.2100377
5432,1303,4.1296096
5432,1244,4.086836
5432,1084,4.0740223
5432,1960,4.057563
5432,3545,3.8796225
5432,2972,3.8668518
5432,1682,3.7854674
5432,3408,3.7846093
5432,25,3.5960653
5656,110,3.437298
5656,2728,3.1202734
5656,32,3.0526662
5656,1117,2.804478
872,2762,4.273195
872,923,4.1234274
872,593,4.1143837
872,899,4.079978
872,1249,3.8234673
872,2700,3.5054317
872,2600,3.4804761
872,2706,3.4398723
872,1073,3.3848424
872,3092,3.3540525
872,2683,3.288711
872,3005,2.9882495
872,2770,2.8573236
872,1037,2.1329749
4964,858,4.500852
4964,1247,4.247761
4964,1230,4.201754
4964,2692,4.145817
4964,2064,4.1126065
4964,1242,4.08789
4964,2010,4.030193
4964,1960,4.0219555
4964,1079,4.007495
4964,1077,3.9762738
4964,1961,3.8909473
4964,2068,3.8845239
4964,1179,3.8253317
4964,2076,3.8018436
4964,1279,3.7643447
4964,1885,3.6717017
4964,2795,3.6493719
4964,551,3.648075
4964,2096,3.5424805
4964,2021,3.3307178
4964,1092,3.238123
4964,3272,3.2152646
4964,1441,3.0980115
4964,2527,2.99855
4964,1370,2.7475293
4964,3708,2.602565
4964,185,2.5654662
4964,2723,2.5527854
4964,849,2.4470363
602,2288,4.0934844
602,1748,3.957937
602,1396,3.8870482
602,2916,3.8431926
602,480,3.8381171
602,2665,3.7533958
602,2640,3.7135365
602,3699,3.6802108
602,2287,3.6770573
602,198,3.5097072
602,1573,3.453517
602,1544,3.349073
602,2554,3.3357334
602,2530,3.1896007
602,2722,3.1737545
602,2615,3.1232705
602,3696,2.7346437
1359,2762,4.5677156
1359,745,4.5421944
1359,1023,4.1254196
1359,1097,4.0766854
1359,596,3.9809248
1359,1367,3.460739
1359,3157,3.456442
4537,1265,4.092005
4537,2130,4.028872
4537,357,3.982162
4537,2108,3.900958
4537,1721,3.2815628
4537,3791,2.7408347
68,2997,3.9637713
68,1,3.9184103
68,1270,3.9123805
68,3671,3.9095325
68,2248,3.8922076
68,1500,3.6788292
5258,1617,4.693142
5258,2396,4.6197033
5258,589,4.5478125
5258,1277,4.464661
5258,2857,4.3163567
448,2959,3.951677
448,2688,3.227806
448,95,3.0604439
1360,260,4.5981426
1360,1288,4.365703
1360,1225,4.363646
1360,1961,4.2288976
1360,3471,4.132083
1360,2395,4.000799
1360,2912,3.804531
3458,527,4.9836607
3458,720,4.9517264
3458,2396,4.3399463
3458,314,4.3157406
3458,1721,4.266815
3458,141,4.1636305
3458,125,4.148038
3458,2995,3.4701047
3458,2828,3.023282
84,260,4.2847424
84,750,4.2667413
84,110,3.9910226
3206,2028,4.413584
3206,293,4.102772
3206,493,3.7979841
3206,381,3.4947205
3206,2770,3.439056
3206,3535,3.2215824
3206,2826,3.1710072
571,2872,4.063506
571,1527,3.997034
571,1580,3.9459584
571,1047,3.8136983
571,1573,3.7186155
571,2,3.6928194
571,2628,3.6469164
571,3489,3.589067
3636,1197,4.1143184
3636,1617,4.0071363
3636,63,2.4414897
1839,1210,4.381743
1839,1580,4.2412333
1839,2000,4.205577
1839,104,4.1234846
1839,3409,3.7735724
5486,3435,4.5380483
5486,1221,4.5323906
5486,296,4.434436
5486,3578,4.1619735
5486,3741,4.1475267
3613,678,4.4196815
3613,1304,4.4097385
3613,1089,4.2977686
3613,1953,4.2720213
3613,3741,4.2234907
3613,3735,4.157648
3613,3654,4.0354924
3613,3178,3.9684777
3613,1639,3.919457
3613,2529,3.8853552
3613,3639,3.6878462
3613,454,3.6481252
3613,2001,3.5588713
3613,2561,2.9730792
4644,50,4.2157116
4644,2324,3.866509
4644,2858,3.7761338
4644,1307,3.6526237
4644,1466,3.485225
4644,3418,3.3906522
4644,2912,3.3678265
4644,21,3.2398238
4644,383,3.0759037
4644,1783,2.5791337
4644,2699,2.479684
2733,1213,4.7213173
2733,2966,4.4914284
2733,3163,4.2191687
2733,2243,4.2039957
2733,1670,4.015483
2733,2419,3.6817102
101,589,5.14466
101,380,5.0361094
101,3527,4.918622
101,165,4.812011
101,1438,4.628722
101,376,4.622963
101,1385,4.61436
101,2402,4.4838853
101,1371,4.4777565
101,3697,4.4417443
101,420,4.2600546
101,2412,4.1886616
101,3946,4.1712837
5609,912,4.9729576
5609,3307,4.8947835
5609,1219,4.8420286
5609,1237,4.828413
697,1196,4.2230806
697,1246,3.9640703
697,3347,3.9264839
697,1220,3.9047813
697,921,3.8973284
697,1957,3.8322556
697,2716,3.7631407
697,2390,3.707095
697,1124,3.6571908
697,1580,3.6015787
697,3211,3.4200058
4603,969,4.390026
4603,914,4.239235
4603,653,3.4715574
4603,1676,3.3436828
4603,2617,3.2168548
5753,1291,4.579677
5753,1240,4.557596
5753,1997,4.544186
5753,1214,4.5440855
5753,3576,4.2454996
5753,2001,4.003603
5753,1350,3.6341991
5753,1255,3.626324
5753,2641,3.4715242
1646,2624,3.7399268
1646,1408,3.6131723
1646,2285,3.5098634
1646,3910,3.4694831
1646,3510,3.1962914
1646,3117,2.41474
1646,1616,2.1786194
1646,1676,1.8935572
2618,1580,3.545853
2618,1971,2.4957511
3059,1204,4.391139
3059,527,4.3862467
3059,913,4.2924147
3059,1394,4.1071157
3059,1387,3.992208
3059,531,3.40583
2914,1238,4.600687
2914,2716,4.549668
2914,1968,4.5151844
2914,1073,4.505313
2914,3396,4.4394855
2914,235,4.372382
2914,2877,3.1845596
2914,2088,3.0193233
906,1923,4.365909
5515,260,4.3053064
5515,2571,4.0101614
5515,110,3.877
5515,2924,3.6992989
5515,2161,3.2932081
5515,1799,3.210359
5515,2628,2.9660847
5515,2,2.7851748
5702,307,3.976647
5702,2248,3.932718
5702,3019,3.8673232
5702,3546,3.7275972
5702,2081,3.5482035
5702,3636,3.0595655
3077,1196,4.496655
3077,924,4.441339
3077,1210,4.270638
3077,2018,4.151948
3077,2102,3.82369
3077,2808,2.390008
3077,160,1.9601232
1910,3178,4.013952
1910,3481,3.991117
1910,2700,3.9460893
1910,3745,3.8149457
1910,3790,3.675521
1910,3285,3.5519068
1910,2325,3.5333886
1910,3743,3.471557
1910,3326,3.4342628
1910,3617,3.423109
2297,858,4.5629115
2297,1219,4.308839
2297,1242,4.2630305
2297,2313,4.139911
2297,150,4.0176506
2297,3552,3.980069
2297,161,3.806595
1786,1248,4.686197
1786,1673,4.253214
1786,3753,3.9142277
1786,3513,3.363995
1786,3235,3.330797
3074,527,5.038878
3074,858,5.0178976
3074,2858,4.8259664
3074,110,4.759307
3074,529,4.581563
3074,539,4.5659337
3074,1962,4.427723
3074,1693,4.3490615
3074,1653,4.294157
3074,3844,4.2702456
3074,223,4.242709
3074,21,4.2078896
3074,2581,4.092902
3074,3565,3.9699295
3074,1499,2.995844
1549,1270,3.7248383
1549,1965,3.6177113
1549,3175,3.5571113
1549,1580,3.439177
2901,904,4.8304167
2901,2186,4.6716013
2901,1231,4.517188
2901,3035,4.510658
2901,1258,4.4895477
2901,1961,4.397881
2901,1079,4.359476
2901,3451,4.339914
2901,2183,4.328315
2901,1923,4.325846
2901,3424,4.2701597
2901,2706,4.2076445
2901,3543,4.1872406
2901,3505,4.1590586
2901,1965,4.12506
2901,2700,4.111948
2901,1376,4.074257
2901,2184,3.9280825
2901,410,3.308433
4437,908,3.8111465
4437,1304,3.6636605
4437,457,3.5877743
4437,2944,3.5078464
4437,733,3.4070573
4437,2716,3.2831624
4437,539,3.2357798
4437,3178,3.218089
4437,1608,3.1027436
4437,592,3.0809646
4437,2424,3.0563498
4437,1020,2.872479
4437,2485,2.801224
4437,185,2.694408
4437,1894,2.634557
4437,2802,2.6054578
4437,2133,2.6015546
4437,1438,2.56
4437,1010,2.5067904
4437,248,2.4973834
4437,466,2.401977
4548,1197,3.9790995
4548,2858,3.76833
4548,2770,3.0026364
4548,2433,2.9499986
290,50,4.053296
290,593,3.9005046
2647,3451,4.7596245
2647,3481,4.6658964
2647,2280,4.254172
2647,2023,3.8365614
5311,858,4.3781424
5311,1221,4.233253
5311,2514,1.2417741
3800,1219,3.9921846
3800,2115,3.5598955
3800,1645,3.5514336
3800,2366,3.550085
3800,2605,3.2225947
3800,479,3.0606773
4123,593,3.8362782
4123,1073,3.5577996
4123,3072,3.4695144
4123,2529,3.427451
4123,1097,3.3403344
4123,2100,3.187891
4123,367,3.1284454
4123,1856,3.1188288
3545,1197,4.049146
3545,800,3.8370726
3545,1617,3.8139956
3545,1210,3.7567973
3545,1721,3.710936
3545,1748,3.4581125
3545,3355,2.6727715
4661,50,4.579481
4661,969,4.480914
4661,930,4.4093766
4661,2858,4.250689
4661,2944,4.163987
4661,2067,4.163065
4661,1090,4.1596956
4661,1610,4.121805
4661,32,4.0947666
4661,3471,4.039665
4661,2669,3.9003005
4661,2763,3.8782392
4661,968,3.7693524
4661,3555,3.7324314
4661,2287,3.613852
4661,3703,3.5346837
4661,786,3.484694
4661,1597,3.4008503
4661,2307,3.227962
1373,1077,3.898096
1373,2080,3.7432783
1373,2529,3.7146864
1373,1711,3.2163463
1373,1580,3.1398149
1373,1566,2.7366605
1534,527,4.2968683
1534,2858,4.0864253
2194,1197,3.8452919
2194,1270,3.3648272
2194,589,3.3426757
2194,2021,3.0348215
2194,3703,3.0138814
2194,2527,2.915033
2194,288,2.806747
2194,2403,2.8002834
2194,1371,2.6453662
2194,2011,2.625333
2588,1537,4.316286
2588,1265,4.0764236
2588,356,3.9806373
2588,3893,3.6658833
2588,339,3.5498145
2588,1711,3.47381
5498,1213,4.5608125
5498,25,3.9291558
5498,1012,3.5725265
5498,292,2.1453228
2333,2762,4.3388696
2333,2858,4.2164965
2333,457,4.112786
2333,2997,3.980146
2333,480,3.7979808
2333,2359,3.76053
2333,357,3.6775174
2333,1094,3.6414871
2333,1183,3.5775754
2333,2272,3.3596625
2333,3176,3.1434493
2333,2683,3.140341
1934,785,3.4816146
1934,2572,2.8550265
762,1291,4.071665
762,1374,3.755808
762,3745,3.6676497
5006,110,4.407757
5006,1935,4.247535
5006,1282,4.1102176
471,1300,4.285249
471,1240,4.132534
471,2289,4.0734034
471,1185,4.0320516
471,1396,3.8328757
471,1653,3.6777685
471,3703,3.6118405
471,1375,3.2316964
471,748,3.160929
471,3755,3.1072502
471,329,3.084186
471,1676,2.6099987
471,2253,2.1730342
378,2762,3.9751701
378,1537,3.6761441
378,1060,3.529275
3034,3125,4.0853677
4389,3508,3.873264
4389,1961,3.8618994
4389,2248,3.7775738
4389,1263,3.7581923
4389,1954,3.6787136
4389,1732,3.5248318
4389,785,3.2714283
4389,2749,2.8863373
4389,88,2.4741821
1588,1266,4.299124
1588,3421,4.2384787
1588,3481,4.2199626
1588,1265,4.122742
2367,914,4.2140236
2367,1610,4.0020504
2367,2058,3.811615
2367,780,3.8071818
2367,2321,3.694664
2367,2883,3.6595888
4877,318,4.574617
4877,1221,4.4192343
4877,593,4.319987
4877,2028,4.287677
4877,1704,4.1740065
4877,3360,3.9758086
4877,3347,3.941583
4877,2137,3.8424459
4877,2355,3.7936583
4877,661,3.573286
4877,2089,3.368083
4877,239,2.868304
4721,2070,4.479059
4721,223,4.323126
4721,1959,4.2720337
4721,3203,4.1672087
4721,2987,4.076233
4721,2840,3.8281772
4721,2491,3.6823769
4721,2900,3.6710234
4721,1911,3.6485438
4721,2701,2.8961422
4721,2555,2.313347
2766,1262,4.6539726
2766,912,4.512518
2766,1084,4.291891
2766,3451,4.132286
2766,3513,3.809338
2766,2846,3.7017074
2766,1772,2.8462095
4824,593,4.2458286
4824,2501,4.1089625
4824,2966,4.000354
4824,1214,3.9788032
4824,2248,3.9598556
4824,3481,3.956898
4824,1923,3.9084263
4824,2071,3.8934233
4824,2064,3.8832488
4824,553,3.8155181
4824,1629,2.9832835
1482,3481,3.962512
1482,2686,3.8991213
1482,1097,3.8590374
1482,3510,3.425006
1482,2490,3.1921077
723,2772,3.289517
227,785,3.368268
227,2490,3.0961704
2727,260,4.2628765
2727,1196,4.0241313
2727,589,3.5726411
2727,3753,3.4565244
2727,780,3.364724
2727,1220,3.32554
2727,3702,3.2298217
2727,464,2.569675
2727,1371,2.3804007
766,1307,4.309158
766,2918,4.303524
766,1394,4.268179
766,3361,3.9939456
4697,1296,4.752171
4697,1270,4.667227
4697,319,4.543866
4697,223,4.4007187
4697,3466,4.3915844
4697,2718,4.219018
4697,3051,4.162838
4697,2558,4.0965586
4697,558,4.034855
4697,274,3.9251769
4697,126,3.3620124
1554,1207,4.473343
1554,1252,4.4151125
4143,2872,4.173358
4143,2353,4.1032887
4143,3527,3.9739993
883,3578,3.9570997
883,1208,3.9322526
883,3088,3.7586212
883,1673,2.9515572
31,2064,4.214399
31,3104,3.9292917
31,3448,3.7121186
31,2371,3.5816066
31,3524,3.4787068
31,2747,3.321433
31,587,3.3177516
31,2657,3.0647945
2441,1625,4.56064
2441,1544,4.11113
2441,113,3.9921646
2441,2338,2.8725839
3461,1233,5.0016212
3461,2944,4.668732
3461,3702,4.4093065
3461,1589,4.1722536
3461,3771,4.148017
3461,2497,3.3404894
751,2624,4.008311
751,2948,3.9573922
751,3160,3.9556236
751,3745,3.0657208
5465,2433,2.8976867
5465,2712,2.793444
5465,2683,2.784579
4692,1804,2.746241
2099,3863,3.638996
2099,2455,3.6278315
2099,3882,3.4926646
2099,3553,3.3477132
2099,3484,3.3231926
2099,3879,3.1114018
5290,2858,4.5185623
5688,1197,3.8615532
5688,296,3.8111289
5688,111,3.605773
5688,1411,3.5397398
5688,1394,3.4878182
5688,2108,3.36455
5688,1641,3.0195856
5688,1747,2.8106797
74,36,4.17549
74,3507,4.119985
74,2583,3.7718945
3106,527,4.931645
3106,923,4.76486
3106,3949,4.653696
3106,293,4.5892096
3106,1259,4.540583
3106,1270,4.364451
3106,2387,2.0484061
3106,3299,1.3238392
5592,912,4.69786
5592,1224,4.686681
5592,3114,4.5299244
5592,608,4.420417
5592,1210,4.120536
5592,1580,4.09752
5592,2640,3.8970017
5592,1527,3.8746731
5592,2657,3.8014894
5592,2105,3.7947574
5592,3081,3.7240005
5592,1127,3.664052
5592,3701,3.6574423
5592,2613,3.6019125
5592,3704,3.435778
5592,3082,3.3468356
5592,3697,3.096067
5441,1252,4.3261642
5441,593,4.2741857
5441,1084,4.164901
5441,1952,4.1167817
5441,3471,4.0585566
5441,1270,3.9489284
5441,1345,3.7879763
5441,1094,3.7449088
5441,1580,3.6774023
5441,1032,3.6579452
5441,2427,3.6529262
5441,480,3.6515079
5441,1083,3.614612
5441,141,3.5611296
5441,3529,3.555281
5441,2407,3.5160341
5441,1917,3.4116664
5441,60,3.3344865
5441,1888,3.278545
5441,1552,3.1950274
5441,1876,3.1428466
5441,3156,3.121627
5280,3408,4.0163283
5280,3174,3.7124014
5280,2712,3.5101655
5280,3082,2.7508078
5280,3005,2.629186
2989,1,4.475119
2989,551,4.0398307
2989,2355,4.0242863
2989,1721,3.5105796
2989,2622,3.470967
2989,3489,2.193597
3235,2700,4.266304
3235,2724,3.7470245
1055,905,4.179025
1055,1265,3.8404913
1055,1188,3.6816947
1055,3578,3.6010208
1055,2271,2.8197212
1055,2723,2.4960306
1055,2605,2.0229487
1055,3623,1.9658718
2554,1956,4.516221
2554,17,4.4377165
2554,2340,2.374618
492,593,4.6455245
492,223,4.2077866
492,3005,3.947568
2253,1374,4.2527623
2253,2057,3.8968725
3220,260,4.3515325
3220,3147,3.9568655
3220,1084,3.930298
3220,1249,3.9090104
3220,3498,3.7688773
3220,3655,3.4615562
3220,1721,2.9077053
3220,227,1.9931899
2082,2918,4.7819963
2082,2396,4.691021
2082,1265,4.5469604
2082,2321,4.268882
2082,2273,4.1759157
2082,1753,3.9995167
5816,2762,4.106764
5816,924,3.9216614
5816,2881,3.4558463
5816,3113,3.0540028
848,318,4.826517
848,2997,4.3084917
848,1527,3.2511857
825,1193,3.982122
825,296,3.8152378
825,903,3.7946637
825,1247,3.7403088
825,3789,3.6607566
825,1952,3.527396
1379,2908,3.723479
1379,1673,3.4752355
1379,2160,3.4001591
4886,593,4.527794
4886,1200,4.449927
4886,1214,4.326876
4886,2288,4.057191
4886,3175,3.9968119
4886,2311,3.7289815
4886,2013,3.6830237
4391,1784,4.13575
4391,2320,3.4744718
4518,296,5.1480374
4518,1223,5.112934
4518,2858,5.0956154
4518,593,5.017469
4518,1089,4.9067125
4518,1374,4.61735
4518,596,4.585615
4518,1025,4.522463
5396,2019,4.612238
5396,1214,4.312213
5396,1200,4.280459
5396,1127,4.092619
5396,2968,3.7492774
5396,3070,3.748207
5396,2985,3.6240392
2521,260,4.447794
2521,2571,4.3255796
2521,2028,4.178279
2521,1073,3.8441129
2521,2013,3.5698786
2521,1485,3.562932
3139,1207,4.4907217
3139,1193,4.4169974
3139,3470,4.2681375
3139,2804,4.245735
3139,1950,4.1335616
3139,1231,4.096393
3139,1240,4.0412807
3139,3613,3.7553556
3139,3169,3.5983527
4396,50,4.3218546
4396,1213,4.138477
3197,2351,4.360206
3197,296,4.318041
3197,1947,4.067481
3197,902,4.0274014
3197,920,3.9866848
3197,215,3.8599255
3197,3108,3.6886964
3197,117,3.5756013
3197,976,3.4779944
3197,347,3.0027888
3197,597,2.88556
3197,3701,2.882428
3197,1468,2.4494567
3197,3247,2.397038
3174,3114,4.072025
3174,3481,4.006388
3174,1265,3.9270601
3174,3148,3.7991962
3174,3569,3.584875
3174,151,3.570417
3174,266,3.5251858
3174,2291,3.5141048
3174,3259,3.4789734
3174,1892,3.3242817
3174,736,3.2411005
1169,2863,3.2746634
1169,2248,3.0915337
1169,2000,2.9683619
1169,1014,2.7867668
1169,3608,2.576802
1169,432,2.1305454
1169,2379,1.5143847
2804,527,4.690525
2804,914,4.375086
2804,1230,4.187523
2804,1127,4.1510286
2804,2174,3.8792996
2804,2100,3.7632592
2804,2043,3.753028
2804,1371,3.6963658
2804,2253,3.669798
2804,2405,3.66395
2804,442,3.5308084
2804,44,3.520765
3656,2000,3.5715113
3656,3844,3.220947
3656,780,3.0528693
3656,3635,3.0421107
3656,2747,2.8135326
3656,3802,2.004127
2915,1197,4.261597
2915,593,4.177641
2915,1200,4.1190333
2915,2959,4.059021
2915,1259,3.9612954
2915,2248,3.8907056
2915,1210,3.788536
2915,610,3.0443993
372,1270,4.838577
372,110,4.816371
372,3499,4.6952715
372,3753,4.6306634
372,1552,4.602336
372,648,4.5422163
372,653,4.530011
372,3081,4.5046196
372,317,4.4433827
372,3186,4.3314524
372,2713,4.290355
372,1831,4.2691746
372,2808,4.238451
372,3354,4.19589
372,2514,4.1093874
372,2965,4.031268
5162,2762,4.4140654
5162,593,4.361227
5162,589,4.0274
5162,1097,4.0016146
5162,1608,3.4709573
5162,2879,3.4498084
5162,2412,1.2570534
630,2791,4.4362636
630,2352,4.400759
630,1270,4.381758
630,342,4.198629
630,222,4.096939
630,1721,4.065073
630,1441,3.7673564
1093,858,3.9553108
1093,1304,3.854744
1093,1200,3.687447
1093,1287,3.5797794
1093,940,3.4192405
1093,2916,3.2055733
1093,3384,3.1714034
1093,3755,2.8534756
4718,541,4.575138
4718,1136,4.5523505
4718,1265,4.2980747
4718,2971,4.1990957
4718,2941,4.152403
4718,1517,4.150543
4718,1356,4.016421
4718,2085,3.9448748
4718,2245,3.7904258
4718,1064,3.6089716
5803,2108,3.0055053
5803,2997,2.6449103
5803,1753,2.462607
5803,2060,2.258607
5803,1241,2.1735864
5803,63,1.6169403
4759,1201,4.175494
4759,1387,4.009936
4759,3424,3.9652815
4759,1968,3.9122128
4759,2736,3.4781365
4759,3809,3.4100728
4759,532,3.161425
4759,3388,2.3727279
95,2396,3.946277
95,1537,3.9331503
95,480,3.7905993
95,1280,3.763796
95,3246,3.6875825
95,1393,3.6432006
95,3175,3.5851052
95,10,3.550331
95,337,3.4357011
95,2718,2.9578
95,1586,2.9019516
512,1617,4.5034122
512,2467,4.2396812
512,2184,3.8559268
512,3176,3.6838121
512,1597,3.3009646
512,517,3.196342
2813,1300,3.1954906
2813,902,3.1046665
2813,1185,2.7109895
4536,1968,3.979173
5913,593,4.2743115
5913,778,4.006649
5913,595,3.920058
5913,454,3.6976793
5913,2291,3.628187
5913,2166,3.5610998
478,1256,3.8480198
478,2890,3.4418237
5366,720,4.22318
5366,1252,4.1612024
5366,2329,4.0373354
5366,296,4.0326204
5366,2571,4.0040507
5366,34,3.7852776
5366,2599,3.7615998
5366,2396,3.7269921
5366,2580,3.6624382
5366,1500,3.6461582
5366,1732,3.6446939
5366,1682,3.6345463
5366,471,3.5755658
5366,3476,3.464194
2269,3328,3.9689837
2269,2683,3.0650578
2269,3218,2.9119453
1567,1284,4.227867
1567,3683,4.181761
1567,924,4.0095177
1567,1270,3.956161
1567,3224,3.8834383
1567,978,3.8254921
1567,3019,3.7515008
1567,3706,3.2839017
1567,2311,3.2411864
6004,588,3.7648566
6004,2700,3.560887
6004,1881,2.6985142
2492,1196,4.3126163
2492,2067,4.0955367
2492,356,4.04161
2492,902,4.0221643
2492,1960,4.0109057
2492,534,3.8548207
2492,2087,3.7398357
2492,2015,3.2788687
2492,2100,3.245565
2492,1967,3.221043
2492,2,3.0953124
2492,2017,2.798716
3485,1198,4.5358105
3485,2028,4.5159235
3485,1250,4.479976
3485,1225,4.364367
3485,589,4.159272
3485,938,3.6964388
617,2791,4.0260034
617,2770,3.2400115
617,2628,3.190061
5474,2599,3.8315046
5474,589,3.6570828
5474,2700,3.5277128
5474,1965,3.4739904
5474,3702,3.13725
5474,1527,2.9035926
5474,480,2.8600547
5999,1193,4.527398
5999,930,4.3565216
5999,2940,4.190583
5999,1210,3.9165397
4615,296,4.4621525
4615,2762,4.4085193
4615,2329,4.251365
4615,47,4.146968
4615,1210,3.9034019
4615,2890,3.852816
4615,1885,3.7807984
4615,1680,3.6848717
4615,190,3.609132
4615,1648,3.5427222
4615,3256,3.4866273
4615,1051,3.4606516
4615,587,3.3614197
4615,2024,3.3032064
4615,2263,2.811611
4615,1483,2.4709363
4615,540,2.0520778
2836,2858,3.7172074
2836,2355,3.5920036
2836,2987,3.4465315
2836,3623,3.0931282
469,858,4.6690345
469,1234,4.527678
469,1284,4.4718018
2146,2947,3.7886012
2146,1275,3.7065334
2146,1408,3.640809
2146,2353,2.992332
2146,2363,2.8360949
2146,1429,2.7995892
2146,1999,1.7973914
1480,1196,4.2182236
1480,3910,3.9106266
1480,3893,3.4019566
1480,3566,3.3780837
1480,2769,3.2446296
1480,2110,3.0197964
1480,3534,3.0094898
1480,2712,2.8381386
3854,1196,4.373041
3854,1617,4.221325
3854,356,4.1946354
3854,3178,3.9683282
3854,3408,3.961957
3854,1073,3.9523058
3854,1343,3.782187
3854,2707,3.7392108
3854,3535,3.2981777
4127,364,4.404352
4127,2006,4.265839
4127,1370,4.1841316
4127,2167,4.126518
4127,3699,4.079115
4127,1552,4.0012903
4127,107,3.8986666
4127,2408,3.4619765
4127,809,3.2704277
4127,2720,2.8831444
4127,2053,2.8126838
2852,1148,5.232493
2852,3897,4.8519955
2852,589,4.736048
2852,1997,4.706203
2852,2288,4.589753
2852,3932,4.4369664
2852,1527,4.378472
2852,780,4.374045
2852,735,4.2464943
2852,2746,4.0728984
2852,1544,4.020692
2852,2367,3.743083
2852,2789,3.710779
2852,3864,3.6240118
2852,1831,3.4553099
2852,2448,3.3243668
2852,1986,3.0676773
5021,1212,4.4700317
5021,908,4.357239
5021,969,4.3355546
5021,3468,4.2769294
5021,1358,4.1946626
5021,1077,3.8898215
5021,3471,3.8892245
5021,1298,3.674193
5021,2288,3.5562694
5021,3066,3.5543804
5021,3447,3.2618804
5021,1127,3.2102795
5021,2365,2.2037277
5021,2531,1.8296084
5021,1779,1.5242199
5021,2209,1.4153731
5021,1750,1.3358008
4236,3543,4.4850836
4236,3203,4.251973
4236,2100,4.094122
4236,2770,4.0425267
4236,3176,3.9958234
4236,2622,3.9466767
4236,407,3.8936453
5770,1217,4.7775106
5770,2501,4.759395
5770,1253,4.593731
5770,3198,4.566445
5770,446,4.5647187
5770,1288,4.537861
5770,36,4.490282
5770,1704,4.476855
5770,2728,4.3903217
5770,3105,4.3121214
5770,3098,4.306061
5770,16,4.3010902
5770,1635,4.2061815
5770,592,3.9524415
2362,50,4.4831467
2362,3481,3.767118
1872,1269,3.9536252
1872,2396,3.8558805
4583,608,3.9917564
4990,593,4.5711136
4990,1206,4.561955
4990,1300,4.5618253
4990,34,4.302375
4990,1210,4.2565026
4990,1914,4.1281433
4541,1198,3.8733425
4541,2413,3.0025775
4541,1029,2.9989963
4541,596,2.9292233
4541,1032,2.716229
4541,788,2.6996322
4541,2990,2.6204326
4541,2142,2.5494335
4541,2770,2.2808225
4541,1489,2.0704255
4541,1021,1.9717021
4541,3286,1.9081984
5405,2858,4.1865067
5405,2396,4.065031
5405,1077,3.8850753
5405,300,3.7531633
5405,2112,3.559717
5405,412,3.5588722
5405,500,3.448429
5405,45,3.3503451
5405,1624,2.6951108
450,910,4.3759055
450,1358,4.2865515
450,3198,4.252286
3223,3783,4.192044
3223,2683,3.4444816
3223,2723,2.8133032
3223,3623,2.3454072
2469,1198,4.2690516
2469,1197,4.1672325
2469,1214,3.925922
2469,1222,3.8962836
2469,3298,3.5095737
779,3005,3.2111716
779,2710,3.159157
779,2546,3.1193178
779,2906,2.3549938
5285,2707,3.8163426
5285,2683,3.7035036
5285,2714,3.593294
5285,2447,3.544477
5285,2965,2.88084
607,2289,4.0336084
607,1682,3.9362843
607,2447,2.6429465
4065,260,4.779338
4065,1253,4.602908
4065,1200,4.509428
4065,1129,3.8254075
4098,1036,4.2606225
4098,3654,4.0429945
4098,21,3.8631887
4098,1129,3.8291388
4098,507,3.8007174
4098,592,3.7952826
4098,1785,3.7655072
4098,3717,2.918229
4098,387,2.8455265
1406,1198,4.375716
1406,1704,4.0350976
1406,2023,2.9866042
612,2966,3.9320765
612,3555,3.3480053
3642,581,2.7375278
4861,2324,4.4209414
4861,1219,4.3778954
4861,3897,4.27536
4861,590,4.006303
4861,2686,4.0020485
4861,1683,3.9877615
4861,3787,3.8759472
4861,508,3.818649
4861,3320,3.727596
4861,3125,3.6724095
4861,3618,3.4458795
4861,1608,3.4271567
4861,3745,3.2566924
4861,3300,2.9114585
4861,3082,2.8562946
4861,2600,2.7380028
4861,2422,1.4769261
4034,1208,4.7026854
4034,2324,4.681074
4034,3421,4.4690866
4034,589,4.430352
4034,1394,4.428627
4034,1259,4.405715
4034,1719,4.39231
4034,3551,4.358414
4034,1103,4.30595
4034,3745,3.9786756
4034,2022,3.9522285
4034,3041,1.5392787
4596,318,4.525074
4596,527,4.41502
4596,919,4.090378
4596,2028,4.0511127
4596,2761,4.0242968
4596,1291,4.0224695
4596,2918,3.9861836
4596,3819,3.946306
4596,3543,3.8649063
4596,3361,3.804545
4596,3210,3.7973485
4596,3456,3.744402
4596,3793,3.6739776
4596,2000,3.6494565
4596,2174,3.4364362
4596,2846,3.3655787
4596,2942,3.3557158
4596,3714,3.090679
4596,1088,2.9568887
4596,350,2.9498324
4596,2072,2.695161
4596,2389,2.6832035
4596,2902,2.66361
4596,2473,1.8924484
1886,3952,4.2502213
1886,480,4.241351
5774,1234,4.0680923
5774,1197,4.008309
5774,2028,3.9608192
5774,924,3.8323216
5774,110,3.7845976
5774,1291,3.6902118
5774,2105,2.5205994
5774,1379,1.8236027
2477,2324,4.8083334
2477,1090,4.57599
2477,3363,4.4682827
2477,480,4.4656124
2477,3175,4.225221
2477,2236,4.0626807
2477,2724,3.6187027
2477,2805,3.3316085
2053,3932,4.055278
2053,3918,2.7213125
4325,2202,3.8126361
4325,3638,2.2694743
4325,3717,2.0642037
4930,899,4.366681
4930,2918,4.177769
4930,2398,4.086489
4930,597,4.071815
4930,3545,3.997456
4930,1380,3.9850426
4930,2671,3.969601
4930,2100,3.605418
5494,1617,4.3381624
5494,1267,4.3263106
5494,28,4.1409044
5494,3097,4.0280685
5494,2300,3.8851032
5494,2763,3.8279538
5494,161,3.741898
5494,2699,3.176309
1804,2329,4.1490097
1804,593,4.1326914
1804,541,4.076814
1804,3006,3.9266944
1804,2917,3.9154973
1804,589,3.7895772
1804,2583,3.4819622
1804,2443,3.4513178
1804,380,3.2504277
1804,1376,3.193367
1804,1093,3.0411363
1804,1799,3.0192196
1804,329,2.9566414
1804,2605,2.4285526
1038,2762,4.4993315
1038,34,4.011441
1038,2336,3.945626
1038,1177,3.9221535
1038,249,3.7753522
1038,509,3.7590673
1038,3255,3.7133667
1038,3298,3.6876173
1210,1387,4.377771
1210,3072,4.1381807
1210,1676,3.2734485
1210,3697,2.816182
2248,1028,3.781354
2248,588,3.675362
2248,1073,3.6555278
2248,2353,3.5640275
2248,2181,3.4417226
2248,1127,3.4250147
2248,3206,3.3347983
2248,2262,3.2776268
2248,2877,3.2269378
2248,2384,3.1999984
2248,2135,3.1660423
4288,1196,4.5316753
4288,3360,4.3856783
4288,1958,3.9500718
4288,3501,3.9066567
4288,3177,2.7830474
1798,858,4.5134554
1798,593,4.2057686
1798,3508,3.9731205
1798,1955,3.7170622
1798,650,2.914841
1798,2023,2.913464
1798,2455,2.799263
184,594,4.4748497
184,364,4.440507
184,2949,4.4391885
184,2076,4.393174
184,551,4.264386
184,986,4.2121954
184,1396,4.145499
4248,1210,3.953832
4248,1393,3.8242345
4248,1408,3.7776284
4248,3404,3.5403228
4248,24,3.26582
292,648,3.6406054
292,1882,2.2246475
4947,1207,4.646499
4947,1617,4.4647884
4947,1089,4.362591
4947,3061,4.2120905
4947,2303,4.1491404
3863,2571,4.2561903
168,1960,4.082252
168,588,3.9025176
168,2395,3.8751926
3743,2028,4.235187
3743,110,4.0076394
3743,2424,3.561038
3743,7,3.4337854
1106,1259,4.2319508
1106,3481,4.1248207
1106,1580,3.9567447
1106,2407,3.8038266
1106,2021,3.5833387
1106,366,3.5371327
1106,2017,3.2590594
1106,1970,2.8771422
5244,110,4.315925
5244,349,3.8806953
5244,2987,3.859463
5244,107,3.4766245
3234,3072,3.868253
993,260,4.1253405
993,3275,3.2677202
993,3409,2.5285225
4791,3006,3.708121
4791,428,3.5720885
4791,539,3.407785
4791,3255,3.3608694
4791,14,3.2931437
4791,648,3.237221
4791,771,3.1641576
4791,1922,3.1239893
4791,2858,3.119759
4791,2844,3.093101
4791,3498,3.0887794
4791,2023,3.0840478
4791,3557,3.0750575
4791,2717,3.0496974
4791,1091,2.9815536
4791,3705,2.9436493
4791,118,2.932043
4791,485,2.9145985
4791,2641,2.8329763
4791,2278,2.8166776
4791,3476,2.6832104
1965,1233,3.847907
1965,678,3.7384353
1965,2396,3.5207613
1965,1213,3.4626296
1965,590,3.342061
1965,2502,3.2515588
1965,1180,2.8888776
1965,2321,2.8576963
1965,2759,2.4975305
1965,2598,2.1461515
4306,593,4.3644733
4306,924,4.201791
4306,2917,4.005939
4306,2871,3.9937508
4306,736,3.6189013
4306,1037,3.3128133
4845,2920,4.4380827
4845,945,4.4060516
4845,41,4.157593
4845,440,4.134095
4845,342,3.9702568
4845,1081,3.9457438
4845,3108,3.9147656
4845,2125,3.9021533
4845,2175,3.8224924
4845,1777,3.5966911
5814,593,4.325222
5814,1299,4.3207636
5814,919,4.2905564
5814,2640,3.5694041
5814,1027,3.1184993
2863,318,4.3722486
2863,1148,4.2668867
2863,1223,4.250889
2863,1961,4.0780554
2863,1719,3.9120235
2863,3386,3.7490602
2863,425,3.6456604
2863,247,3.585187
2863,2770,3.5311112
5003,745,5.013422
5003,377,4.28688
5003,2916,4.285639
5003,2089,4.1184263
5003,2699,3.8412075
828,3147,4.0751495
828,1947,4.0021477
828,1271,3.7094765
828,3793,3.6882722
828,2502,3.6430428
828,2580,3.632428
828,2541,3.579723
828,1821,3.4299998
828,2709,3.2826617
828,2770,3.1924381
828,2806,2.785455
3644,608,4.657266
3644,2858,4.644732
3644,232,4.427455
3644,1175,4.3858376
3644,1500,4.085082
3644,619,2.4250023
2906,589,3.5501733
2906,1253,3.5296645
2906,3932,3.3084645
2906,3153,3.142994
2906,2664,3.1103864
2906,592,3.0548217
2906,3070,2.8986993
5195,1254,4.431121
5195,1617,4.378007
5195,3077,4.278585
5195,1244,4.2506027
5195,909,4.2501917
5195,824,3.9509432
5195,3613,3.8455212
5195,372,3.3932912
4378,296,3.7613268
4378,1674,3.4131722
4378,555,3.3983755
4378,1663,3.2618318
4378,2750,3.2435398
4378,21,3.1244972
4378,2174,3.092181
4378,2763,3.0777192
4378,3087,3.0294282
4378,3703,3.0130272
3588,2019,4.575617
3588,2028,4.561925
3588,1304,4.384431
3588,1284,4.352567
3588,1944,4.3504343
3588,3365,4.3174815
3588,1090,4.2389336
3588,1953,4.153055
3588,356,4.136862
3588,920,4.1029105
3588,3527,4.0808163
3588,590,4.060775
3588,1408,4.0077806
3588,1200,3.9824843
3588,1275,3.9591975
3588,6,3.942461
3588,1206,3.9398108
3588,2991,3.884101
3588,648,3.8617265
3588,3729,3.8125677
3588,2403,3.7974443
3588,3744,3.7954657
3588,1594,3.7187605
3588,2348,3.718614
3588,3639,3.7065425
3588,70,3.5469027
5905,1234,4.287102
5905,1097,4.1187034
5905,1994,3.994709
5905,2640,3.767373
5905,551,3.660008
5905,2533,3.6277604
5905,2346,3.5815382
5905,2746,3.5785718
5905,2363,3.5520306
5905,317,3.5103798
5905,1644,2.9797916
5905,2668,2.8102493
5143,1089,4.354303
5143,3052,4.1599216
5143,1517,4.127056
5143,3624,4.0123096
5143,1597,3.8641257
5143,1093,3.7905664
5143,2772,3.6431465
5143,786,3.623416
5143,1399,3.6046638
5143,3697,3.5006857
2002,1252,4.537683
2002,260,4.532338
2002,903,4.427761
2002,541,4.3763223
2002,3730,4.3640995
2002,1226,4.257163
2002,1235,4.2292376
2002,1079,4.195967
2002,356,4.1929607
2002,2917,4.1578927
2002,1238,4.155113
2002,1069,4.1524396
2002,3526,3.9582076
2002,235,3.9144638
2002,1580,3.7158449
2002,3263,3.621296
2002,3763,3.6166935
2002,3176,3.5202463
2236,720,4.6302676
2236,3052,3.870452
2236,3466,3.7806253
2236,3301,3.5894647
2236,3185,3.5712762
2236,3534,3.5684898
2236,3562,3.3339255
2236,3879,3.215995
2236,3887,2.8816617
2236,3616,2.8308482
3379,858,4.8861427
3379,2858,4.5830064
3379,2395,4.0961657
3379,2770,3.642891
3379,2023,3.6237912
3379,537,3.2336466
3379,2805,2.2978544
1619,1207,4.3484125
1619,924,3.9828095
1619,941,3.5084643
4681,1449,4.222968
4681,1952,4.0882373
4681,36,4.0353737
4681,2932,4.0284576
4681,1192,3.97819
4681,3742,3.950729
4681,2289,3.8925748
4681,2318,3.8883734
4681,3163,3.8263524
4681,1186,3.786738
4681,2390,3.7770972
351,2918,3.988846
351,497,3.9190116
351,940,3.8937209
351,2716,3.8624427
351,3527,3.591405
351,1608,3.48175
351,1619,3.4729087
351,583,3.415276
351,163,3.3492708
351,3638,2.9320474
967,2599,4.1734753
967,1265,4.1099176
967,69,3.9059653
967,1569,3.8417935
967,367,3.7704926
967,2572,3.7501807
967,1895,3.554262
967,344,3.5242565
967,1644,3.4328759
967,585,3.341948
967,2902,3.0057516
967,1993,1.5124983
6015,2858,4.1520195
6015,1537,4.0072856
6015,1188,3.7931237
6015,1246,3.7622528
6015,2080,3.6154811
2615,2028,4.38951
2615,2605,2.8179626
3840,1269,4.341055
3840,3424,4.047829
3840,1641,4.001156
3840,2640,3.8352146
3840,2794,3.3124952
3840,3457,3.2963827
3237,1148,4.456909
3237,1244,4.12082
3237,1249,3.872212
3237,1265,3.8457985
3237,3328,3.7557712
3237,3163,3.6932092
3237,3868,3.6599383
3237,760,3.4483364
3237,3753,3.1962461
278,1261,4.7392135
278,2160,4.732427
278,1321,4.717032
278,1241,4.376202
278,2645,4.2942295
278,2145,4.2533445
278,2747,4.244624
278,70,4.1935863
278,1970,4.0723343
278,2652,4.009042
278,1329,4.0012126
278,532,3.9908123
278,2789,3.8443575
278,1991,3.6710548
278,1985,3.618062
278,2460,3.5004764
278,3663,3.1696148
278,1993,2.8673196
278,2516,2.769371
5012,599,3.5679975
5012,2951,3.1891441
4549,532,3.067676
4549,2421,3.000719
4549,2315,2.6352794
4549,2338,2.393578
1700,3911,3.980077
1700,3751,3.7103734
1700,3821,2.8711116
4844,1233,4.5161905
4844,110,4.3911104
4844,691,3.2706614
4844,3615,3.2180634
5958,318,4.6861463
5958,858,4.6618876
5958,527,4.533862
5958,1276,4.424289
5958,1084,4.235887
5958,1263,4.207768
5958,36,4.199085
5958,3135,4.004885
5958,2344,3.5291662
5958,2423,3.412461
4135,2694,4.106081
4135,3638,4.0793815
4135,2688,4.053747
4135,3623,4.0476837
4135,2433,3.9796386
4135,3717,3.7939372
4135,2710,3.7135994
406,110,3.8648536
406,1358,3.7486284
406,1291,3.7424088
406,6,3.5279408
406,1213,3.4933212
406,1584,3.473405
406,246,3.4658172
406,3505,3.4432254
406,1263,3.3678205
406,3039,3.325181
406,1183,3.2200398
406,2003,3.1855495
406,317,3.0990577
406,22,3.0442991
406,786,2.9250672
211,3578,4.345312
211,2948,4.298868
211,648,4.0539894
211,3917,3.817884
211,891,3.4301481
70,2826,3.1035748
70,3273,2.2598872
70,2828,1.6900165
5646,1246,4.112791
5646,1961,4.0368857
5646,1079,4.0345287
5646,3424,4.0230045
5646,2863,3.988275
5646,2728,3.9869423
5646,2948,3.9428813
5646,1210,3.9403229
5646,1962,3.8119037
5646,592,3.689701
5646,2421,2.7026548
3608,1224,4.4573812
3608,3462,4.3863363
3608,223,4.0999255
3608,539,4.040251
3608,2289,3.7574894
3608,1031,3.7107542
3608,1875,3.657086
3608,708,3.6081674
3608,1888,3.5074227
703,908,4.5295386
703,1259,4.095916
703,277,2.880231
3362,1265,3.9781313
3362,1923,3.7969587
3362,587,3.7681937
3362,235,3.713572
3362,1580,3.6471279
3362,1916,3.542249
3362,1888,3.3584142
3362,1816,3.252247
4076,110,4.4031034
4076,475,4.383232
4076,36,4.2157927
4076,3386,4.0635853
4076,3418,4.018072
4076,282,3.685963
4076,1876,3.6099734
4714,2019,4.040508
4714,1193,4.0210595
4714,898,3.8044424
4714,3629,3.7962232
4714,3362,3.669306
4714,3201,3.4647417
4714,1230,3.45183
3703,2002,2.992237
3703,3623,2.827517
3703,370,2.432231
3703,3869,2.4038146
3703,3754,1.7709258
2653,1617,4.1500874
2653,2840,2.9098399
4586,1136,4.755637
4586,910,4.6957655
4586,2858,4.6675024
4586,1210,4.340989
4586,3358,3.9885902
4586,2598,3.3020792
5150,377,3.4873524
5150,3704,3.3926134
5549,3081,3.0045655
5549,2969,2.965653
5549,3668,2.8331
5549,3643,2.5132787
3103,2726,4.6322503
3103,3852,4.1352777
1740,110,4.3001747
1740,3363,4.0361705
1740,2706,3.9430692
1740,480,3.9163294
4807,858,4.0689783
4807,162,3.528792
4807,916,3.5129404
4807,2871,3.3530278
4807,1230,3.165039
3725,1213,3.9245803
3725,1639,3.5533137
3725,1731,1.3464208
4777,1278,4.318948
4777,356,4.223406
4777,1259,4.1428466
4777,1210,4.0839205
4777,3104,3.9673924
4777,3461,3.775098
4777,2640,3.575486
2410,2313,3.8548722
2410,3471,3.756485
2410,150,3.756223
2410,1962,3.5999696
2410,1099,3.5848577
2410,1012,3.4647853
2410,3501,3.3526115
5229,1584,4.5728025
5229,2490,4.2742944
5229,785,4.141179
5229,2826,3.9758158
5229,3113,3.1864533
369,3189,3.305902
369,1777,3.272428
369,3450,3.244078
369,1569,3.152687
369,1081,3.1118271
369,3614,3.0267146
369,2463,2.8151352
369,3608,2.7444613
369,1395,2.5715985
369,2110,2.4927194
369,1863,1.4853321
917,3408,3.8455248
2816,1617,4.229624
831,2858,4.4622755
831,2952,3.8825603
1039,2716,3.8517547
1039,3179,3.511073
1039,2881,2.874149
5829,1304,4.1406717
5829,1270,3.9088333
5829,3546,3.7287443
5829,3101,3.6881037
5829,3210,3.6865714
5829,952,3.563211
5829,342,3.5315037
5829,3591,3.4802926
1623,1256,4.540832
1623,1214,4.4116545
1623,1921,4.0272517
2636,318,4.654828
2636,1136,4.4134645
2636,2028,4.3127275
2636,2355,3.8507032
2636,3052,3.7321744
2636,2671,3.4688783
974,1204,4.270444
974,969,4.1994815
974,1197,4.113557
974,1276,4.070507
974,1240,3.9839985
974,457,3.9339397
5435,2571,4.7618356
5435,1358,4.6010933
5435,150,4.4508934
5435,1396,4.1233196
5435,3703,4.006007
5435,1573,3.5231433
4710,1244,4.2082915
4710,1086,4.164628
4710,1387,4.130063
3870,3081,3.6465812
3870,3594,3.545687
5420,914,3.5775
5420,480,3.3389554
5420,3082,3.188042
5420,2137,3.0842686
5420,1015,2.9521027
5420,917,2.8387723
5420,1064,2.65728
5420,2082,2.621146
5420,1460,2.4047444
5420,1005,2.2702782
4103,1213,4.344594
4103,1221,4.3416796
4103,2731,4.3014917
4103,1211,4.1087008
4103,1466,3.7209187
4103,1094,3.6067824
4103,1701,3.271146
4103,21,3.2467935
4103,346,3.2351968
4103,481,2.8231015
4103,203,2.446776
4103,2447,2.0884538
4103,1891,1.0321217
247,1203,4.306471
247,1247,4.2022038
2694,3624,4.832812
2694,532,4.336856
2694,366,4.2889223
2694,611,3.982549
2694,1970,3.9164748
2694,3941,3.685427
2694,1973,3.3467345
902,1221,5.0191283
902,2013,4.2031727
930,593,3.66182
930,1210,3.3653271
930,1147,3.2524753
930,1089,2.796228
930,3005,2.7305608
930,2912,2.695682
930,1916,2.4597707
930,3518,2.3224313
154,2580,3.556925
154,1127,2.978268
154,2433,2.749989
154,2369,2.3018622
154,2771,2.2304716
4151,3819,4.178626
4151,2959,4.15686
4151,1674,4.1275234
4151,3763,3.6182184
4151,3174,3.5248573
4151,3752,2.8646843
4806,2529,4.1977105
4806,316,4.120062
4806,163,4.0696244
4806,2553,3.9248981
4806,674,3.923863
4806,338,3.7768207
4806,2038,3.7575383
4806,788,3.6706572
4806,499,3.6550484
4806,2531,3.639941
4806,1373,3.575573
4806,2668,3.488461
3456,480,4.5876846
3456,1396,4.3900175
3456,2985,4.3289165
3456,1917,4.3009434
3456,1831,3.9049304
6008,2571,4.2190123
6008,1291,3.9745097
6008,2000,3.7971058
6008,2763,3.5700467
6008,3285,3.080535
3166,50,4.350792
3166,260,4.3266234
3166,2028,4.1104546
3166,1136,4.083163
3166,1208,4.073901
3166,1824,3.007598
4002,2571,4.1873307
4002,1281,3.9941866
4002,3418,3.6487703
4002,21,3.474481
5764,904,4.534691
5764,1256,4.4002056
5764,1307,4.1398234
5764,2763,3.8864079
5764,937,3.8228006
4817,3469,4.96984
4817,260,4.847038
4817,898,4.7902193
4817,3703,4.3361907
4817,2000,4.1655273
4817,2987,4.1582165
4817,377,3.9322941
3254,1136,4.145302
3254,1270,3.8204842
867,1196,4.1808796
867,3504,3.9744263
867,1035,3.725373
4155,3708,3.2584324
4155,980,3.1281867
4155,2986,3.0474901
3255,597,3.981944
3255,3753,3.9555302
3255,39,3.6884544
3255,3259,3.5796273
3255,351,3.5637455
3255,1597,3.1562295
2762,1198,4.4994936
2762,1233,4.307642
2762,1287,4.1459293
2762,1387,4.077652
2762,2944,4.037492
1084,1221,4.1152315
1084,593,4.0508895
1084,2571,4.021331
1084,1089,3.665846
1084,590,3.4814281
1084,3074,3.453868
1084,349,3.0835087
1084,151,2.9753122
1084,3005,2.770802
1084,292,2.501138
1084,886,1.7694342
1084,2719,1.7472631
1084,2027,1.635015
3895,2762,4.111599
3895,356,3.9269633
3895,1721,3.608004
3895,1680,3.533627
3895,3108,3.3929682
3895,222,3.3505359
3895,1441,3.269001
3895,1683,3.2478101
3895,25,3.232745
3895,342,3.2248273
3895,151,3.1743135
1492,745,4.6081905
1492,3114,4.288578
1492,1449,4.269696
1492,1196,4.1152716
1492,1214,4.1144047
1492,2599,4.0923185
1492,176,4.0844345
1492,2108,3.5475392
1492,2321,3.5449972
1492,3267,3.3798113
1492,2155,3.1601074
1492,171,2.9125304
1492,288,2.63637
1492,2404,1.0015842
1289,260,4.5250626
1289,1197,4.3870974
1289,1254,4.329744
1289,1394,4.1047006
1289,356,4.0561934
1289,2366,3.7466936
1289,1587,3.569356
3728,2571,4.5781226
3728,2762,4.480644
3728,2763,4.016033
3728,2700,3.980609
3728,3174,3.7181542
3874,1196,4.5571895
3874,1200,4.4446535
3874,589,4.4273167
3874,3062,4.344964
3874,3702,3.9791012
3874,2528,3.976866
3874,1590,3.107193
3874,1373,3.0934505
2117,1234,4.7710624
2535,1278,4.380351
2535,1172,4.2957215
2535,1617,4.2648263
2535,949,4.1246576
2535,902,4.0566344
2535,1821,3.7534614
3755,910,4.675263
3755,2858,4.5588956
3755,1259,4.41959
3755,2917,4.3358517
3755,3408,4.1908526
3755,2683,3.7542112
3755,3428,3.745814
1046,3035,4.2450056
1046,933,4.220742
1046,901,3.75565
1046,673,2.071239
1708,2770,3.4674177
3177,318,4.8606186
3177,1221,4.6364098
3177,232,4.424607
3177,2150,4.1093807
3177,3882,3.7783787
3177,3825,3.773592
5589,425,4.18894
5589,2321,4.142009
5589,2683,3.8556914
5589,352,3.6892304
3931,899,4.386545
3931,1617,4.1146426
3931,1073,3.8541572
3931,3703,3.7300916
3931,2243,3.715907
3931,440,3.6404147
3931,1965,3.5441723
3931,587,3.5162027
3931,2393,3.466235
3931,2916,3.4092398
3931,3791,3.3435912
3931,2161,3.3071697
3931,353,3.3026848
3931,252,3.2579608
3931,3053,2.958971
3931,1911,2.943174
3931,3752,2.9271612
3931,3774,2.2530413
1269,2858,4.7345233
1269,3114,4.673839
1269,3176,3.9007146
1269,2723,3.244946
3221,296,4.989645
3221,380,4.134306
3221,3082,3.8950253
3221,1552,3.7824082
3221,737,1.8420877
1424,1320,3.5466564
1424,1355,3.5274549
1424,2982,1.6311145
276,2858,4.0768175
2797,1219,3.9782162
2797,608,3.9682653
2797,920,3.4776645
2797,968,2.9243298
2797,2454,2.3154795
2797,3534,2.1818662
2797,3869,2.138964
4874,2692,4.464653
4874,2939,3.805093
1431,3160,3.4700031
1431,2291,3.2018342
1431,2124,2.29782
3368,1214,4.163129
3368,1259,4.0903
3368,1210,4.0308676
3368,2160,3.8852627
3368,3098,3.8385732
3368,1374,3.7944455
3368,161,3.7571888
3368,733,3.5535092
3368,1888,3.1036527
3368,3113,2.798633
3368,1100,2.4261117
534,1961,4.1047096
534,2502,3.6462502
534,1441,3.559291
534,2146,3.3108869
534,342,3.3009298
534,3764,3.0957656
2300,356,4.14157
2300,1674,4.0931935
2300,1947,4.088127
2300,2791,3.96011
2300,3873,3.83771
4842,858,4.7149115
4842,527,4.7071285
4842,2762,4.535506
4842,1210,3.989439
4842,2912,3.9466968
4842,45,3.8041053
4842,2995,1.9161801
3046,3081,3.8036766
3046,2683,3.5650368
3046,2881,3.4738057
3046,2724,3.4403446
2591,1213,4.1152105
2591,1283,4.063366
2591,1242,4.033761
4313,912,4.6478114
4313,1221,4.595207
4313,1197,4.5313873
4313,2858,4.514688
4313,508,4.1022024
4313,1265,4.028746
4313,2278,3.6927364
4313,3404,3.6111872
4313,70,3.0941286
833,2858,4.262766
833,3101,3.8610153
3920,1197,4.678666
3920,3104,4.3482456
3920,968,4.2257524
3920,3461,4.15154
3920,2581,4.0110445
3920,2683,3.934163
3920,785,3.916246
3920,2598,3.714323
3920,1513,3.7138338
3920,1405,3.705505
3920,3354,3.5140877
5669,1269,3.686263
5669,1210,3.4903147
5669,1079,3.0773132
5669,2390,2.9317572
5669,21,2.827297
5669,1380,2.7773895
5669,2407,2.7486987
5669,1747,2.7351966
5669,1883,2.6498718
1997,1923,4.1894617
1997,1517,3.983378
1997,543,3.4507344
1997,231,3.1605172
1997,1047,3.1421092
1997,2628,2.8195703
597,3219,4.2973337
597,2718,4.142966
597,2723,4.0707083
4108,1250,4.648091
4108,954,4.5864697
4108,2403,3.7984705
5525,1,4.488402
3686,1617,4.7307863
3686,1358,4.6737604
3686,2289,4.519933
3686,34,4.340518
3686,3068,4.306774
3686,2353,3.7699676
1971,3163,4.118106
1971,3512,4.017773
1971,3299,2.281532
2790,1214,4.5497756
2790,1952,4.512718
2790,2336,4.4119334
2790,1175,4.377227
2790,1095,4.241338
2790,1584,4.1636524
2790,2968,4.105369
2790,3527,4.0600863
2790,1580,4.0175743
2790,610,3.692974
4963,1214,4.061527
4963,34,4.002411
4963,588,3.907435
4963,1748,3.8281703
4963,3252,3.764262
4963,500,3.7497287
4963,3624,3.7040486
4963,788,3.2133722
4963,1367,3.0294921
4963,418,3.0285978
4963,208,2.7805476
1814,2028,4.575466
1814,1527,4.06498
1814,2009,3.8782034
1814,2628,3.7637649
1814,3697,3.08082
1814,1862,1.6740073
1961,608,4.0301538
1961,2028,3.9513915
1961,1036,3.843374
1961,232,3.7323065
1961,553,3.5463743
1961,2333,3.4801557
1961,2406,3.3802576
1961,2916,3.2564044
1961,1518,3.1693292
1961,1101,2.9401457
5101,3788,2.9713585
5101,3705,2.4697762
5101,2023,2.4311168
5101,1525,2.0606751
5101,3774,1.3584385
3161,246,4.2270308
3161,2396,4.1869497
3161,3098,3.8856194
3161,25,3.6732988
3161,3770,3.3951166
164,356,4.2250104
164,3916,4.1589727
164,2100,3.734449
826,1204,4.273442
826,3893,3.1938415
2118,1204,4.9967785
2118,1294,4.634574
2118,1041,4.6314816
2118,1719,4.507615
2118,1285,4.3795276
2118,1965,4.2312527
2118,1297,4.1918764
153,608,4.9871497
153,3253,4.418104
153,1005,3.8174314
153,1760,3.0982115
4075,3114,4.053479
4075,293,3.9861352
4075,3471,3.8679285
4075,2359,3.7660463
4075,6,3.7308903
4075,3262,2.9952981
5189,924,3.9786577
5189,2020,3.802186
5189,1210,3.699407
5189,3156,1.6252258
4170,953,4.30223
4170,1269,4.1411524
4170,1617,4.0406103
4170,1263,4.0156007
4170,3363,3.879671
4170,1333,3.8491921
4170,2716,3.75675
4170,1517,3.6498718
5701,2762,4.435031
5701,1617,4.332779
5701,1242,4.293043
5701,1200,4.2706823
5701,2797,4.043375
5701,1610,4.0281
5701,1584,3.8634171
5701,2987,3.6407592
5701,2628,3.6248312
5701,198,3.53351
5701,3269,3.4177036
5701,1205,3.4146647
2160,3114,4.5741158
2160,902,4.3091087
542,3450,3.7582169
542,3863,3.679963
4131,1097,4.3120103
4131,1240,4.210374
4131,1997,4.1878653
4131,2654,3.9137108
4131,2015,3.842751
4131,3311,3.8417861
4131,2428,3.562282
4131,2549,3.312871
349,858,4.29926
349,1262,4.234989
349,1213,4.16957
349,593,4.0765734
349,1617,4.0626993
349,1704,4.0031977
349,3147,3.9787621
349,1953,3.9440088
349,2918,3.8935568
349,32,3.745138
349,1393,3.5181434
349,3948,3.5157988
349,2763,3.4529653
349,1407,3.434414
349,333,3.413979
349,1370,3.2134538
349,1597,3.194446
349,3005,3.194224
349,216,2.8866477
349,157,2.6096478
349,2335,2.5946972
349,442,2.3104491
349,3273,2.2930198
183,2858,4.7299237
183,541,4.634615
183,3421,4.4707956
183,3334,4.348651
183,3072,4.2797856
183,3724,4.1668005
183,1608,3.9271553
183,3712,3.7719984
2954,2394,4.0414224
2954,2826,3.9707875
2954,3176,3.9054275
2954,2383,2.244232
432,1643,3.4357395
432,2006,3.4009576
432,1777,3.3287864
432,39,3.2592769
432,3358,3.2319956
432,2724,2.6745627
4689,1197,4.5567937
4689,1243,4.2851954
4689,2959,4.277059
4689,2908,4.2122235
4689,1357,4.1674166
4689,1645,3.884675
4689,3844,3.6963482
3924,1267,4.3668113
3924,2571,4.3197765
3924,3147,4.1439815
3924,111,4.1188045
3924,2819,4.0328846
3924,3210,3.8865438
3924,1994,3.7356308
3924,3755,3.2455091
3924,2505,2.7290955
3814,2028,4.1210847
3814,1230,4.02845
3814,2002,2.760048
160,1097,3.7618237
160,3598,3.5350308
1361,2762,4.5294824
1361,3468,4.486697
1361,1147,4.4613876
1361,2858,4.4344583
1361,1207,4.409723
1361,1283,4.368253
1361,232,4.337563
1361,3097,4.1811028
1361,58,4.1561174
1361,2716,4.0969176
1361,247,4.0946426
1361,1271,4.048609
1361,3104,4.004866
1361,377,3.7464635
1506,858,4.502326
1506,2324,4.2566304
1506,899,4.2565002
1506,919,4.215265
1506,1287,4.058887
1506,364,3.773912
1506,1374,3.7292511
1506,2069,3.6931667
1506,2355,3.6519039
1506,963,3.4155607
1506,2394,3.3980646
1506,2628,3.1945734
1506,1608,3.1594472
600,1997,4.084344
600,3101,3.7356496
600,2433,3.4271755
640,608,4.6309643
640,1294,4.4688606
640,3006,4.298026
640,2672,2.760721
5320,595,3.0309875
5320,48,2.000277
324,904,3.9905434
324,914,3.8138447
324,1610,3.7069063
324,3256,3.4932508
324,2080,3.3231153
324,587,3.2598295
324,2078,3.2360318
324,1722,3.1317286
324,3555,3.0747528
324,2096,2.9876108
2152,1258,4.141162
2152,3555,3.4775662
2152,3316,2.1996293
286,3421,4.0092406
286,628,3.704323
811,1207,4.435643
811,1213,4.3968477
811,2324,4.3175206
811,2571,4.302956
811,1254,4.2927237
811,910,4.2560134
5382,1291,4.676814
5382,3793,4.2976165
5382,2003,3.817029
5382,3082,3.7781923
5382,3113,2.7945251
4871,3175,3.9941905
4871,3717,3.4883196
4871,3617,3.3263135
2943,1198,4.865792
2943,1262,4.740007
2943,1214,4.6467977
2943,924,4.5928707
2943,1394,4.5760303
2943,1222,4.527788
2943,29,4.463318
2943,2924,4.460973
2943,2529,4.4235764
2943,3702,4.359207
2943,1921,4.3294888
2943,3527,4.1409073
2943,3703,3.9978225
2943,2527,3.820776
2943,413,2.5791216
3187,1204,4.7141795
3187,1234,4.5537386
3187,2181,3.848967
201,1704,4.404088
201,265,4.198142
201,1968,4.0786567
201,3948,4.0702963
201,2424,4.0034456
201,3078,3.9623108
201,2432,3.6181626
201,830,3.5364208
5416,2858,4.8796988
5416,3712,4.0541983
5416,3698,3.9891298
5830,260,4.689603
5830,902,4.203491
5830,3608,3.8554564
5830,3621,3.2928019
2356,1207,4.2036495
2356,1193,4.1271124
2356,1262,4.0675817
2356,3499,3.3964827
2356,2529,3.2143843
675,2757,3.8262239
675,2628,2.9180834
662,1,4.0357757
662,2791,4.0262027
662,1270,3.9627779
662,1073,3.7869146
662,2018,3.7762663
662,2087,3.7298012
662,1370,3.6181808
662,552,3.420783
662,367,3.3954842
662,3264,3.3338895
662,366,3.0961645
662,888,2.1613142
3348,1235,4.177259
3348,28,4.140092
3952,3251,3.7953725
3952,3155,3.769219
3952,2043,3.6468754
1541,296,4.463733
1541,3421,4.2185264
5023,1250,4.4342756
5023,2997,4.2386913
5023,2966,4.0780764
5023,2908,4.0470266
5023,2971,3.8393817
5023,1321,3.8016162
5023,2423,3.7594848
5023,3163,3.7018378
5023,1951,3.6577744
5023,3724,3.6176186
5023,3183,3.517201
5023,2407,3.3946707
5023,2657,3.3418422
5023,3775,3.043415
5023,3740,2.9961576
5023,1917,2.8466613
5023,3005,2.796839
5023,2532,2.72487
1142,1270,4.146042
1142,3949,4.1246605
1142,1246,4.110056
1142,47,4.086796
1142,337,3.9091418
1142,1625,3.8602486
1142,11,3.8377576
1142,531,3.7583408
1142,2671,3.7245672
1142,597,3.6619573
1142,805,3.6270485
1142,539,3.5331855
1142,500,3.5168166
1142,3753,3.469499
1142,216,3.374791
1142,3755,3.365047
1142,2023,3.2406259
1142,3005,3.1097245
1142,237,2.9860644
1142,3534,2.9266095
1142,432,2.440681
1142,2126,2.358312
2551,1221,4.3563523
2551,1127,3.576905
2551,2161,3.433678
2551,2709,3.113225
1393,527,4.7359104
1393,3198,4.4089594
1393,1291,4.245537
1393,1625,4.194214
1393,3105,4.1295757
1393,2599,4.1126013
1393,1784,4.095557
1393,2395,3.9854789
1393,1407,3.947383
1393,2883,3.8289425
4848,527,4.744729
4848,457,4.400736
4848,1101,4.06896
4848,1127,3.930746
4848,968,3.6538148
5209,318,4.3522105
5209,1247,4.228989
5209,3147,4.182266
5209,3359,4.0438395
5209,1610,4.0171003
5209,1682,3.8598855
5209,6,3.647585
5209,2289,3.625711
5209,3109,3.5426326
5209,3484,3.461231
5209,3717,3.4463692
5209,835,3.4069972
3495,2706,3.0626307
3495,2572,2.492549
3495,3785,2.291716
4757,1221,4.739332
4757,919,4.5687833
4757,47,4.5273905
4757,111,4.487605
4757,1249,4.4855814
4757,2959,4.369367
4757,3855,4.0426903
4757,233,3.962655
4757,2424,3.9074264
4757,3082,3.8669937
4757,2881,3.7184954
4757,2976,3.6775742
4757,2712,3.6266317
4757,2998,3.563941
4757,3824,2.531692
41,671,3.747005
4357,356,4.36219
4357,594,4.2284403
4357,3108,4.017951
4357,1566,3.8055356
5801,2858,4.535116
5801,1956,4.4163504
5801,356,4.3319874
5801,2268,4.268141
5801,223,4.1986847
5801,1748,4.1017075
5801,1374,4.0569706
5801,1396,4.001499
5801,968,3.968477
5801,3081,3.8432314
5801,2013,3.7888832
5801,2759,3.7497053
5801,3016,3.5055306
5801,748,3.4744897
5801,788,3.4468508
5801,2450,2.0618355
5801,1882,1.7907828
1386,2804,4.3432555
1386,1288,4.2225466
1386,3751,3.963275
1386,2355,3.660696
1386,2681,3.203915
1386,3707,2.782587
1386,203,2.5177722
1386,444,1.424148
5660,1240,4.312254
5660,1127,3.979912
5660,2058,3.665224
5660,3070,3.636206
5660,3082,3.576919
3148,2858,4.0405583
3148,2791,3.8703718
3148,1968,3.7361994
3148,223,3.721848
3148,2289,3.6094527
3148,1215,3.580802
3148,1594,3.3552532
1513,904,4.5866966
1513,912,4.5385885
1513,1178,4.455059
1513,2203,4.3897133
1513,608,4.356869
1513,928,4.3370485
1513,1247,4.3209057
1513,950,4.2658415
1513,945,4.226627
1513,1997,4.1176376
1513,3671,4.0682583
1513,900,3.9088306
1513,2406,3.7987976
1513,86,3.3618455
1513,3445,3.3539605
1513,2645,3.323979
4358,968,3.951497
4358,3590,3.657927
1789,3897,4.639685
1789,2997,4.578817
1789,3578,4.480136
1789,348,4.129413
1789,3513,3.75208
1789,2718,3.5477626
4657,527,4.4520807
4657,3836,3.8130538
4657,3753,3.4304333
5565,1252,4.61711
5565,1260,4.504943
5565,1240,4.2687664
5565,1923,4.206116
5565,232,4.1826143
5565,1527,4.1302342
5565,2872,4.1245465
5565,441,4.0495033
5565,1777,4.0122213
5565,2174,3.9500577
5565,357,3.9198868
5565,2173,3.8615384
5565,3477,3.814251
5565,224,3.794125
5565,1747,3.7078867
5565,45,3.6441727
5565,2770,3.6181977
5565,2093,3.5445433
5984,1214,4.7570715
5984,480,4.316416
5544,1240,4.39312
5544,213,4.3291636
5544,2502,4.1212063
5544,1127,3.9373217
5544,1093,3.6291595
5544,2688,2.674325
5544,2701,1.3055583
1695,2028,4.6446376
1695,1253,4.539867
1695,1214,4.394596
1695,1222,4.385834
1695,3471,4.2604256
1695,223,4.1829834
1695,3267,4.144133
1695,2662,4.118839
1695,21,4.0428185
1695,2353,3.9170613
1695,2687,3.6615875
1695,2985,3.5852714
1695,1129,3.491699
1695,2012,3.109408
1695,435,2.5131772
1695,1373,2.2076187
1695,1590,2.0421135
1517,535,3.5913846
1517,1635,3.5011516
1517,562,3.4438624
1517,176,3.3598342
1517,1392,3.3441029
1517,482,2.977545
1517,3863,2.7021832
155,593,4.013669
155,3629,3.95347
155,3415,3.4315114
155,2252,2.942649
155,552,2.7630746
155,3263,2.7550807
155,1457,2.5980523
155,4,2.5659099
155,410,2.4211366
155,2717,2.3009968
155,3248,1.5366623
3623,1179,3.528836
3623,1347,3.1267967
7,1610,4.3755417
7,2353,4.1927786
7,3418,4.1502795
2387,527,4.2997665
2387,3386,3.657757
2387,3267,3.5248528
4301,527,4.7176948
4301,2028,4.4906034
4301,2890,3.9074965
4301,3753,3.678907
4301,2990,3.510284
4301,92,2.8772595
1978,3148,3.9305518
1978,480,3.908862
1978,1797,3.7916636
1978,1356,3.6797402
1978,2273,3.6223195
1978,1073,3.511111
1978,1876,3.4851868
1978,2605,3.4054008
1978,1020,3.3964782
1978,3827,3.2811353
1978,2531,3.099352
1978,2354,2.804174
1978,2306,2.7079878
895,2355,4.142918
895,2987,4.0633783
895,2490,3.7997823
895,2013,3.7958088
1226,3910,3.7396612
1226,3950,3.2960677
1226,3893,3.2316408
1226,3568,2.968677
1226,3863,2.8130946
851,1584,3.8393395
851,1073,3.778619
851,2722,3.4393218
851,3660,3.3541443
851,2093,3.306684
851,2701,2.9607143
851,1126,2.7348876
3384,1230,4.121312
3384,3671,4.0651793
3384,1784,4.0396037
3384,1220,3.9454365
3384,3516,3.834844
3384,1517,3.7916713
3384,3250,3.4663534
3384,3649,3.3247395
3384,2124,3.2934494
3384,2362,2.9377627
3384,3130,1.8149257
2988,2997,3.7700102
2988,1097,3.7436068
2988,3578,3.610981
2988,2724,2.8685508
2988,2734,2.6310341
5713,1617,3.8033047
5713,232,3.6686764
5713,1923,3.6546516
5713,1711,3.130426
5713,5,2.4112797
2800,647,3.4399283
2800,3285,3.1408248
2800,2082,3.1395636
2800,3453,3.0463266
1931,2288,3.9832644
1931,2140,3.960998
1931,2161,3.7155051
1931,1645,3.5784197
1931,3917,3.0688882
5618,2858,4.4802837
5618,1625,4.0827045
5618,1641,4.0233
5618,357,3.9827094
5618,1608,3.8556125
5903,1196,4.7651997
5903,110,4.6555796
5903,457,4.619951
5903,1912,4.3644137
5903,2353,3.9932902
5903,2916,3.8214386
5903,3555,3.7887049
5903,163,3.5422902
5903,466,2.3844604
5903,2007,2.3638675
5559,36,4.130233
5559,3418,3.8721056
5559,3386,3.8523855
3290,2318,3.627482
3290,2580,3.518706
3290,2716,3.4681532
3290,3836,3.451548
3290,3476,3.3129058
3290,2302,3.3127518
3290,3179,3.2497718
3290,3298,3.0074496
3290,1173,2.9524684
3290,3771,2.6596029
3290,3863,2.6301923
3290,3761,2.2731733
3290,3452,2.1850338
3290,3752,2.1146083
3290,2881,2.1001196
3290,2530,2.0639195
3290,2888,1.9095368
3290,3841,1.7537658
3290,3004,1.7384487
3290,3273,1.6889564
3290,3316,1.6388113
3290,2827,1.5895181
3290,3299,1.2849544
3290,3564,1.1395385
1526,1207,4.685215
1526,1925,4.0919333
1526,900,4.0717974
3019,1269,4.4955254
3019,1249,4.3427444
3019,1580,3.8706949
3019,2657,3.5505831
3019,1494,0.9977864
1734,3468,4.45011
1734,1394,4.2890186
1734,1263,4.2871284
1734,3811,4.2487745
1734,3152,4.1680164
1734,3160,4.116972
1734,3111,3.8402808
3156,2571,4.164848
3156,1408,3.6002474
3156,610,3.4701557
3156,3444,3.3457315
3156,2540,3.2745786
3156,1597,3.2540822
3156,288,2.9735584
3156,2278,2.9376369
2375,2791,4.1622677
2375,589,4.138337
2375,2291,3.7316842
4296,3763,3.9250107
4296,3812,3.8587813
4296,2598,3.4005265
4296,3051,3.3808386
4296,24,3.195858
4296,2719,2.243385
485,2858,4.5511494
485,2791,4.318779
485,1210,4.2982426
485,1948,4.140496
485,3408,4.1035776
1885,2791,4.325511
1885,2291,3.9246373
1885,2792,2.9997282
1885,1544,2.8014796
5318,1198,4.368967
5318,2324,4.3178678
5318,2571,4.2908773
5318,2692,4.0755653
5318,1210,3.9282665
5318,1261,3.7887206
5318,10,3.623802
5318,377,3.4502325
5318,3698,3.3873742
5318,288,3.2027707
358,919,4.2624474
358,1197,4.24866
358,1267,4.21537
358,2947,4.048325
358,590,3.9424987
358,3188,3.7900271
358,1050,3.6992073
358,1617,3.6611328
358,549,3.5507846
115,2858,4.585648
115,480,4.347552
115,1407,4.1086235
115,3745,3.9684687
115,3354,3.194034
1642,1136,3.9954596
1642,3545,3.5760658
1642,1953,3.549239
1642,2971,3.3091743
3581,260,4.167749
3581,480,3.6366343
3581,2916,3.4411275
3581,1356,3.2542415
3581,1120,2.7375112
4668,1200,4.5633907
4668,3471,4.417862
4668,2288,4.1349626
38,1704,4.1870794
38,17,4.0403414
38,1721,3.9886603
38,539,3.9473014
38,902,3.9447422
38,543,3.5891623
38,1479,3.392955
38,1593,3.0441546
46,529,4.914793
46,1982,4.7864695
46,1970,4.4105387
46,2628,4.4051914
46,1984,4.0889845
46,1981,3.857847
2044,1394,4.1415777
2044,1079,3.9694393
2044,1614,2.9663434
548,858,4.2398496
548,480,3.2597976
548,3018,3.2206936
548,3948,3.1666381
548,2455,2.9754682
548,3301,2.8116784
548,443,2.7698038
548,3755,2.5441153
548,2792,2.498889
548,1690,2.4476337
548,3708,2.4275806
548,2668,2.0653384
548,1644,1.8829734
548,2719,1.6246506
1229,50,4.7517447
1229,1233,4.599592
1229,454,3.3629787
1229,3844,2.7703679
4082,1278,4.39159
4082,919,4.3873515
4082,3095,4.306252
4082,3147,4.1540804
4082,1079,4.1242685
4082,2725,3.9374268
4082,3751,3.9115095
4082,265,3.8768141
4082,333,3.8230333
4082,1735,3.667725
4082,2581,3.409125
1715,3566,3.4821467
1715,3898,2.5427833
1715,3646,2.0180182
2354,1200,4.1592107
2354,1270,3.9413652
2354,2011,3.3135777
2354,788,2.989596
942,111,4.4566193
942,25,3.9116585
942,647,3.6051533
5648,858,4.432229
5648,1198,4.330204
5648,47,4.1138597
5648,2336,3.9049673
5648,32,3.85441
5648,2716,3.8187394
5648,3168,3.74973
5648,1061,3.71801
5648,2822,3.3944569
5648,2616,3.1897283
5648,762,2.7521658
5834,3022,4.1818724
5834,1247,4.101593
6013,318,5.046525
6013,527,4.8645887
6013,3416,4.5276027
6013,213,4.3687
6013,2596,4.173566
6013,587,4.003954
6013,3115,3.580459
6013,3623,3.3134215
6013,2402,3.307292
6013,3005,3.1727057
1259,3555,4.052722
1259,891,2.4860206
611,2762,4.429324
611,589,4.147615
611,1097,4.067618
611,356,3.9836552
611,2355,3.9396029
611,1673,3.8495235
611,648,3.8355427
611,509,3.7990131
611,1660,3.726503
611,3081,3.7216704
2754,1272,4.2184267
2754,1210,4.008744
2754,1968,3.7948413
2754,3039,3.7893329
2754,39,3.5097125
2754,2003,3.3366528
2754,3108,3.2401547
4924,318,4.4634476
4924,527,4.4620876
4924,1196,4.205192
4924,111,4.057164
4538,1955,2.635956
4538,3649,1.8178941
841,2391,3.6619158
841,3555,3.4070697
841,3901,2.4216633
5731,3418,4.189591
5731,3256,4.0778127
5731,592,3.9765608
5731,2991,3.9649458
1528,2580,4.20762
1528,785,3.9096813
1528,2770,3.7234752
3321,1197,4.467628
3321,1196,4.432144
3321,1228,4.4261837
3321,2313,4.227267
3321,1097,4.145105
3321,3347,4.1162844
3321,1220,4.1057262
3321,3498,4.102311
3321,3200,3.9712625
3321,2730,3.9555326
3321,3074,3.9317908
3321,1375,3.559482
381,924,4.5200205
381,1214,4.47402
381,1270,4.3011284
381,3895,2.798825
5593,1961,4.6747723
5593,589,4.630826
5593,1200,4.562403
5593,1446,4.5596714
5593,2664,4.469062
5593,2763,4.3214636
5593,2406,4.314434
5593,3175,4.300262
5593,986,4.244625
5593,1909,4.215557
5593,3300,4.129574
4985,1200,4.293876
4985,1748,4.02137
4985,2628,3.82688
4985,494,3.8083382
4985,648,3.764109
4985,1129,3.7587519
4985,2991,3.7484722
4985,2334,3.6356459
4985,2322,3.5064976
4985,3782,3.3555646
4985,1779,3.3413055
4985,1862,3.1825347
4985,3593,2.713944
822,28,4.10398
822,1537,4.06427
822,356,4.0177717
822,1307,3.9904015
822,2599,3.970638
822,2997,3.929734
822,3536,3.8711193
822,1028,3.865965
822,1584,3.7367122
822,1620,3.6746445
822,1018,3.6597667
822,2136,3.5653975
822,783,3.524253
822,2369,3.3810234
822,2093,3.304319
3395,2396,4.5244293
3395,3148,4.2388325
3395,3129,4.1786366
3395,3175,4.136093
3395,2688,2.917848
3395,2806,2.2931843
5278,2804,4.3157434
5278,924,4.144546
5278,1625,4.1345882
5278,1270,4.079481
5278,1732,3.9356713
5278,1094,3.8282828
5278,1584,3.8164217
5278,329,3.5475428
5278,1372,3.5439076
5278,3704,3.430363
5278,3806,3.1493936
5278,379,2.7865226
5278,405,1.5704572
5278,3054,1.1547287
4853,1196,4.46554
4853,2858,4.463221
4853,1294,4.366214
4853,1240,4.2753353
4853,3421,4.2624
1771,1617,4.731215
1973,589,4.0208273
1973,3932,3.8522348
1973,2948,3.8453918
4623,2690,4.195051
4623,86,3.7804127
3398,1704,4.052285
3398,531,3.3971004
3556,2858,4.3200884
3556,457,4.1412096
3556,2997,4.1197486
3556,6,3.8177588
3556,3793,3.7983966
3556,349,3.676366
3556,454,3.6353896
3556,2640,3.5785573
3556,1722,3.4659712
3556,1573,3.4582005
3556,653,3.4076064
1946,1198,4.683056
1946,1617,4.5561543
1946,919,4.468692
1946,3067,4.1970105
1946,3578,4.149601
1946,2108,3.9869008
1946,2699,2.98395
1946,996,2.2320397
3846,1244,4.4542446
3846,1079,4.407289
3846,2791,4.365472
3846,2750,4.163229
3846,1285,4.154005
3846,3174,3.8135734
3846,2290,3.4218965
1205,2686,4.119019
1205,1784,4.0995216
1205,1183,3.9311047
1205,3179,3.6720965
1205,3259,3.4773483
5219,2571,4.8025904
5219,2997,4.5241385
5219,2908,4.349832
5219,3175,4.2423677
5219,3576,4.090063
5219,2628,3.8698726
5219,748,3.7794688
5219,3257,3.3424466
5219,1438,2.8731272
5219,1590,2.762797
5456,1256,4.057008
5456,1,3.8778143
5456,1073,3.6582017
4412,356,3.7239552
4412,1682,3.711535
4412,1265,3.690039
4412,1552,3.4275837
4412,2707,3.4203136
4412,3450,3.3468642
4412,2539,3.2767353
4412,95,3.2172992
4412,1589,3.1479821
2879,2324,4.1800513
2879,1247,4.038188
1006,1206,4.077235
1006,1923,3.9199076
1006,1608,3.4149976
1006,1917,2.8754518
1006,1644,2.1942494
1324,1207,4.534254
1324,2858,4.432709
1324,1080,4.1954556
1324,1240,4.1424875
1324,2871,4.0534925
1324,968,3.9075232
1324,2700,3.849481
1324,3005,3.7740602
1324,2853,3.3142238
1324,2713,2.4828734
1282,2324,4.5539846
1282,1259,4.243469
1282,2064,4.100057
1282,1968,4.0677257
663,1198,4.494968
663,110,4.304017
663,163,3.7755923
663,1573,3.6506474
663,2717,3.5056865
663,204,3.5002167
663,1690,3.4938402
663,1971,3.0305476
4941,162,3.8383203
4941,3186,3.3237138
4941,3176,2.812823
4941,2979,1.9586791
1277,3499,4.192459
1277,1345,3.8707004
1277,3081,3.764525
1277,1991,3.4078147
1277,330,3.3883262
1277,2995,3.0098994
2228,2692,4.6804414
2228,1097,4.482893
2228,748,3.5276453
2228,3082,3.4522614
1090,3307,3.9361892
1090,2324,3.8178506
1090,924,3.4506273
1090,3386,3.076835
1090,434,2.685882
1090,1673,2.663903
1090,2605,2.4749854
3702,2997,4.1285815
3702,1270,3.9990318
3702,902,3.9697099
3702,2891,3.4160075
3702,3702,3.2811067
3702,1376,3.254736
4319,1208,4.485055
4319,2329,4.3992386
4319,1917,3.8091617
4319,3285,3.4377642
4319,420,2.8386424
4565,50,4.482829
4565,2762,4.2708755
4565,1249,4.012172
2735,3510,3.7016358
2735,3005,3.2348542
2735,785,3.0115676
2735,2683,2.9303389
4244,1196,4.2844315
3304,1208,4.6725864
3304,1234,4.576098
3304,2858,4.49337
3304,3504,4.3276386
3304,1610,4.3097787
3304,1936,4.0671396
3304,551,3.937532
3304,3081,3.776832
3304,253,3.7726943
3304,242,3.6678596
2249,908,4.6884713
2249,3753,4.201787
2249,2141,3.8908703
2249,1690,3.5606203
2249,413,3.5374095
2249,1440,3.4051263
915,356,3.9123921
915,1608,3.187121
915,648,3.0910485
915,2291,3.0200124
915,1597,2.6934302
915,3,2.2609181
915,3923,1.7836448
5712,1221,4.1844525
5712,2028,4.017295
5712,2951,3.7960825
5712,2948,3.7862594
5712,480,3.6779304
5712,1408,3.6495004
5712,357,3.585229
5712,353,3.5255065
488,1019,3.6224318
488,3948,3.5290046
488,2005,3.3610892
488,1503,2.113141
5431,446,4.2404027
5431,1177,4.078198
5431,586,3.6048746
4326,899,4.321152
4326,608,4.229513
4326,2357,4.1898165
4326,2959,4.1697216
4326,2908,3.930954
4326,337,3.8961124
4326,2333,3.8347921
4326,1885,3.791418
4326,3108,3.6374295
4326,2434,3.5555692
4326,299,3.3799822
4326,11,3.35139
4326,3255,3.3406765
4326,1904,3.2875664
4326,2168,2.5010943
4326,2190,1.8510997
4719,349,4.2753057
4719,1356,4.248212
4719,2006,4.2164025
4719,1566,3.882194
4719,673,3.6498718
1782,2070,4.045043
1782,3543,3.9660056
1782,2580,3.9486759
1782,2502,3.8700323
1782,3930,3.4601598
3747,2396,4.5397205
3747,2336,4.401592
3747,595,4.3789496
3747,3788,4.2330275
3747,509,4.2104926
3747,999,3.9714806
3747,3113,3.623909
2569,3545,3.848462
2569,2948,3.7942576
2569,3606,3.7292724
2569,144,3.4105563
2569,524,3.3338757
2569,2023,3.118267
2948,1147,4.8715353
2948,162,4.568692
2948,1965,4.246959
2948,1824,3.987205
2948,3326,3.5972838
5601,678,3.8115807
5601,608,3.789342
5601,1358,3.722731
5601,556,3.6492524
5601,1827,3.5622785
5601,1674,3.435241
5601,1289,3.394473
5601,1050,3.3805556
277,3175,3.6239972
277,3248,1.65893
837,1188,3.387272
837,2300,3.3451414
837,2944,3.312644
837,1248,3.1779943
837,3366,3.1756544
1548,2716,4.0718317
1548,3510,3.7549958
1548,2013,3.663264
1548,3914,3.6110327
1548,2605,2.8251865
527,2804,4.0798817
527,2318,3.7892528
527,1270,3.7706928
527,2706,3.4443293
4929,858,4.7627854
4929,922,4.6919794
4929,949,4.223568
4929,2652,2.485106
3605,1240,4.4512434
3605,1214,4.413766
3605,1617,4.3304763
3605,2716,4.2209873
3605,2490,3.754537
3605,2605,3.5288813
3605,3285,3.053476
3605,3113,2.7398129
4119,3629,4.266657
4119,3634,4.202939
4119,2757,3.815432
4119,3627,3.5663886
4119,3812,3.5221987
4119,736,3.2962384
4119,3614,3.1712866
4119,2408,1.9790539
1823,1197,4.4381237
1823,539,4.0374484
1823,2291,3.6642177
465,2858,4.0538015
465,919,3.9669974
465,2788,3.890995
465,2997,3.8790212
1769,2997,4.030027
1769,2959,4.0291424
1769,2599,3.8881693
1769,2734,3.0581813
1769,2706,2.7898543
1769,2718,2.6512165
1769,2713,1.4964023
1769,2701,1.215667
256,858,4.91189
256,1198,4.7978783
256,1304,4.605118
256,3578,4.172697
256,164,4.0858374
256,592,3.7414305
256,42,3.2680073
4986,2762,4.692191
4986,3578,4.5876718
4986,3623,3.8610258
4986,3571,3.8143516
888,110,4.1688423
888,1270,4.01147
888,480,3.9162953
888,733,3.8759015
888,3555,3.638814
888,1688,3.4600077
888,3821,2.60077
6,912,4.563376
6,296,4.2938538
6,2081,4.0915184
6,364,4.042996
6,199,3.986289
6,2082,3.568544
4109,924,3.9345148
4109,3793,3.5483642
4109,1306,3.4784353
4109,2968,3.2946873
1711,2112,3.4041944
1711,2395,3.400906
1711,1447,3.1569989
1673,1097,4.96039
1673,1210,4.956831
1673,2968,4.671803
1673,2683,4.3441257
1673,788,4.0554867
1673,2643,3.355916
1673,3799,3.0000005
4966,1201,4.140338
4966,1222,4.008111
4966,2662,3.7898629
4851,3578,4.2359066
4851,2706,3.9607983
4851,2541,3.4964461
4851,3409,3.4352713
4851,3534,3.3885546
4851,2805,3.3094378
1535,1294,4.4359508
1535,1080,4.380707
1535,3060,4.1351805
1535,1078,4.110907
1535,3200,4.104269
1535,525,3.6234794
2594,260,4.1026354
2594,2948,3.5688505
2594,3827,2.9628153
2594,3946,2.290209
2594,2568,2.0349202
2506,1258,4.0470295
2506,903,4.0365953
2506,1394,3.9697313
2506,1247,3.955926
2506,1231,3.8599076
2506,1277,3.8072357
2506,3148,3.792876
2506,2125,3.6050382
2506,25,3.5955193
2506,2757,3.5609565
2506,3072,3.5525997
2506,2406,3.4584093
2506,471,3.368639
2506,3753,3.356408
2506,1627,3.1295204
2506,496,3.0802279
2506,1409,2.9535985
2506,1888,2.8038132
2506,182,2.712405
2506,195,2.5491307
2506,447,2.059345
2506,2292,1.8081709
2506,179,1.6381736
2710,908,4.2578807
2710,3624,3.5158691
2710,3893,3.0230956
2586,1224,4.462889
2586,1225,4.355068
2586,924,4.2738495
2586,1394,4.2190647
2586,3006,4.124343
2586,3679,4.0975904
2586,3361,3.9503686
2586,3100,3.8386335
5104,1196,4.571004
5104,2959,4.4149065
5104,2908,4.2859354
4794,3114,4.7059975
4794,457,4.6747303
4794,3362,4.446636
4794,2795,4.411622
4794,3505,4.3682404
4794,2716,4.3289633
4794,2763,4.2897425
2397,3147,4.161131
1436,2762,4.799272
1436,800,4.5166655
1436,2396,4.4471393
1436,2443,4.0820312
1436,3798,3.6455426
1436,2724,3.5740328
1830,457,4.6039333
1830,1220,4.2515783
1830,2990,3.9094434
1830,1591,3.2206774
350,2858,4.350175
350,3114,4.317582
350,1265,4.036737
350,3175,3.8842442
350,2916,3.7813373
350,3928,3.7064438
1462,3,2.5228446
2189,2959,4.182268
2189,3081,3.7034454
2189,2701,2.2711713
5951,953,4.3572044
5951,293,4.1217365
5951,356,3.9783854
5951,1188,3.9150677
6009,2571,4.178924
6009,1357,3.594966
6009,733,3.478464
2066,110,4.5370846
2066,34,4.3464694
2066,3246,4.244248
2066,1356,4.09138
2066,1894,3.544828
4464,593,3.9803529
4464,1086,3.7995434
4464,3834,2.4867687
3295,110,4.4294577
3295,356,4.308687
3295,3408,4.069587
3295,2580,4.058504
3295,2798,3.1535466
3295,2907,3.1178665
5714,3317,4.2999253
5714,3537,3.8011146
5714,3301,3.655829
5714,3593,1.8679984
4118,899,4.7076316
4118,2762,4.6796417
4118,1219,4.6303487
4118,1260,4.5874214
4118,608,4.5262675
4118,1235,4.493314
4118,1206,4.3937607
4118,110,4.37961
4118,2797,4.3731155
4118,588,4.0743537
4118,2355,4.0608783
4118,2302,4.0516205
4118,3578,4.0080366
4118,2144,3.9149246
4118,3159,3.8217463
4118,2012,3.29384
4118,3623,2.7296104
5839,953,4.7005596
5839,1265,4.283005
5839,3461,4.1254473
5839,70,3.6958735
2861,3793,3.5966895
2861,2395,3.4291117
2861,1375,3.2520022
5350,1204,4.1550965
5350,3006,3.6507213
5350,1240,3.6345212
5350,457,3.503847
5350,3168,3.4519832
5350,3175,3.263781
5350,590,3.2407362
5350,2987,3.1188905
5350,3702,3.0000076
5350,3256,2.76766
5350,2005,2.6340344
5350,3527,2.5986016
5350,2989,2.447661
5350,1627,2.4051397
5350,367,2.3453512
5350,1876,2.2464535
5350,1385,2.24058
5350,3477,1.9102919
5350,1833,1.8814394
5350,3113,1.4863827
4432,1247,4.409516
4432,1394,4.1945863
4432,446,4.192464
4432,915,4.080448
4432,2973,3.966578
4432,342,3.8577175
3397,923,4.532762
3397,1517,3.9173732
3659,1213,4.9334116
3659,34,4.458326
3659,454,4.3145304
3659,1922,4.1877136
3659,482,4.115318
3659,3484,3.7774394
3659,3755,3.7773347
3659,3453,3.643202
49,527,4.500338
49,1148,4.425564
49,2028,4.2338734
49,2947,3.9491735
49,1210,3.897087
49,2908,3.837668
49,3751,3.7928455
49,1527,3.7560115
49,2700,3.6829522
49,2763,3.6766505
49,3438,2.1709085
2460,1226,4.229395
2460,2716,3.9984047
2460,2013,3.6984475
2460,2433,3.621875
4453,529,3.4679356
4453,1028,3.457798
4453,2949,3.2956767
4453,32,3.2679443
4453,1356,3.2475395
5891,3114,4.417796
5891,2706,4.2494717
5891,2861,4.0687113
5891,2672,3.8652406
5891,3300,3.8470447
5891,24,3.8262448
5891,3157,3.6273832
5891,1513,3.511516
5891,2856,3.5062137
374,3681,4.2351837
374,1127,4.0621057
374,1805,4.003564
3948,2000,3.571896
3948,2935,3.5588298
3948,1244,3.5265267
3948,3362,3.4789946
3948,916,3.43884
3948,2779,3.4115624
3948,927,3.302525
2365,2194,4.1362076
2365,2247,3.582643
1785,110,4.499993
1785,3408,4.087817
1785,1034,4.0560436
1785,3566,3.6833653
1785,3409,2.6464393
1785,23,2.2516549
1785,782,1.9218135
2755,3094,4.4843063
2755,700,4.177054
2755,2772,3.7228107
3338,3147,4.118096
3338,3421,3.9319897
3338,1517,3.7891924
3338,3175,3.7739801
3338,3555,3.5435984
3424,593,4.7015715
3424,2762,4.699898
3424,1784,4.341662
3424,1641,4.265916
3424,500,4.1934443
3424,1722,4.1523256
2363,1214,4.9032626
2363,2520,4.0861287
2363,1544,3.9774442
1620,1084,4.404819
1620,3178,3.868153
4838,1213,4.2376976
4838,1377,3.3313797
4838,673,3.244587
109,1193,4.449469
109,933,4.3898125
109,539,4.2029605
109,932,4.1981616
109,2080,4.059211
109,924,3.9241328
109,2470,3.8939536
109,2054,3.5143604
4557,994,4.006739
4557,293,3.9174342
4557,162,3.8429303
4557,2677,3.8409472
4557,3147,3.7288547
4557,2391,3.660208
4557,553,3.513103
4557,3360,3.4809036
4557,1897,3.4596229
4557,3476,3.4196072
4557,3052,3.405593
4557,2708,3.3602564
4557,68,3.0178907
4364,1348,3.9841003
4364,10,3.6785266
4364,1376,3.5981534
4364,2455,3.5805213
4364,367,3.503099
4364,2617,3.4285977
4364,107,3.400059
4364,653,3.2991617
4364,1566,3.2269673
4364,1544,3.0649235
4364,44,2.719388
4364,1756,2.669684
4364,810,2.06042
4678,2394,3.722571
4678,2013,3.649247
4678,2770,3.5653787
1339,1197,3.9263418
1339,1617,3.8535275
1339,1220,3.4195445
1339,1079,3.3829486
1339,3267,3.3133225
1339,3175,3.201939
1339,3552,3.107745
1339,2000,3.0949821
1339,3255,2.8627064
1339,648,2.8295221
1339,352,2.743749
1339,465,2.6767972
1339,165,2.6275973
1339,3809,2.550547
1339,1917,2.4944575
1339,736,2.189621
1339,2530,1.7915447
1339,3689,1.2852539
243,1172,4.088827
243,3481,3.8646007
243,920,3.786377
243,2542,3.6837764
243,1285,3.6120787
1876,1196,4.3689485
1876,2976,3.0392196
1876,2718,3.0203905
1876,2699,2.6936202
4856,908,4.1926837
4856,3429,4.0701733
4856,1284,4.017697
4856,1196,3.9672976
4856,3338,3.8116632
4856,3152,3.688996
4856,3783,3.544713
4856,1169,3.4103942
3204,898,4.6302104
3204,1784,4.3586016
3204,2791,4.2992578
3204,2296,2.653659
4967,2571,4.639465
4967,3000,4.393297
4967,590,4.252655
4967,36,4.189079
4967,3702,3.963537
794,1197,4.305253
794,3317,3.9734244
794,3361,3.8054383
794,3448,3.7890468
794,3868,3.7532146
794,2915,3.6574473
5856,1291,3.9756331
5856,3386,3.6209524
5856,1569,3.4446144
5856,2143,3.2663045
2221,2762,4.418306
2221,800,4.1100583
2221,1354,3.995345
2221,1965,3.819435
2221,3952,3.652514
2221,3527,3.597647
2221,2053,1.4494228
2221,2643,1.1987599
5175,1193,4.7447515
2298,3543,3.854449
2298,3753,3.65135
2298,2706,3.581876
2298,1476,3.5156536
2298,2694,3.0633364
2298,2712,2.98533
2298,3869,2.9465847
2298,3,2.624927
2093,293,4.281849
2093,3160,4.0848937
2093,2707,3.653324
5909,2648,3.544033
5909,1982,3.2426422
5909,1407,3.1321688
5909,968,2.783286
3477,908,4.811934
3477,2692,4.5650997
3477,2064,4.53917
3477,3072,4.310379
3477,3606,4.284383
3477,3061,4.270624
3477,2863,4.233842
3477,3549,4.184061
3477,2946,4.1668453
3477,1029,4.0921516
3477,2081,4.0257854
3477,613,3.955666
3477,1835,3.7226965
3477,3103,3.686264
3477,1569,3.6419868
3477,2133,3.6309853
3477,207,3.598054
3477,2123,3.5142398
3477,179,2.7879512
5206,1954,3.9421022
5206,595,3.7323627
5060,1199,4.2105885
5060,1292,4.1314983
5060,1220,4.05976
5060,3733,3.9772387
5060,2716,3.9197671
5060,3074,3.9082623
5060,1028,3.7784252
4015,260,4.2539964
4015,2203,3.7464223
4015,2186,3.667034
4015,1954,3.5370622
4015,1219,3.5072553
4015,1617,3.4934168
4015,3037,3.413115
4015,3844,3.3762133
4015,2352,3.280153
4555,357,3.6850414
4555,780,3.5855544
4555,784,2.695186
4555,3004,2.5549743
4555,3299,2.4926953
4555,1831,2.4546914
5257,899,4.641054
5257,951,4.620383
5257,1278,4.550827
5257,947,4.476517
5257,1280,4.4422803
5257,2357,4.4228125
5257,965,4.3999176
5257,3334,4.349687
5257,3097,4.163332
5257,1270,4.1536865
5257,3699,3.467303
2154,318,4.327573
2154,720,4.183529
2154,1223,4.054534
2154,2858,4.0447764
2154,2908,3.7058194
2154,2366,3.2487314
836,2300,3.16154
836,551,2.9935727
836,1380,2.90163
836,588,2.8138244
836,3798,2.5629313
836,2723,2.2214234
836,631,1.4896135
836,1381,1.453935
1334,318,4.940073
1334,1278,4.6641674
1334,1200,4.5930715
1334,3510,4.130821
1334,3703,4.0820055
1334,2763,4.008207
1334,2688,2.9592974
3907,260,4.426658
3907,539,3.744032
3907,588,3.702846
3907,2690,3.7016995
3907,1500,3.6916056
3907,3255,3.6244488
3907,252,3.3864293
3907,852,3.3039753
3907,3614,3.1712778
5503,593,4.442622
5503,1358,4.3537235
5503,2248,4.1180305
5503,3072,4.0562983
5503,1188,4.0141687
5503,2585,3.9512987
5503,2916,3.6073544
5503,2907,1.7981129
2473,3916,3.9671917
2473,3753,3.8658373
2473,2529,3.8538203
2473,70,3.4053419
5746,318,4.166755
5746,3000,3.8114607
5746,2501,3.705727
5746,3481,3.6656585
5746,3360,3.5562444
5746,1587,3.205888
5746,1653,2.9369683
3325,2762,3.8771665
3325,2908,3.2799506
3325,2841,2.93151
3325,2318,2.7667453
3325,3115,2.2198188
132,1079,4.163313
132,1220,4.1252623
132,3104,4.013969
132,3060,4.0115285
132,1732,4.006222
132,3361,3.9757032
132,223,3.8967566
132,471,3.8848658
132,671,3.8645556
132,3087,3.791174
132,2371,3.786417
132,3261,3.671952
2201,1272,4.820307
2201,2640,4.142311
2201,362,3.8651085
3030,608,4.2511587
3030,350,2.9932842
5055,902,3.8489754
5055,1210,3.7440639
5055,597,2.6383798
2421,1221,4.4815373
2421,541,4.3091326
2421,3362,4.0120025
2421,3032,3.517659
2421,1129,3.452559
2421,3704,3.3726175
2421,3701,3.2471142
2421,2531,2.8195374
3448,733,3.886229
3448,2600,3.6104927
3448,736,3.5897665
3448,3798,3.4558682
3448,2688,3.1677856
5617,2571,4.020055
5617,1610,3.8112307
5617,1222,3.8078718
5617,2947,3.7952998
5617,1214,3.7826772
5617,2288,3.5713043
5617,2529,3.3420503
5617,1573,3.272466
5617,2021,3.2220864
5617,2386,2.0410247
5914,1213,4.499593
5914,2186,4.445684
4304,2858,4.64785
4304,593,4.5835285
4304,1089,4.5430183
4304,1721,3.3892272
233,914,4.891012
233,1307,4.785961
233,36,4.670548
233,594,4.5438566
233,2080,4.49358
233,2243,4.4437785
233,3259,4.018591
3876,2028,4.2870345
3876,3540,1.6981037
3409,628,4.530711
3409,356,4.42887
3409,482,4.0500917
4273,1136,4.885988
2377,260,4.492728
2377,1214,4.151491
2377,2804,4.135555
2377,3362,4.0385385
2377,3206,3.402073
5651,2987,3.911305
5651,22,3.6205852
1481,1234,4.786933
1481,2858,4.6220813
1481,2067,4.600317
1481,1177,4.5010066
1481,920,4.4958024
1481,1270,4.361888
1481,3260,4.3092966
1481,1405,3.7813444
1481,1566,3.7312915
3288,153,2.183857
1144,748,2.8511026
2406,356,4.316107
2406,1956,4.247259
2406,1213,4.2161465
2406,1380,4.0024047
2406,2424,3.935108
2406,1409,3.6908092
2406,3591,3.6743822
2406,2520,3.6393707
976,2599,3.8404315
976,2394,3.5449784
976,24,3.5404227
976,3219,3.537753
976,2722,3.1900854
4733,1221,4.9161873
4733,733,4.2630777
4733,2628,3.9873383
4733,2641,3.9211717
4733,2012,3.857061
4733,2478,3.843443
4733,788,3.7222629
4733,1591,3.2859654
4733,547,3.147875
4733,2162,2.7575414
3788,3751,4.073189
3788,2369,2.8062115
2607,1267,4.50984
2607,1617,4.358428
2607,457,4.2619247
2607,2359,4.0303645
2607,3368,3.8813694
2607,2321,3.8011212
2607,8,3.4135146
3637,3160,3.5898557
3637,1127,2.885298
3637,2683,2.658199
3637,3807,2.41111
1253,1196,4.107513
1253,3114,4.0496716
1253,1296,3.951209
1253,2295,3.5127747
1253,2690,3.4401655
5694,2502,4.080186
5694,2390,3.9023523
5694,2147,3.0729642
593,527,4.218646
593,3006,3.85726
593,265,3.7515905
593,1693,3.5989933
593,62,3.5664732
593,2443,3.5016248
593,2427,3.4282315
39,2396,4.454956
39,2908,4.233384
39,3751,4.2205725
39,785,3.7591863
39,86,3.5206518
39,3753,3.5198274
39,3157,2.7802253
39,3354,1.7173219
1797,527,4.554945
1797,926,4.4072013
1797,1278,4.386117
1797,928,4.331741
1797,1230,4.3030825
1797,3196,4.2899847
1797,1280,4.2891474
1797,3629,4.2639737
1797,110,4.247575
1797,1927,4.223694
1797,2936,4.171573
1797,2648,4.075547
1797,2948,4.04209
1797,2243,3.8681827
1797,1035,3.810651
1797,1580,3.621139
186,1247,4.9215355
186,296,4.9213724
186,1387,4.7332063
186,595,4.6358013
186,648,4.3144836
186,1025,4.276945
186,24,4.031443
186,2485,4.0187497
186,2710,3.765777
4091,1214,4.2234364
4091,1220,4.0876904
4091,3552,4.056266
4091,1092,3.495054
4091,216,3.2737758
4091,2710,3.1520119
4091,1917,2.911094
4091,122,2.7620888
4091,1772,1.625745
4190,1193,4.001546
4190,1210,3.6412652
4190,1641,3.5254414
4190,1373,2.6168892
4190,2701,1.9569006
4190,1862,1.938196
4190,1979,1.7089405
1222,904,4.17757
1222,919,3.9272172
1222,2396,3.8011045
1222,3072,3.49613
1222,3510,3.3378382
1222,2394,3.0891166
1222,2710,2.6829233
644,2731,4.1158733
644,750,4.052131
644,293,3.7836266
644,924,3.7306345
644,1175,3.524181
644,1748,3.455152
644,589,3.3816333
644,2020,3.379843
644,3793,3.1816404
644,3185,3.0482726
644,299,2.801547
644,1513,2.3162103
644,3617,2.2490025
644,2447,2.0899248
644,2961,1.664619
5094,1954,4.4283037
5094,1274,4.4161215
5094,6,4.2905664
5094,2529,4.255156
5094,3527,4.09696
5094,377,3.92734
5094,2628,3.7335186
5094,3404,3.4900305
5094,2840,2.8841343
67,1247,4.633559
67,3035,4.4711123
67,1952,4.466829
67,3471,4.284774
67,3167,3.9651413
248,1240,4.3373404
248,3300,3.831334
248,2805,3.5731971
4479,1221,4.192889
4479,3703,3.4158916
4479,491,3.322239
4479,2146,3.2590642
4479,1586,3.2114582
158,239,2.5189805
3310,720,4.4930105
3310,1213,4.443181
3310,296,4.402308
3310,3246,3.956627
3310,2302,3.6822376
3310,2288,3.6270514
861,2804,4.7357235
861,3793,4.2069407
861,3893,4.0183697
861,1135,3.856183
2956,1210,3.8230543
2956,1527,3.5227265
2956,2628,3.4154134
2956,1676,3.146156
1792,2580,3.8396273
1792,2424,3.461319
1792,2387,3.270492
3980,3476,3.530136
3980,1717,3.2496967
3980,330,2.6604595
894,457,4.864374
894,2396,4.78411
894,1270,4.58177
894,1711,4.1214385
894,2683,3.9558992
4251,2028,4.140067
4251,593,4.0427485
4251,2804,3.9054236
4251,2858,3.8951263
4251,1625,3.7662103
4251,1285,3.7081795
4251,1089,3.6985912
4251,1092,3.590291
4251,3361,3.4894307
4251,21,3.4451113
4251,671,3.4268146
4251,2707,3.4252493
4251,2321,3.255528
4251,350,3.2275114
4602,800,3.6348774
4602,3723,3.4516332
4602,1078,3.4004254
4602,1060,3.3280616
4602,2020,3.1978602
4602,3809,3.1345906
4602,1641,2.9335713
4602,3176,2.8679063
2799,1223,4.2106442
2557,2571,4.219575
2557,2324,4.153894
2557,1617,4.052051
2557,308,3.9374485
2557,590,3.7348993
2557,1885,3.6042376
2557,501,3.460656
2557,25,3.4138093
2557,2978,2.7209933
3722,2664,4.0972643
3722,1982,3.959502
4173,457,4.4487305
4173,364,4.0481787
4173,2628,3.84278
4173,1573,3.8045557
4431,318,4.4494348
4431,194,3.6914043
4431,2744,3.3942575
4431,1459,2.5260124
4431,2380,1.137115
1735,1035,3.5013747
1735,1580,3.4321847
1735,1711,3.3448205
1735,1918,3.1554856
1735,1732,3.082301
1735,1916,2.8613706
1735,3388,2.7770958
2712,1304,4.588895
2712,2355,4.102166
2712,3418,3.9137652
2712,2628,3.9095652
2712,3555,3.8764737
2712,1792,3.8470113
2712,1373,3.6268353
2712,1377,3.4787436
5051,1221,4.4149637
5051,3006,4.0892076
5051,2861,3.7780297
5051,3078,3.7330897
522,1240,4.3408456
522,1396,4.0473332
522,3704,3.5441687
522,653,3.4979644
522,3249,3.4218743
5421,1193,4.391466
5421,515,3.8079147
5421,2312,3.766472
5421,3649,2.9376237
3033,1240,4.2614303
3033,866,4.0518513
3033,3255,3.9025545
3033,180,3.8400526
3033,1033,3.729075
3033,1375,3.304797
3033,216,2.9718037
3033,586,2.9248111
3033,1377,2.7175994
3033,3113,1.9409457
3033,3180,1.4352947
4693,3435,4.619824
4693,3467,4.180088
4693,3146,3.2206655
4693,2306,2.455589
1651,260,4.024904
1651,3062,3.4891615
1651,356,3.3564546
2587,3552,4.1977105
2587,1101,3.9798238
2587,3257,2.815052
5827,597,4.02942
5827,1641,4.0061655
5827,2167,3.831752
5827,2321,3.525237
5827,1405,3.5052407
5827,1605,3.1492522
5827,1591,3.122043
2953,1127,3.5442486
2953,43,3.3560424
2953,2491,1.9467078
1375,440,4.123683
1375,1188,4.1018767
1375,377,3.6412365
1756,3071,3.5552394
1756,3753,3.172148
1756,2541,3.0690408
1596,2683,3.570491
1596,473,2.524684
2491,1089,4.30491
2491,3932,4.0053654
2491,1035,3.9200792
2491,10,3.7863932
2491,144,3.63172
2491,1573,3.3473876
2491,1327,2.7218397
2491,95,2.4977257
2491,92,2.3383708
2491,2456,2.058452
2491,1977,1.4464453
3616,110,4.049661
3616,1201,4.0057373
3616,2194,3.8007812
3616,1220,3.7173886
3616,3702,3.5009825
5203,899,4.7290454
5203,1179,3.9891505
5203,303,3.4242969
5203,1920,3.3493297
1563,3114,4.62078
1563,1270,4.42395
1563,2580,4.33892
1563,551,4.165788
1563,3174,3.885086
1563,3176,3.8129158
1563,2683,3.648985
1563,2712,3.5414362
1563,3325,1.9153383
3665,1198,4.4082217
3665,1214,4.260151
3665,1197,4.228474
3665,1,4.1710567
3665,364,4.1479564
3665,1200,4.1267166
3665,1291,4.1051283
3665,1282,3.9802675
3665,3175,3.9766874
3665,3873,3.8654978
3665,3702,3.8646886
3665,2857,3.8129332
3665,648,3.797665
3665,1029,3.7842665
3665,1345,3.771481
3665,1356,3.75814
3665,3070,3.6908023
3665,653,3.482772
3665,1379,3.4382052
3665,2851,3.160121
3665,2427,2.9970264
627,1041,4.375215
627,1097,4.1950283
627,181,0.83474827
4423,1198,4.4886966
4423,1197,4.371085
4423,3468,4.3479004
4423,608,4.3413873
4423,296,4.2940903
4423,1387,4.1148486
4423,3499,3.9507003
4423,1317,3.3225873
5768,1247,5.120104
5768,916,5.052493
5768,911,4.940818
5768,58,4.819115
5768,2076,4.446594
5768,412,4.409589
5768,3319,3.6891294
835,1301,3.6985838
835,2454,2.8934758
835,2661,2.8181608
1397,2858,3.9394786
1397,924,3.795134
1397,1214,3.7687812
1397,589,3.637764
1397,1206,3.524711
1397,2287,3.2178528
1357,2648,4.448704
1357,2644,4.374405
1357,2716,4.278775
1357,2553,3.6478372
1357,799,3.6245906
1357,1350,3.5458593
1357,2784,3.295076
1357,188,2.9645717
1357,1327,2.893324
1357,2635,2.8735003
1357,2120,2.7565453
1357,366,2.570781
1357,1970,2.1129966
1357,2719,1.5128268
1357,3919,1.3085035
1357,2982,0.9278604
2420,1196,4.728019
2420,1201,4.5935473
2420,589,4.461854
2420,2529,4.1280117
2420,592,4.0098534
2420,2950,3.087778
2420,2655,2.3506043
3109,3793,3.620356
3109,3844,3.3480337
3109,780,3.2303448
3109,2388,2.8106103
857,527,4.524004
857,908,4.418785
857,3089,4.399997
857,1276,4.2218647
857,2937,4.2156324
857,1304,4.18523
857,1288,4.1591434
857,1238,4.010204
857,2863,3.9218197
857,1094,3.7379537
2295,2983,4.653413
2295,3251,4.1943274
2295,3534,4.0186176
2295,1320,3.7078831
5115,50,4.8198104
5115,1266,4.453796
5115,290,4.2162213
5115,3186,3.863854
1250,3897,4.4579673
1250,3160,4.186475
3522,733,4.147922
3522,780,3.8152413
3522,2273,3.7856383
3522,3107,3.7076628
3522,2,3.560151
3522,70,3.5291247
3522,1373,2.9955578
4047,527,5.023324
4047,1210,4.4916935
4047,1729,4.2310567
4047,3020,4.0762434
4047,2334,3.9445639
845,1196,4.252523
845,2599,3.9661865
845,3247,2.8192694
5348,1219,4.0953665
5348,2455,3.5399048
5348,3235,3.2198155
5348,3693,3.0080495
2622,451,3.605679
941,1127,3.277045
941,2699,2.4546208
941,2188,2.0671477
941,2555,1.0641098
4474,296,4.567403
4474,1729,3.9904823
4474,2002,3.784506
4474,999,3.7471547
4474,3701,3.624771
1163,648,3.9404438
1163,2722,3.454899
1163,3484,3.3976572
1163,3324,3.15427
4441,858,4.22204
4441,1215,3.5445542
4441,3178,3.537588
4441,2000,3.4768414
4441,2353,3.1021752
4441,2889,3.090814
4441,548,1.8850262
2538,608,4.1516843
2538,3494,3.5738268
2538,349,3.565615
2538,952,3.5127392
4216,1304,4.6317596
4216,2000,4.3219976
4216,1374,4.2593555
88,1225,4.2283745
88,1307,4.116683
88,3361,3.8480062
441,1198,4.522835
441,296,4.1642265
441,2628,3.663198
441,1573,3.6493454
441,2985,3.5498836
441,3638,3.4895184
2614,2944,4.1170826
2614,99,3.5943549
2243,1256,4.687617
2243,1084,4.620228
2243,1961,4.528819
2243,2612,4.4894085
2243,1094,4.1775503
2243,2717,3.17
221,3081,3.3602536
221,648,3.288601
221,407,2.6736846
196,904,4.3531904
196,608,4.1491556
196,1089,4.0024695
196,1834,3.8322713
1332,1288,3.6367655
1332,2791,3.6049874
1332,1294,3.5617294
1332,1968,3.368945
1042,111,3.6413584
1042,1967,3.3827088
1042,2174,3.0704901
1042,2453,2.7640126
1042,1750,1.9057782
668,608,4.460762
668,442,2.5388184
3782,180,4.055261
3782,3755,3.7062652
3782,1173,3.6814194
3782,2710,3.341478
3168,2686,3.671847
3168,3512,3.6265337
3168,3185,3.4454594
3168,2581,3.3162227
3168,2906,2.790079
3810,916,4.4998484
3810,1294,4.3569045
3810,1036,4.313504
3810,2944,4.2932777
3810,2951,4.1494555
4000,1258,4.4053044
4000,2716,4.2279983
4000,589,4.20675
4000,1347,3.9782226
4000,3576,3.8539827
4000,1129,3.803912
4000,2455,3.741358
4000,2867,3.7335553
3912,1197,4.788529
3912,1201,4.690321
3912,2687,4.328368
3912,164,4.1760626
3912,2883,4.1701317
874,2208,4.3907843
874,3018,3.5757465
874,2527,3.3723974
2515,1193,4.562929
2515,260,4.530189
2515,1214,4.419718
2515,3148,4.2422123
2515,24,4.13303
2515,265,4.1220794
2515,3358,3.959426
2515,2531,3.7059717
1283,608,3.974822
1283,480,3.7296677
1283,2167,3.3984528
3500,527,4.5792813
3500,541,4.3094206
3500,2918,4.094206
3500,2791,3.8585536
3500,432,1.9157766
5081,3114,4.1258345
5081,1270,4.045471
5081,1265,3.9914188
5081,3082,3.7698038
5081,2424,3.7586908
5081,1569,3.6567204
5081,2707,3.6374648
5081,1485,3.6285942
5081,168,3.463615
5081,317,3.4500713
5081,2082,3.3843687
5081,3004,3.3808284
5081,3755,3.321198
813,2858,4.145257
813,2396,3.9840834
813,2700,3.639801
813,551,3.6338887
813,3175,3.6309526
813,1517,3.5860262
813,1580,3.5395772
813,1476,3.388398
813,852,2.9082892
1041,913,4.584656
1041,1189,4.4601345
1041,1251,4.3561454
1041,2871,4.2468414
1041,2575,4.24174
1041,2664,4.1950665
1257,1060,3.8201416
1257,10,3.6186833
1257,2916,3.4349298
1257,153,2.7348506
3324,745,5.1039495
3324,2571,5.0590477
3324,1676,3.5814826
2498,922,4.075753
2498,527,4.043292
2498,2206,3.6531174
2498,2212,3.5352573
2498,457,3.461465
2498,2288,3.3013217
2498,648,3.1682916
2498,454,3.1566448
2498,2346,2.9838963
2498,3644,2.7109427
2498,2478,2.5448742
2498,1831,1.8286529
2498,540,1.7628285
1349,2414,4.007417
5743,1272,4.6028905
5743,34,4.246294
5743,265,4.189272
1187,1721,3.841714
1187,2599,3.662675
389,318,4.49999
389,17,3.8898466
389,3751,3.8803232
389,364,3.779898
389,1873,3.772702
389,3253,3.5804095
389,1584,3.5050242
389,647,3.4316955
389,2043,3.2121787
389,2724,2.8463356
389,2063,2.6296453
4468,858,4.4700847
4468,969,4.188476
4468,2006,3.9152393
2286,2828,2.9638913
1401,1221,4.3381944
1401,903,4.247532
1401,899,4.23586
1401,1225,4.1485615
1401,36,3.9592233
1401,3929,3.947609
1401,2010,3.9162676
1401,3006,3.844044
1401,290,3.7778003
3991,1394,4.335305
3991,3408,4.031344
3991,1127,3.956553
3991,2572,3.6999052
3991,2712,3.5681617
3991,2605,3.5333683
3991,292,3.3484375
3991,3593,1.3131361
5342,1291,4.01445
5342,1270,3.9148955
5342,1275,3.7973084
5342,1954,3.752511
5342,780,3.6713672
5342,1101,3.667778
5342,2363,3.3513012
5342,207,3.288032
2435,2858,4.275123
2435,2194,3.9721923
2435,3104,3.8777988
2435,507,3.6290789
2435,2403,3.5193634
2435,2802,2.9404798
1108,1275,4.478426
1108,3160,4.4020824
1108,1580,4.1107407
1108,451,3.702511
4660,1196,4.51875
4660,3753,4.2326155
4660,1022,4.079667
4660,3740,3.8936174
4660,3809,3.838874
4660,3699,3.79712
2845,1214,4.405875
2845,1266,4.3881598
2845,3793,4.1157355
2845,647,4.0762672
2845,2640,3.9406247
2845,367,3.8829353
2845,2021,3.6733427
2845,2,3.624601
3583,912,4.8785343
3583,928,4.712454
3583,1296,4.5265245
3583,249,4.1834126
3583,1393,3.7684805
4209,1193,4.3020477
4209,902,3.8629136
4209,3203,3.6514082
4209,3051,3.1267374
4209,2699,2.9967804
5818,2987,3.5926118
2672,260,4.276479
2672,2194,3.7347662
2672,1270,3.699273
2672,480,3.393771
2672,2076,3.239831
2672,1450,3.0759223
2672,2427,2.999146
2672,350,2.9499717
750,3683,4.4207354
750,3091,4.40305
750,3095,4.3538837
750,1186,3.8644862
750,3947,3.7142625
3115,1356,3.3539016
3115,2628,2.7069473
3115,3450,2.5609393
3115,1544,2.0999312
5231,2028,4.4777904
5231,3303,2.7720761
5231,1882,1.278563
1037,3578,3.9803095
1037,3755,3.521452
2412,3729,3.8023582
2412,3769,3.7759867
4503,1230,4.5660057
4503,2355,4.2124095
4503,3632,4.195814
4503,3175,4.1753316
4503,780,3.9518135
4503,736,3.930618
5238,2096,3.3088353
2597,318,4.562498
2597,446,4.06854
2597,28,4.0520678
2597,1296,3.9438176
2597,1183,3.6856244
2597,2015,3.5827842
2350,260,4.50646
2350,2396,4.199503
2350,1097,4.1058903
2350,1210,4.0913353
2350,2081,4.002779
2350,1527,3.87594
2350,543,3.6438015
2350,1676,3.5338154
2350,1591,3.2925587
2350,1750,3.1210608
2965,318,4.1940203
2965,3074,3.2570486
2965,1061,2.9405046
1405,858,4.293788
1405,1278,3.9894633
1405,933,3.9138765
1405,1333,3.7451982
1405,968,3.2555945
1405,2455,2.8149002
4594,969,4.6603513
4594,1954,4.3317933
4594,2406,4.162547
4594,1183,3.8935242
4594,3752,3.6095002
3672,3578,3.6683085
3672,2922,3.5170043
3672,2858,3.5137975
3672,3507,3.5016134
3672,2791,3.4861355
3672,590,3.463882
3672,1997,3.4389
3672,3479,3.3747952
3672,2527,3.3601713
3672,2352,3.3565161
3672,1080,3.3249369
3672,2109,3.3052993
3672,1394,3.2785003
3672,1017,3.2492263
3672,1092,3.2467327
3672,471,3.1619043
3672,2403,3.1400135
3672,1951,3.1364188
3672,1290,3.0650382
3672,1374,3.0343838
3672,585,2.9683428
3672,367,2.9525545
3672,276,2.913831
6019,50,4.566059
6019,593,4.342125
6019,1210,4.0318117
6019,380,3.783283
6019,1779,3.1393034
6019,1562,2.4465501
244,910,4.6138663
244,3481,4.3563814
244,2797,4.353342
244,589,4.3276978
244,2791,4.2826233
244,2108,4.001542
244,1835,3.6963718
244,3755,3.692533
3634,3555,3.2590265
2399,1221,4.265122
2399,608,4.125656
2399,3872,3.5871806
2399,1965,3.4038422
4160,1580,3.6028907
4160,1909,3.4347303
4160,2455,3.3989124
4160,2021,3.3614411
4160,3300,3.2391205
4160,1876,3.2144053
4160,1175,3.1977694
4160,3704,3.1332393
4160,3638,3.1309688
4160,2657,3.0730844
2944,50,4.9315777
2944,1247,4.832551
2944,955,4.568087
2944,28,4.554033
2944,72,4.177845
2944,21,4.1605
2944,329,4.0239906
2944,2794,3.6738453
2944,2699,3.4940202
2944,818,3.3796053
4530,1198,4.118656
4530,950,3.5494976
4530,670,3.4885526
4530,669,3.4433289
4530,2721,3.2950675
4530,1393,3.2763953
4530,2493,3.2695024
4530,2583,2.901582
3567,110,4.140564
3567,924,4.0256534
3567,1387,3.985798
3567,480,3.5648313
75,2083,4.232797
75,671,4.1532264
75,2012,4.1186295
75,2161,4.075359
75,1025,4.061041
75,3751,4.0092864
75,8,3.9983182
75,1064,3.9089518
75,1015,3.8993948
75,575,3.878663
75,577,3.8402858
75,1367,3.8347728
75,711,3.8326206
75,1920,3.8149412
75,19,3.7846456
75,631,3.7322845
75,2053,3.702189
75,2828,3.6796815
75,169,3.6628728
141,2791,3.6807623
5804,912,4.1492186
5804,3101,3.4911582
5804,1230,3.460497
3880,1276,3.914884
3880,3006,3.6578178
3880,1961,3.6007853
3880,1036,3.5842977
3880,1923,3.4630654
3880,3210,3.0811164
1892,1208,4.415734
1892,1244,4.1716604
1892,1214,4.1184473
468,1197,4.279149
468,110,4.1959076
468,17,3.991924
468,3668,3.9010575
4614,1097,3.9333763
3786,1147,4.338005
3786,246,4.250901
3786,2997,4.174039
3786,1411,4.0437584
3786,1916,3.7039998
3486,899,4.8122754
3486,1907,4.3217525
3486,2141,4.264944
3486,3398,4.1970935
3486,2005,4.110653
3486,616,4.0266266
3486,2033,3.8919053
3486,3438,3.1144514
3486,2092,2.8741632
3472,1258,4.1954107
3472,111,4.195036
3472,2085,3.6295743
5092,2028,4.561738
5092,2396,4.468354
5092,457,4.389904
5092,3578,4.286527
5092,590,4.285638
5092,901,3.943077
5092,1380,3.8560872
5092,3744,3.7665198
2218,1069,3.9375892
2218,2430,3.5288124
4696,3751,4.1900935
4696,3617,3.8385391
4696,3157,3.6589172
4696,193,2.7324092
5407,608,4.4280615
5407,1617,4.426386
5407,3723,3.94192
4634,1225,4.9986906
4634,2692,4.8215833
4634,2066,4.805628
4634,1214,4.778923
4634,3741,4.7308297
4634,162,4.7244825
4634,2599,4.7124467
4634,176,4.707757
4634,553,4.6416078
4634,3081,4.2731404
3444,3079,3.485925
3444,1057,3.365542
3444,956,3.1783419
3444,539,3.0864449
3444,2290,3.0358114
3444,2718,3.0260534
3444,780,2.855274
3444,1816,2.5168414
3444,1126,1.70688
626,527,4.565169
626,2571,4.325679
626,2858,4.2702403
626,3671,4.071577
626,589,4.024729
626,1210,3.9776518
626,1282,3.927899
626,588,3.893826
626,2078,3.8354435
626,1029,3.766735
2981,858,4.8713164
2981,296,4.680889
3785,2723,2.6357946
3785,1848,2.3290434
5214,904,2.6814907
5214,1225,2.3954327
1105,50,4.6403494
1105,1196,4.411951
1105,1617,4.383951
1105,1358,4.337239
1105,47,4.2919664
1105,3578,4.2534018
1105,1387,4.1929736
1105,3735,4.1584873
1105,1210,4.148364
1105,2000,3.8134887
1105,2455,3.774497
1105,3555,3.7456703
1105,785,3.7413397
1105,2353,3.736881
1105,2291,3.6502786
1105,2003,3.591943
1105,2699,3.1115084
681,588,4.4175982
681,2096,4.3571157
681,594,4.3199115
681,2085,4.169775
681,661,3.9893987
4338,1270,3.8175416
4338,2000,3.8008492
4338,3005,3.4019876
4338,3263,3.085597
1249,1193,4.601182
1249,3703,3.7484477
3739,527,4.335618
3739,924,3.8983314
3739,3316,2.6055284
1627,296,3.5479193
1627,3555,3.0328243
1627,1464,2.7605495
1627,3409,2.2006993
1627,3484,1.6609259
2722,317,2.6106858
2722,810,1.1595045
3502,1193,4.6622214
3502,1213,4.570731
2080,1221,4.4851613
2080,2858,4.3845706
2080,2804,4.3054867
2080,3077,4.1807547
2911,2268,3.7731893
2911,2541,3.4140303
2911,252,3.2730038
2911,2676,3.2186775
2911,2369,2.9495795
2911,160,2.465438
2197,527,4.7403564
2197,296,4.5166774
2197,2997,4.3289204
2197,2971,4.114559
2197,3594,3.5874822
1076,1210,3.6701155
1076,2302,3.464357
1076,597,3.3280003
1076,1409,2.7319045
1076,203,2.3602142
4984,1299,3.836062
4984,1953,3.649498
4984,3160,3.470604
4984,3357,3.4244783
4984,3201,3.288147
4984,2730,3.2694721
4984,2112,3.2118697
4984,2068,3.1947052
4984,3706,3.080087
4984,3260,3.050841
4984,2697,3.0283487
4984,2025,2.9042618
4984,1173,2.7995644
5419,858,4.293275
5419,1208,4.1217604
5419,919,4.0676794
5419,2692,4.0526032
5419,1673,3.5179029
5419,449,3.34191
5419,2174,3.313908
2717,292,3.3269265
5727,3409,2.913429
5727,3316,2.3894916
5727,3113,2.145268
1365,527,4.2292213
1365,1960,3.7394955
1365,1994,3.274491
1365,2628,2.9177701
5360,1196,3.9316616
5360,2628,3.4923067
5360,3623,3.1756625
2036,1449,4.2569885
2036,1947,4.185429
2036,2997,4.156746
2036,1175,4.1102886
2036,3543,4.0443687
2036,199,3.964759
2036,1279,3.8727353
2036,52,3.7526155
2036,2746,3.3414273
5810,608,4.0930543
5810,1041,3.8070612
1893,3408,3.8271394
863,1200,4.5529375
863,1374,4.210496
863,3702,4.136404
863,1345,4.03491
1553,2324,4.395654
1553,1247,4.25276
1553,1210,4.116113
1553,920,4.109717
1553,1380,3.9256709
1553,2081,3.849215
3826,1719,4.050253
3826,3186,3.4620647
3628,2858,4.0498986
3628,2908,3.7521772
3628,3005,3.4118724
5331,3684,2.8550136
5331,367,2.717125
5331,2424,2.5918224
5331,1894,2.16002
3215,926,3.2835197
3215,3751,3.1048558
1443,318,4.6536007
1443,1219,4.371883
1443,1097,4.1299343
1443,2366,3.902401
4707,1251,3.5350652
4707,1252,3.4735637
4707,3751,3.2888253
4707,339,3.243186
4707,2959,3.2143695
4707,2065,2.8666816
1964,1748,3.9651992
1964,2,2.6364574
1964,1702,1.3654475
5721,2858,3.7299209
5721,3362,3.713989
5721,3260,3.1737723
3241,529,4.186692
3241,3763,3.6655474
3241,956,3.6265905
5662,2353,4.2853146
5662,2355,4.1641226
5662,1722,4.1283064
5662,736,3.9804003
5662,292,3.9076095
5662,784,3.7663672
5662,1591,3.7349575
3563,1231,4.232365
3563,541,4.2126436
3563,2313,4.1181717
3563,2248,4.066472
3563,3424,4.0561967
3563,3505,3.9131894
3563,235,3.8881502
3563,2750,3.849635
3563,1298,3.7807765
3563,2282,3.758913
3563,2291,3.6004145
3563,3214,3.575434
3563,193,1.8661535
4428,3271,3.9767692
4428,2572,3.5992432
4428,2003,3.5637608
4428,735,3.5543735
4428,3016,3.5448332
4428,2683,3.5431232
4428,3810,3.523869
4428,2771,2.925155
1326,608,4.221004
1326,1277,3.5564096
1751,589,4.5400105
1751,3310,4.2258043
1751,3927,3.9316022
4880,3163,3.5557609
5139,529,3.9068909
5139,1961,3.8895283
5139,3317,3.847487
5139,235,3.782201
5139,1957,3.7492478
5139,2231,3.5941525
5139,3108,3.5383852
5139,1837,2.0072312
5139,2522,1.5470195
4712,858,3.7739985
4712,924,3.0957804
4712,1012,2.4209075
4712,586,2.070261
3155,858,4.641929
3155,1949,4.343972
3155,1214,4.214493
3155,1287,4.2047777
3155,1296,4.1696534
3155,1961,4.162197
3155,534,3.9538348
3155,1343,3.6845636
3155,2088,2.951386
2982,1344,4.1015615
2982,177,1.985036
162,3114,4.890183
162,1997,4.6868
162,3052,4.4937835
162,588,4.418037
162,104,4.1838627
162,353,4.1690598
162,377,4.161476
162,1552,4.157524
162,1573,4.0208173
4494,296,4.540702
4494,949,4.282379
4494,3152,4.2361183
4494,1954,4.1860228
4494,1968,4.1664977
4494,2069,4.029698
5190,1028,4.085183
5190,2078,3.9693866
5190,3768,2.8026607
1344,1221,4.390583
1344,1197,4.290878
1344,919,4.237417
1344,1242,4.199547
1344,1276,4.15861
1344,1084,4.0011773
1344,2355,3.76665
1344,2174,3.3908997
1344,2089,3.3168542
3781,1177,4.659106
3781,1097,4.645156
3781,34,4.549448
3781,534,4.519166
3781,345,4.518649
3781,1721,4.494423
3781,1396,4.39937
3781,648,4.316846
3781,848,4.1828623
5362,953,3.9588995
5362,2762,3.9344358
5362,955,3.701637
5362,2208,3.6740365
5362,2398,3.4754162
5362,1939,3.4656146
5362,936,3.4278307
5362,2599,3.263452
5362,900,3.2603803
5362,1069,3.1844525
5362,39,3.053823
5362,2746,2.522353
5362,2699,2.223856
5362,1513,2.0357947
1508,2571,3.8988087
1508,529,3.5968552
1508,1527,3.0740194
1508,353,2.6270387
1772,2716,4.227819
1772,233,3.9753678
1772,3016,3.2266026
1772,2699,2.7043772
4442,3801,3.8326273
4442,2983,3.4902797
4442,2132,3.429691
4442,1028,3.415499
4442,3668,3.0063257
4442,3011,2.9658906
4442,3602,2.4167862
4722,2019,4.4117546
4722,1036,4.0573773
4722,1188,3.9147005
4722,1210,3.8304048
4722,3479,3.6498103
4722,3153,3.471775
2470,1193,4.391592
2470,593,4.2709637
2470,1552,3.3756273
2470,2617,3.271026
1075,527,4.3836813
1075,750,4.3051744
1075,923,4.2001743
1075,337,3.6821399
1075,3550,3.1245275
2388,858,4.5430713
2388,527,4.526349
2388,1204,4.4446707
2388,1304,4.2128334
2388,1387,4.0634785
2388,3654,3.867711
2388,480,3.4690394
4414,1265,3.85235
4414,1517,3.6797826
4414,1777,3.6458418
4414,180,3.6198244
4414,2987,3.4505026
4414,3261,3.3333588
4414,3614,3.2278767
4414,2485,3.1528473
4414,3837,3.0163267
4414,3791,3.0148335
4414,2722,2.9751391
4414,520,2.8920023
4414,445,2.8263316
2401,1196,4.807764
2401,480,4.4516416
2401,223,4.31137
2401,2395,4.2919674
2401,3430,3.9299064
1668,1952,3.9828057
1855,593,4.169401
1855,2028,4.1016116
1855,6,3.7997282
1855,2000,3.6639094
1855,1722,3.289658
1855,3755,3.0862918
1855,1544,2.8150914
3918,1193,4.2886076
3918,903,4.1789155
3918,2605,3.2318516
3918,2694,3.2026129
3918,3016,3.1228113
3918,2712,3.0889034
3480,1374,3.8477805
3480,3087,3.6881888
3480,1372,3.5703568
3480,1371,3.18121
599,356,3.717812
599,1228,3.6290274
4554,1270,3.8712537
4554,1219,3.6499226
4641,1148,4.7656302
4641,2396,4.371299
4641,7,3.3941598
1822,1270,4.1427774
1822,1958,3.8994884
1822,2746,3.2264805
1818,594,3.687411
1818,364,3.6653347
1818,2622,3.2851968
1979,3578,3.816312
1979,3753,3.4618769
1979,3948,3.16846
1979,3909,2.0857074
1979,3238,1.7391315
4664,2706,4.4034214
4664,3836,4.3699183
4664,3812,4.109725
4664,3809,3.9282053
3027,1617,4.4054904
3027,112,3.5460734
140,1997,3.7526345
140,1968,3.645039
3376,2908,3.9248793
3376,1210,3.7715044
5944,915,2.995848
5944,3501,1.7962009
5944,234,1.1411614
4970,1250,4.696015
4970,1721,3.009505
1659,480,3.3799367
1659,3753,3.124461
2480,314,3.9530706
2480,968,3.6304767
47,527,4.2428513
47,1247,3.942134
47,902,3.684605
1907,19,1.9804281
4105,2268,3.4849153
4105,344,3.058704
4105,852,2.997501
4105,2683,2.9391875
4105,1503,2.207236
4105,2558,2.2059972
994,1196,4.376331
994,1304,4.2875
994,1387,4.1551285
994,480,4.0291066
994,3948,3.9239426
328,2959,3.3362865
328,163,3.0003848
328,2881,2.9417078
328,736,2.842833
328,667,1.4569371
4558,2194,4.49196
4558,3424,4.4048014
4558,2023,3.8200612
4763,608,4.4863124
4763,1449,4.4337687
4763,2959,4.32132
4763,36,4.288802
4763,3363,4.249964
561,1197,4.6771584
561,3481,4.4337697
561,32,4.3764853
561,2710,3.4349303
561,3190,3.0616305
3100,2762,4.689573
3100,608,4.5788174
3100,1573,3.5218856
3100,3005,3.5211897
2400,260,3.9500144
2400,610,3.3778272
2400,2746,3.0488005
2400,3918,2.8854795
2400,2464,2.7516234
1318,3896,3.2733626
5586,1198,4.6016426
5586,296,4.426384
5586,593,4.375957
5586,3513,3.5626936
4290,1193,4.7033606
4290,1,4.4097233
4290,1721,4.139509
4290,2890,4.073421
4290,2364,3.1008422
3268,1198,4.381913
3268,1923,3.7404711
3268,2718,3.591796
3268,3608,3.5540338
3268,3301,3.354008
4003,904,4.4172544
4003,1748,3.7664838
4003,2987,3.6702218
4003,164,3.5296073
4003,3414,3.2016182
1581,2324,3.9695556
1581,1617,3.6481745
1581,3259,2.776816
5992,2395,3.820891
5992,3499,3.8162348
5992,3526,3.8034363
5992,3252,3.736787
5992,2278,3.6052423
5992,785,3.5444484
5992,2861,3.4943995
5992,2424,3.2062132
5992,2526,2.4481077
3573,2762,3.9410746
4559,745,4.75312
4559,955,4.4926906
4559,2997,4.45041
4559,2599,4.317857
4559,2289,4.310914
4559,3082,3.333475
4926,1961,3.909138
4926,1580,3.5739431
871,2699,3.628878
3820,1206,4.881788
3820,2288,4.4840302
3820,1748,4.455767
3820,3702,4.3918033
3820,3033,4.3241296
3820,3699,4.283553
3820,3701,4.1455173
3820,1676,4.034628
4731,1221,4.435276
4731,3361,3.849889
4731,349,3.6532845
4731,3253,3.544307
189,1704,4.646105
189,2959,4.5063806
189,2106,3.7477756
189,1717,3.5609658
4481,1917,3.084743
4481,2328,2.558512
4324,926,4.628572
4324,2010,4.2902365
4324,1210,3.9487147
1245,1197,4.7729263
1245,1194,3.876381
1245,3354,2.4256837
511,2716,3.909416
3554,1219,4.2703667
3554,2300,4.1778603
3554,288,2.904252
5977,260,4.605001
5977,1208,4.5217695
5977,1955,3.99826
5977,3535,3.5617692
3645,318,4.467476
3645,1278,4.1339903
3645,2918,4.06323
3645,1200,4.025948
3645,1097,3.9550862
3645,2529,3.6239853
3645,1376,3.600837
5119,1136,4.2139654
5119,1172,4.1988535
427,3578,4.425588
427,589,4.3310165
427,3361,4.1193256
427,2628,3.814117
427,1129,3.783784
552,1721,4.305599
552,1127,4.0520678
552,2971,3.9541645
552,674,3.79728
552,2311,3.7553542
552,1690,3.6798007
552,1609,3.6324377
552,2748,3.4958067
3891,1086,4.458235
3446,1258,4.841216
3446,1347,4.4232225
3446,3476,4.3037252
320,3159,4.139781
320,361,3.8128154
289,745,4.39791
289,2571,4.2996097
289,1387,4.0192037
289,2944,3.9412158
289,1374,3.7343724
289,3101,3.5666611
4486,1296,2.2765067
4486,3416,2.0136104
4486,2495,1.9848771
4486,480,1.8643783
4486,1667,1.4510013
4486,3390,1.2330301
4486,1793,1.1363311
484,480,4.0538993
484,2881,3.768708
484,2694,3.5279005
484,3354,3.130817
3692,1387,4.5060563
3692,1214,4.488432
3692,590,4.4738026
3692,2648,4.3982143
3692,3681,4.342986
3692,2922,4.2163982
3692,2366,4.18711
3692,2174,3.9801447
3692,253,3.9648461
3692,3785,3.2987401
1844,101,3.8667934
1844,3571,3.3147216
5700,34,4.0638647
5700,3418,3.7530684
4638,3578,3.5871139
4638,3911,3.2818866
4638,1704,3.2648299
4638,1393,2.8760319
4638,2089,2.5716844
1654,908,4.818384
1654,1095,4.2323256
1654,1965,4.1412797
1654,3185,3.76334
1977,1136,3.9188883
1977,1276,3.8476515
1977,942,3.788868
1977,3819,3.786915
1977,3362,3.6619606
1977,661,3.1975012
1977,1025,3.1059666
5408,899,4.6736116
5408,1947,4.3476815
5408,3671,4.312351
5408,3159,4.208702
5408,2863,4.1349874
5408,2968,4.054049
5408,1129,3.8639107
5408,2105,3.7434926
1550,527,4.5998907
1550,608,4.433522
1550,2028,4.4247923
1550,1617,4.3896475
1550,1704,4.296029
1550,2396,4.238637
3872,1097,4.64632
3872,736,4.0557976
2132,2021,2.6315508
2132,2407,2.3410964
2132,2363,2.2711978
2132,3704,2.2665198
2132,332,1.4637375
399,3623,4.1541185
399,2676,3.9145746
399,2392,3.0683613
5279,2692,4.141733
5279,915,3.9465199
5279,1680,3.7264156
5279,2291,3.58952
5279,11,3.5018284
5279,3512,3.4715848
2049,910,4.036148
2049,3095,3.9361918
3950,2302,3.7385433
3950,141,3.5349298
3950,1885,3.423356
3950,3809,3.26454
3950,810,1.3385112
4755,2396,5.053952
4755,3737,4.8702917
2331,1449,4.70766
2331,3160,4.560937
2331,2599,4.544397
2331,2686,4.493125
2331,1466,4.3608074
2331,3238,1.86783
1061,1197,4.490223
1061,1,4.2400045
1061,3421,4.2253933
1061,2791,4.191676
1061,1282,4.08444
1061,537,3.5291536
1061,2598,3.2510378
4988,1193,4.216784
4988,296,4.120193
4988,923,4.1030188
4988,2028,4.055231
4988,2692,3.993349
4988,34,3.5329404
5639,1066,4.4736795
5639,1357,4.022483
5639,588,3.974253
5639,2976,3.2242315
965,3468,4.442232
965,1041,4.255397
965,595,4.091463
965,1385,2.7568767
2855,3948,3.4708369
2855,3718,3.1691687
2855,3865,2.791177
2855,3821,2.1896079
1558,2571,4.688687
1558,110,4.49794
1558,3178,4.0835605
3245,3481,3.741455
3245,3510,3.529901
3245,3298,3.1314108
3245,3882,3.0395482
3245,3301,3.0247428
3245,3717,2.5475135
3245,2340,2.2374275
3245,3824,1.4963948
1330,1204,4.684058
1330,858,4.618024
3909,1198,4.7056656
3909,2949,4.197481
3909,2580,4.1376514
3909,2502,4.116401
3909,2492,3.101478
3909,736,2.222171
206,1544,2.3191938
206,3300,2.2574522
4063,318,4.6408715
4063,1196,4.384819
4063,1266,4.16776
4063,3753,3.996872
4158,837,3.7697992
4158,1582,3.6043124
2045,3916,4.5982842
2045,34,4.4890194
2045,2861,4.357636
2045,2881,4.259597
962,1358,4.4034715
962,3147,4.4023767
962,2396,4.342692
962,1797,4.2702
962,2542,4.058718
962,2395,4.0483255
962,586,3.1325235
5844,3536,3.8030226
5844,3461,3.7139344
5844,3744,3.1898139
5844,3785,2.9526186
5844,3326,2.5275333
5844,2995,1.6135267
2057,2762,4.635412
2057,1225,4.6206923
2057,1214,4.417132
2057,2333,4.1606636
2057,2580,4.1596036
2057,2759,3.6644251
2057,1459,3.4725795
2057,2710,3.275371
2057,3130,2.334305
3954,260,4.426598
3954,1374,3.7396777
3954,1215,3.699326
3954,3033,3.372933
3954,1334,3.2256646
3954,788,2.948112
3355,720,4.2591805
3355,593,4.1418633
3355,741,3.7743912
3355,83,3.090941
3355,1347,2.9319057
1799,2762,4.161519
1799,593,4.0597563
1799,223,3.6475453
1799,1641,3.564959
1799,3408,3.5493972
1799,509,3.402485
2867,3114,4.726472
2867,3408,4.331133
2867,3513,4.2050114
2867,3173,3.9070072
147,3089,4.2920938
147,1617,4.058547
147,1307,4.043105
147,1358,4.0398264
147,2858,4.005119
147,1210,3.94136
147,2918,3.9347916
147,1370,3.6474428
147,161,3.5475898
147,1627,3.2490442
147,1883,3.0664468
5932,480,3.0413747
5932,1100,1.5960443
2169,1449,4.330184
2169,1446,4.2970304
2169,2687,4.0509043
2169,2617,3.9516873
2169,2004,3.6530101
2169,1992,3.4274945
5499,2571,5.2026715
5499,589,4.885884
5499,1784,4.802538
5499,2395,4.6536126
5499,555,4.5872526
5499,647,4.56087
2482,318,4.431285
2482,3408,3.7391624
2482,11,3.6730287
2482,3179,3.407805
2482,3155,3.3724914
2482,1459,3.3029852
3851,527,4.627717
3851,3543,4.0128546
3851,2987,3.5202117
3851,1093,3.1059606
3851,788,2.6767583
3851,2188,2.2591474
5392,2396,4.179516
5392,3471,4.0454082
5392,300,3.8189511
5110,1193,4.464972
5110,1217,4.30632
5110,1210,3.909036
2479,1240,4.244857
2479,1994,4.0049324
5071,2019,4.8119917
5071,50,4.7096653
5071,1207,4.580497
5071,1961,4.2966013
5071,474,4.1167192
254,1278,4.119733
254,2654,3.6843557
254,2399,2.8672347
4420,1204,4.6376405
4420,1198,4.612763
4420,750,4.610714
4420,1069,4.070855
4420,357,3.9329472
4847,919,4.1363
4847,2726,4.061187
4847,111,4.0555663
4847,1633,3.557384
3273,923,4.146446
3273,1580,3.060321
954,923,4.2077737
954,2329,4.134305
954,1296,3.9310436
954,3147,3.8282554
954,1215,3.7503047
954,896,3.4505067
6028,1954,3.6314025
6028,3125,3.4074578
6028,165,3.1553774
6028,592,3.148172
6028,733,3.0680745
6028,2402,2.681748
1562,1690,2.9490888
1810,2206,4.1755815
1810,1625,4.0151505
1810,3072,3.9169674
1810,1732,3.8161612
1810,2024,3.418085
5611,969,4.8206587
5611,2529,4.2451468
1469,951,4.4358234
1469,910,4.3780212
2835,1095,3.929678
2835,3952,3.9294844
2835,1965,3.9175453
2835,2529,3.895565
291,858,4.65
291,1272,4.638092
291,1247,4.579786
291,1674,4.3986216
291,1296,4.310923
291,1101,4.253272
291,3742,4.212558
291,1271,4.1716175
291,1277,4.1451135
291,3548,4.1375685
291,2866,4.0058017
291,2146,3.8414953
291,2953,3.417437
4300,589,3.572447
4300,2139,3.5224838
4300,588,3.4605749
4300,2018,3.3671877
4625,3361,3.8778226
4625,1968,3.8774948
4625,3210,3.8642192
4625,2288,3.78264
4625,3448,3.7253714
4625,2371,3.6644793
4625,2915,3.4773302
4625,2428,2.1108623
4625,435,2.0220442
4625,160,1.954404
2061,3481,4.325614
2061,3098,4.1483164
2061,3925,4.0787706
4775,3147,4.106064
4775,2628,3.0052266
3071,2336,3.5258408
3071,2702,2.661825
5877,1196,4.03015
5877,2716,3.5918403
5877,2700,3.475987
5921,50,4.191724
5921,593,3.996467
5921,1240,3.717915
5921,1210,3.6757596
5921,553,3.4131818
5921,2782,2.7178082
5631,1136,4.4887686
5631,1199,4.22412
5631,1176,4.0671024
5631,3499,4.0074596
5631,3703,3.8651996
5631,3503,3.7047558
5631,2427,3.621594
5631,242,3.483715
3753,2571,4.229891
3753,1265,3.8499107
2827,1198,4.200091
2827,1210,3.7031336
2827,2194,3.6913514
2827,223,3.407411
2827,3298,3.380874
2827,3770,3.0964305
2827,2770,2.9629276
405,2359,3.8603127
405,2375,3.2843719
2516,912,4.5199256
2516,440,3.9979575
1149,1225,4.250715
1149,2968,3.689283
1149,2916,3.2403727
1149,2006,2.9720068
1149,2723,2.5909698
1149,2421,1.9867383
2821,1284,4.2257094
2821,110,3.9937372
2821,3535,3.0618038
2821,1580,2.5072432
1532,1704,4.596378
1532,32,4.586323
1532,2289,4.533946
1532,3060,4.3708563
1532,3418,4.3676205
1532,2395,4.349416
1532,3100,4.347437
1532,2908,4.340022
1532,2108,4.319249
1532,551,4.2731423
1532,514,4.2279367
1532,3253,4.216666
1532,2976,4.021741
1532,2106,4.017866
1532,1513,3.6986322
1532,2713,2.9573948
30,296,3.8224602
30,3949,3.7371836
30,150,3.627739
3052,745,4.077006
3052,741,3.5915573
3052,1077,3.5664587
3052,2117,3.2656035
3052,3827,3.0938163
3052,198,2.9419286
3052,2363,2.8459346
3052,2046,2.8066387
3052,3826,2.0844426
2505,1204,4.978376
2505,1954,4.371834
2505,3948,4.2934456
2505,2683,3.941843
5672,2997,4.0990143
5672,3125,3.6805217
5672,3145,3.3707254
5870,1258,4.6434517
5870,1270,4.3482323
5870,1721,3.831913
5870,267,2.0030658
5385,2762,4.4423747
5385,2571,4.394068
5385,1584,3.8264544
5385,2640,3.6347344
2250,2791,4.0740633
2250,1673,4.028181
2250,3793,3.8716633
2250,592,3.6815958
2250,1580,3.366929
852,1060,4.2396
852,1270,4.197012
852,1210,4.196415
852,3361,4.091309
852,2108,3.9280176
3284,608,4.682292
3284,1292,4.4037566
3284,3476,3.8858757
3284,2316,2.646006
4944,750,4.7900667
4944,2102,3.9508443
3674,858,4.517573
3674,1193,4.403738
3674,2858,4.27344
3674,1617,4.2206526
3674,1222,4.0324335
3674,1291,4.0211997
3674,1240,3.9726896
3674,3178,3.707679
3674,498,2.2143803
138,1213,4.779542
138,2692,4.6376367
138,213,4.4474716
138,3783,4.345441
138,3364,4.2584577
138,2159,4.0481524
138,1859,3.9517338
3960,1947,4.29382
3960,2739,4.079818
3960,3101,3.9690604
416,2762,4.5169406
416,1258,4.2414117
416,1214,4.2064533
416,2581,3.4522004
416,3273,2.9420183
2784,3468,4.4881115
2784,2858,4.4527392
2784,110,4.367956
2784,36,4.2204704
2784,1245,4.161996
2784,1673,4.125676
2784,2908,4.0770874
2784,3328,4.0127354
2784,1095,4.012397
2784,3452,3.487042
5696,589,4.879622
5696,3644,4.1833544
2528,2997,3.9658694
2528,47,3.8854773
2528,1729,3.4760492
2528,1127,3.3327482
2528,3937,2.6417773
2528,3285,2.4197278
5245,3462,4.5841436
5245,345,4.1575303
5245,2696,3.8518684
5245,454,3.6754358
4504,1307,4.5050554
4504,780,4.0295033
4516,1221,4.7052665
4516,1213,4.671674
4516,1208,4.632098
4516,593,4.591117
4516,1411,4.283277
4516,2729,4.174585
4709,593,3.9618015
4709,2858,3.8855252
4709,1704,3.7980392
4709,3552,3.3260865
4709,62,3.042694
4684,1189,3.951863
4684,1089,3.902563
4684,162,3.7847433
4684,1077,3.652686
4684,3044,3.3733792
4684,3763,3.0348687
2584,2442,3.7620378
3492,1307,4.268174
3492,3783,4.029544
3492,3408,3.9928434
3492,3618,3.6648111
3492,2769,3.5164819
4787,1193,3.8182535
4787,2908,3.3747997
2270,924,3.7530537
2270,3793,3.6621351
2270,2916,3.5955749
2270,2600,3.4868722
2270,2683,3.3755898
2270,3623,3.3226953
2270,1970,2.891065
2270,2642,2.514716
4138,1197,4.5067487
4138,924,4.2894497
4138,1374,4.011945
4138,3624,3.8918881
4138,1748,3.8603516
4138,3623,3.55734
3856,924,4.9644547
3856,480,4.5170336
3856,1367,3.391367
3856,1591,3.1920953
784,2959,4.5927672
784,3753,4.2625313
784,2605,3.9047623
784,788,3.6151767
4133,1625,3.8853354
4133,3044,3.8477693
4133,480,3.810961
4133,235,3.5599432
4133,799,3.2756314
4133,1644,2.0668316
632,2109,3.7813475
632,1573,3.6432881
3421,858,5.0313864
3421,1230,4.689225
3421,3101,4.3095083
4392,2797,3.7458797
4392,2174,3.7018015
4392,2628,3.699994
4392,3179,3.6160398
4392,19,2.7508292
2392,3114,4.4670634
2392,2908,4.214194
2392,2694,3.8035479
2392,2714,3.6757874
2392,3325,3.3377304
2392,2392,3.1609101
5547,1307,4.199156
5547,2997,4.1470013
5547,2791,4.1255054
5547,1210,4.0535145
5547,3552,4.025097
5547,265,4.019373
5547,1183,3.7752347
5547,2390,3.7382321
5547,3684,3.49611
5547,1735,3.41434
5547,2581,2.9100738
5547,2154,2.5489333
5547,153,2.4429393
1578,858,4.8005433
1578,527,4.646595
1578,1198,4.640889
1578,1240,4.148967
1578,2916,3.215313
1414,457,4.4743285
1414,2002,3.7940426
1414,2628,3.7802625
1414,736,3.70966
1414,292,3.567481
4857,608,3.9616168
4857,480,3.2226744
4857,21,3.0859005
645,2858,4.5142517
645,1206,4.3702245
645,3077,4.3388853
645,1537,4.3238916
645,2396,4.323782
66,480,3.8515737
4749,2997,4.0477233
4749,2959,4.029194
5004,2065,3.5310779
5004,2554,3.030688
4376,1954,3.9375582
4376,480,3.7446282
4376,432,2.3412688
1460,3286,1.7870885
564,910,4.0726686
564,920,3.9469132
564,1097,3.6958785
564,2078,3.5947838
348,1304,4.1889753
348,3062,3.980595
348,3545,3.8676393
348,3836,3.8089902
348,2096,3.7067676
348,2087,3.643031
348,368,3.1983895
348,1676,2.7665458
348,2701,1.8146505
2904,2858,4.5110908
2904,1704,4.3991675
2904,2997,4.3024154
2904,3005,3.378929
5471,1210,3.9232178
5471,2114,3.7320936
5471,2628,2.5116668
5417,1261,3.4109118
5417,1073,3.4023595
5417,2664,3.3899632
5417,2454,3.1977222
5417,367,2.9220567
2606,1234,4.5296526
2606,1197,4.5272923
2606,1278,4.411398
2606,1230,4.376129
2606,3160,4.097272
2606,3361,4.019847
2606,2064,3.9662547
3939,858,4.183943
3939,1218,3.7613034
2089,1212,4.375444
2089,908,4.3262053
2089,3753,3.9373446
2089,2580,3.9168363
2089,2644,3.9046988
2089,3952,3.8871975
2089,2694,3.3002293
2089,2147,2.869613
5036,2670,3.9049249
5036,2355,3.755835
5036,3139,3.3251407
5036,2975,3.1576214
5036,2828,1.71967
1237,1270,4.0153475
4061,3812,3.32685
4061,3764,3.056075
4061,3847,2.6339045
1156,3911,4.1103253
1156,3536,3.911318
1156,1183,3.7691755
1156,39,3.7581878
1156,3189,3.7101016
1156,708,3.666443
1156,2496,3.6170886
1156,2297,3.4889417
1156,2906,2.6244192
3296,2858,4.988249
3296,2580,4.592212
3296,2987,4.3627534
5377,34,3.9336472
5377,493,3.592269
5377,3101,3.4009428
5377,1409,3.15462
400,1196,4.126809
400,2329,4.1152906
5835,953,4.3885274
5835,34,3.9756377
5835,1465,3.3842742
642,904,4.6324253
642,1356,3.9110637
3680,923,4.4659214
3680,3360,4.370928
3680,1097,4.216156
236,1197,3.9918728
236,2804,3.8624878
236,589,3.5787108
236,3548,3.5293593
236,163,2.8790445
236,3930,2.2238154
5707,898,4.7273316
5707,800,4.5062337
5707,1784,4.441946
5707,515,4.283831
5707,300,4.2474113
5707,3751,4.15976
5707,2916,4.023285
5707,14,3.998639
5707,661,3.9416225
2964,904,4.8838105
2964,260,4.8068285
2964,1252,4.7836027
2964,1219,4.6942706
2964,2871,4.3465824
5171,3639,3.8443496
5171,3766,3.0743325
4612,1411,3.9834535
4612,3751,3.8610854
4612,483,3.6999803
4612,62,3.5046525
4612,372,3.2113526
5089,1223,4.1680713
5089,955,4.0164704
3232,1914,3.537962
3232,2700,3.3073344
3232,3247,2.9947333
3232,2321,2.9166052
3232,2572,2.9098885
3232,2883,2.8096404
3232,3747,2.782277
3232,3712,2.7179363
3232,468,2.389104
4332,2028,4.3768396
4332,3179,3.3023582
4332,2976,3.1357608
5781,2762,4.485427
5781,3006,4.063592
5781,1210,3.827464
5191,266,3.4239826
159,3114,4.186723
159,2706,3.9356701
159,3751,3.7800362
159,2772,3.3325033
159,2718,3.2474055
2563,2028,3.996461
2563,3527,3.3642445
2563,2959,3.3009098
2545,750,4.7077394
2545,1293,4.611627
2545,457,4.4553456
2545,3105,4.239793
2545,1678,4.1397443
2545,3555,3.9106987
5411,1125,3.3377569
5411,3081,3.272893
2558,1270,3.8055801
2558,2407,3.494723
2558,3861,3.3342643
2558,3882,3.2969356
4176,908,4.9897933
3076,1047,3.3123357
3076,2154,1.9269775
2891,2908,3.7627892
2891,3160,3.4687877
2891,2683,2.9580684
616,1221,4.6428103
616,3751,4.095739
616,3793,3.966252
5052,1394,4.071764
1957,903,4.185354
1957,1294,3.9683065
1957,1094,3.652296
1957,2885,3.207532
572,3578,4.164811
572,2820,3.6195247
572,3285,3.069041
572,1975,3.0307515
5883,2762,4.5322385
5883,2433,3.4084368
5883,3113,1.9373266
2973,2706,3.834699
2973,2700,3.5825276
2973,2572,3.4665346
2973,2541,3.3695712
2973,24,3.3324256
2973,2710,2.782724
944,318,4.8907385
944,47,4.370526
944,3578,3.9721406
944,3752,2.4289122
5979,2762,4.3437357
5303,110,4.175193
5303,1222,4.075508
5303,2068,3.7635303
1515,260,4.4351845
1515,1958,3.555476
5898,2858,4.3765697
5898,2599,4.0238314
5898,1277,3.975626
5898,2716,3.9462557
5898,2763,3.7591474
2273,2706,4.2875376
2273,11,4.2005234
2273,2840,3.5591483
2273,2041,3.2756956
2273,19,3.0166361
1165,1197,4.3943954
1165,3683,4.272851
1165,3052,3.890407
1165,3159,3.76872
1165,2335,2.9230509
1165,2429,2.6455932
1165,2532,2.5017424
1165,2903,1.9336872
1649,2571,4.505768
1649,593,4.4905515
1649,1196,4.4172635
4691,2028,4.1641893
4691,3006,3.8979065
4691,440,3.7658389
4691,1179,3.404593
4691,3869,3.2252653
4691,2906,2.3827074
1111,1608,4.137207
1111,1032,4.0870166
1111,146,3.616439
1111,2123,3.5925589
2509,1198,4.0509872
2509,858,3.9580307
2509,2692,3.7584434
2509,1304,3.6631272
2509,1387,3.5842385
2509,589,3.4419127
2509,1769,2.609523
2509,585,2.588577
2509,1720,1.5841174
672,913,4.455814
672,1387,4.1164527
672,2948,4.0041246
672,3675,3.812839
672,2628,3.5171943
4991,1193,4.344485
4991,2762,4.2640343
4991,3735,3.9293463
1795,1265,4.5805807
1795,380,4.524481
1795,519,2.4589803
5478,589,3.8647158
5478,539,3.8177397
5478,356,3.8033304
5478,349,3.6200075
5478,2012,3.3903477
1730,1969,3.033609
4348,3477,3.379616
1848,2291,3.4352503
4751,1949,4.3349066
4751,3072,3.8897986
4751,1884,3.7157521
2662,908,4.2596483
2662,953,4.164404
2662,110,3.9869206
2662,3929,3.8170516
2662,589,3.7162488
2662,2948,3.6928737
2662,3870,3.6625223
2662,380,3.2680821
2662,1544,2.4723148
2951,1203,4.5252533
2951,2997,4.2171454
2951,3552,4.123595
2951,1680,4.095847
2951,2539,3.868825
2951,2155,3.6878505
5363,589,4.4634333
5363,1934,4.4289904
5363,1370,4.256082
5363,349,4.2014875
1791,1228,3.9676735
1791,2313,3.8613079
1791,2997,3.8335435
1791,1296,3.6984458
1791,1302,3.5254917
1791,1589,3.0546513
1791,1447,2.6335816
5384,910,4.7823906
5384,2858,4.7609897
5384,73,4.2520113
5384,1542,4.045919
5384,2649,3.9839356
359,260,4.5463724
359,3702,3.9754004
359,2528,3.8038878
4833,913,4.536155
4833,3421,4.25451
4833,1387,4.2176404
4833,3219,3.5614617
4833,2699,2.9102798
778,1208,4.7371464
778,2804,4.508732
778,1201,4.444985
778,589,4.3431025
778,2716,4.1482306
778,349,4.032543
778,1608,3.803829
778,2985,3.76501
778,2402,3.49056
778,2735,3.4470994
778,494,3.4434636
778,2413,3.422838
778,20,2.571657
2408,1358,4.1711416
2408,1953,4.1129484
2408,1674,4.0715714
2408,3148,4.0064974
2408,3160,3.9064646
2408,3747,3.8792834
2408,1092,3.8582096
2408,3176,3.5814855
2408,3124,3.4912965
2408,3173,3.1421795
2560,337,4.005939
2560,265,3.9870741
2560,3250,3.6894953
63,3160,4.1474137
63,2395,3.9984076
63,2502,3.9513578
63,2987,3.7318878
63,2600,3.354689
63,3409,2.7224746
63,2827,1.6994728
63,2555,1.0113931
4,1214,4.183091
4,3702,3.499465
3126,3147,4.182765
3126,16,3.8889096
3126,2841,3.6120703
2600,527,3.918868
2600,1213,3.5120435
2600,3408,3.4097636
2600,1302,3.2600107
2600,3723,3.191398
2600,3173,2.6728806
2209,2973,3.901471
2209,1734,3.5421286
3748,2716,3.7018342
3748,2915,3.4501095
3748,2145,3.2167373
4226,1288,4.434739
4226,2761,4.266909
4226,2355,4.0427456
4226,2699,2.9229782
336,32,4.7293525
336,1584,4.4668193
336,3638,4.236508
336,316,4.215206
336,2641,4.094569
336,546,3.3163095
1453,361,3.4633021
1453,2683,3.4137318
3734,1387,3.5956652
3734,2001,3.2020242
3734,2532,2.609195
1936,3925,3.6422193
1936,2455,3.2073488
3467,2858,4.203763
3467,1214,4.1966434
3467,2997,4.098314
3467,3869,3.5325646
3467,3846,3.4925926
2191,750,3.6578748
2191,2501,3.4976554
2191,110,3.4726183
2191,2858,3.1241708
2191,2355,2.5951543
191,1608,3.3595712
191,2539,3.195343
191,19,2.2091725
2856,903,3.829808
2856,1610,3.8128371
2856,1271,3.6276572
2856,1580,3.5091794
6033,110,4.232151
6033,1201,4.228099
6033,2670,4.100186
4698,2912,3.9273462
4698,3129,3.865222
4698,2883,3.8012545
4698,2628,2.601009
4206,1806,3.2875288
2610,589,3.641245
2610,3869,2.8277886
2610,3316,2.6710806
2610,1426,2.3296442
3776,1288,4.3727226
3776,1079,4.2433047
3776,1663,4.0572205
3776,2746,3.6317363
4860,3543,3.9498866
3566,969,3.9358172
3566,1256,3.730337
3566,2728,3.5586197
5876,1304,4.1958184
5876,1387,4.020553
5876,1210,3.9141173
5876,2174,3.4170802
1682,858,4.973704
1682,1193,4.7868357
1682,2804,4.6676044
1682,36,4.451124
4587,457,3.5458117
4587,28,3.2230296
4587,3785,2.2398672
1781,110,4.151613
1781,3753,3.7621593
1781,1337,3.694702
1781,253,3.6610873
1781,317,3.6219625
1781,3016,3.442397
1781,366,3.4417663
1781,1331,3.4310586
1781,842,3.3084235
1781,788,3.2198412
4968,924,4.477804
4968,1206,4.453705
4968,2708,3.9823294
1918,2324,3.5837734
1918,2333,2.955256
440,2396,4.0209413
440,2763,3.5458307
440,1573,3.2416997
222,1250,4.614806
222,1214,4.3284664
222,2174,3.876054
222,3893,3.829503
222,2,3.7675703
222,788,3.452611
4723,3812,4.1165457
4035,110,4.5474534
2580,923,4.221107
2580,2064,4.0652885
2580,1080,3.9539254
2580,1914,3.8483725
2580,2321,3.6791515
2661,110,4.159855
2661,3671,4.0507793
2661,34,3.913533
2661,1380,3.9099665
2661,1028,3.884058
2661,2108,3.5635095
2661,2407,3.559663
2661,3388,3.047146
5934,1247,4.0547285
5934,3095,3.9718623
5934,6,3.610878
4550,2858,4.376942
4550,2605,3.5555847
2829,3415,2.8843343
2829,3092,2.713685
2829,507,2.6577983
2829,3503,2.6366441
2829,793,1.2341533
5155,2571,3.9559293
5155,3773,2.2027578
460,1136,3.9170842
460,2863,3.6786387
460,3363,3.5912418
460,1220,3.5403981
460,21,3.2689285
460,1395,3.1011126
460,3791,3.004255
3516,1198,4.2248874
3516,608,4.0503726
3516,3897,3.8837974
3516,1374,3.663006
3516,3793,3.653516
3516,1748,3.633571
3516,2355,3.5875785
3516,316,3.4750848
3516,3033,3.3668575
3516,2105,3.1985097
3516,2094,2.9629512
3516,434,2.9611285
3516,1126,2.3819695
3516,3877,1.8625858
6027,110,4.5180283
6027,3555,3.914464
5644,2324,4.659032
5644,110,4.5651603
5644,597,4.2594166
5644,1022,4.1882477
5644,1608,4.147685
5644,2087,4.0319643
459,2763,3.797265
459,3176,3.6258986
459,2724,3.0524173
3845,720,4.620362
3845,296,4.5231833
3845,3429,4.4779615
3845,1394,4.2874994
3845,2478,2.9768925
2637,3039,3.6695511
2637,3203,3.6093726
2637,2023,3.2526805
2637,2976,3.0630856
2637,2906,1.5474304
5215,941,3.8375137
5666,2028,4.1580267
5666,3354,1.7701904
2431,1393,3.0773044
2108,745,4.6400857
3188,1265,4.21766
3188,3408,4.0561748
2415,3160,4.0969105
2415,2160,3.9781997
2415,1466,3.963056
2415,490,3.456493
900,2732,3.8362463
900,2585,3.6255724
900,1186,3.50878
900,3185,3.3746321
5563,919,4.0986376
5563,1210,3.790933
5563,34,3.59509
5563,3534,2.926649
1319,3510,3.4716864
1319,2791,3.3608928
1319,3408,3.1117063
1319,415,2.6971323
5632,733,3.838081
5632,1097,3.8269598
5632,780,3.6043758
5632,1573,3.4557323
5632,1912,3.353447
1838,3624,3.381946
1838,1968,3.3697305
5196,296,4.0899906
5196,1537,3.9061198
5196,357,3.5007071
5196,3255,3.327396
5196,1414,3.2501836
5196,2683,2.8612797
4200,1476,3.7054803
4200,198,3.6664257
3452,1247,4.92538
3452,1201,4.685001
3452,1673,4.435203
3452,3408,4.2870464
3452,145,3.7920184
3451,50,4.5649247
3451,2997,4.186075
3451,2396,4.0774918
4293,1198,4.8902397
4293,3741,4.5452356
2667,899,3.9730277
2667,58,3.4158049
2667,1277,3.0698555
2667,2291,3.0142398
2667,301,2.638253
3392,318,4.589988
3392,3148,3.9947224
3392,1265,3.9745324
4023,1270,3.4631686
4023,1219,3.0955508
4023,1333,2.9075532
4023,2654,2.8678584
4023,2617,2.6292038
4023,2366,2.4937892
4023,2365,2.4471111
4266,3219,3.4406714
4266,2688,3.263578
4266,2699,2.9372199
4266,2712,2.3920465
4266,2555,2.1990695
1900,2841,3.8701658
1900,2734,3.6916192
1900,2826,3.3300548
1994,912,4.7701626
1994,3114,4.546483
1994,110,4.504567
1994,1179,4.0422354
614,2087,3.8452103
614,2294,3.5155158
614,801,3.3701172
614,1064,3.26808
5577,1193,4.141511
5577,3668,3.2829113
5577,2598,2.4820786
5577,3638,2.3858423
3694,858,4.317539
3694,2716,3.6972032
3694,1095,3.696736
3694,2243,3.6390963
3694,1580,3.4687386
3694,253,3.292103
4997,1894,3.4900036
3843,2706,3.297564
3843,34,2.7493238
3843,264,2.557297
3843,1021,2.528161
3843,87,1.9120549
1557,3499,4.6386585
1557,2716,4.621474
1557,1580,4.5740137
1557,1407,4.344964
1557,788,3.6520357
1557,2530,2.999528
1725,1266,4.3776464
1725,2699,2.771158
1725,2606,2.6233146
860,1130,2.974097
5967,2628,3.5324225
5967,2884,2.9530303
3765,3147,4.6041546
3765,3079,4.2398834
3765,3276,3.5241995
3102,2762,4.1748924
3102,1959,3.5208783
3102,3160,3.4329107
86,1015,4.0138173
86,609,3.7729
86,2701,3.5920339
2543,318,4.8064213
2543,3095,4.433918
4025,3255,4.021016
554,3203,3.6832087
554,2688,2.6291778
2133,593,4.158825
5414,2571,4.461981
5414,2791,4.098383
5414,480,4.0644064
5414,588,4.0058966
5414,2005,3.909547
5879,1610,4.0373135
5879,2991,3.5718043
2819,3072,4.1562557
1307,2846,3.6755784
4185,1214,3.875383
4185,1345,3.524674
4185,2657,3.1747832
4185,2097,3.166048
5907,1267,4.1726804
5907,111,3.9932876
5907,3067,3.6752539
4068,1212,5.003744
4068,2670,4.523205
4068,2433,3.888142
5436,2028,4.338194
5436,480,3.533371
2708,2467,4.096491
2708,2881,2.8123655
2708,542,2.3254614
2708,2701,1.6627152
995,3097,4.2383485
995,1265,4.1048126
995,1680,4.056135
995,433,3.3988657
634,919,4.5627117
634,1210,4.357625
634,1220,4.2475777
634,588,4.131786
634,1013,4.025768
634,1029,4.023095
634,837,3.933242
634,2394,3.8782368
634,2046,3.8217006
4495,260,4.906201
4495,32,4.5695033
4495,2081,4.386777
916,1196,4.216383
916,2918,3.9748259
916,3552,3.8532796
916,480,3.6354446
2714,608,4.1939173
2714,2529,3.5388348
2714,1580,3.02159
2714,70,2.750758
4690,1387,4.122769
4690,1345,3.853913
4690,2093,3.5833175
4690,3225,3.5801942
1043,1179,3.7563975
1043,2391,3.7176046
1043,2657,3.2040238
4067,912,4.3647537
4067,2599,3.853167
821,3901,2.1289654
3779,497,3.9666653
3779,902,3.9349442
3779,3099,3.1922631
3779,85,3.1368551
4462,2692,4.014741
4462,2959,3.757993
4462,253,3.3635905
4672,913,4.2491426
4672,3814,3.9634902
4672,1935,3.9075935
4672,3516,3.5406303
4672,549,3.509682
4672,2734,2.8751836
1832,2324,4.372023
1832,1643,3.981224
1832,290,3.9803872
1832,1734,3.9233723
1832,341,3.693993
2385,605,3.2649112
688,1208,3.9508152
688,1278,3.800817
688,3196,3.7295687
1529,1215,3.8808084
1529,349,3.7760625
1529,648,3.7262278
5202,1080,3.735488
5202,2527,2.620128
5202,432,1.3669227
3015,1251,4.151553
3015,3408,3.8855078
3015,2475,3.5502057
3015,408,3.3796675
3015,779,3.1904564
3015,2188,2.9766073
2822,3911,4.062273
2822,2303,3.9485471
2822,279,3.4915843
2822,2133,3.4308982
2822,269,3.3457756
742,1097,4.239231
742,1580,4.093934
742,2407,3.794171
742,1992,2.7691917
16,2987,3.6896815
16,1911,2.5916173
4435,1358,4.0375624
4435,2908,3.7484589
4435,2580,3.607992
4435,2881,3.0571895
2850,3006,3.460883
2850,1259,3.1514244
2850,3175,2.9446297
2850,2470,2.633418
4365,527,4.330839
3222,1201,3.891795
3222,1249,3.7868595
3222,1150,3.3366275
1351,50,4.6396856
1351,1617,4.288622
1351,1036,4.2296
1351,232,4.1923003
1351,589,4.0777307
4913,2858,4.156871
4913,3006,4.024889
4913,1265,3.8302279
4913,597,3.8166766
4913,165,3.6503992
665,1198,4.5993876
665,1982,3.9584408
4677,3809,3.714799
1009,3897,4.239235
1009,3510,4.053812
1009,1885,3.8608053
1009,3858,3.4052043
1009,3534,3.2432432
3016,1376,3.9754024
3016,1375,3.5713696
3016,1623,0.8653352
1656,2394,3.3369718
1703,260,4.660941
1703,480,4.27558
1703,1411,4.2298236
3544,1968,4.3297167
2574,1278,4.7790356
2574,933,4.7176495
2574,3095,4.6119223
2574,356,4.3821588
2322,318,4.504363
2322,608,4.1942
2322,590,3.9994433
2322,1923,3.9375684
2322,2908,3.8366408
2322,3418,3.7192032
2322,2712,3.115018
2322,2713,2.9767952
1808,3114,3.6823516
1808,3512,3.4646626
1808,112,3.143081
1808,783,3.1036177
636,1197,4.7510715
636,1721,4.488593
636,1127,4.2623105
636,1347,4.1573305
636,2513,3.982006
636,3693,3.7223454
636,2121,3.6444216
1247,923,4.6334734
1247,3751,4.1358533
649,2762,4.74746
649,750,4.7102475
649,3471,4.343719
649,1610,4.033286
649,2288,3.977603
649,10,3.7154555
649,2628,3.349032
1200,2336,3.9119196
1200,2672,3.5230746
1200,3113,3.412022
1200,2856,3.3749084
1200,2853,3.266951
1945,2692,3.1357143
1945,1210,3.0386722
1945,919,2.9252434
1945,555,2.7476673
1945,123,2.617168
1945,1912,2.607019
1945,2273,2.1102602
5919,2700,3.5182037
5919,2395,3.2383332
3354,260,3.878687
3354,589,2.8225875
3354,1206,2.8037107
3354,968,2.4960356
3354,185,1.5380435
1572,3203,3.657115
1572,3798,3.345155
1572,2881,3.303952
3302,2762,4.065223
3302,913,4.0142307
3302,2336,3.5906525
3302,1127,3.5150802
3302,2431,3.4501176
3302,32,3.449555
3302,2826,3.352292
362,110,3.935032
362,1527,3.332151
362,3555,3.1708145
362,2427,2.90095
5640,2959,3.9455643
5640,2976,3.3530853
3582,2763,3.9860249
3582,2405,3.928563
3582,2470,3.8368373
3582,60,3.784132
3582,329,3.7427323
3582,2133,3.6696615
3582,1779,3.4252882
3881,1968,3.9217758
3881,2289,3.8257236
3881,1732,3.698771
3881,3785,3.0164158
535,2013,3.2378585
2640,2456,2.7915545
5212,3307,4.7745886
5212,2396,4.463657
5068,593,4.484309
5068,2194,4.16008
5068,1962,4.05041
4198,1994,4.2288976
4198,1345,3.9564602
4198,107,3.4795034
4198,724,3.0166388
4198,407,2.6293437
4159,527,4.715741
4159,2396,4.2845716
4159,3189,3.7570324
171,1230,4.1544695
171,2966,4.0825977
5218,2005,4.364363
5218,2,4.0754514
5218,3439,2.922236
4372,3593,1.3469834
5066,2628,3.8627117
1815,1206,4.422954
3572,1307,4.312333
3572,2080,4.137668
3572,1094,4.0620747
3572,21,3.8923068
3572,13,3.4802608
313,2948,4.277995
313,3555,3.859428
313,70,3.5732963
4052,3852,4.205536
4914,457,4.238964
4914,2804,4.1741614
4914,589,4.039529
4914,733,3.9421885
2326,2762,4.8074856
2326,2393,4.166706
2326,3948,4.089049
2326,2714,3.908826
2326,3452,3.5773487
2326,1532,3.454156
2326,173,3.1572535
803,110,4.0139856
803,1610,3.8435664
803,367,3.3165598
803,2006,3.313096
803,653,3.2385397
803,2046,3.1983786
2417,3543,4.401941
2417,2384,3.8429089
2940,2571,4.221582
2940,2997,3.993548
2940,2710,2.8491664
1083,260,3.9016228
1083,1198,3.8448358
1083,440,3.1266546
1083,2393,2.8604498
1486,1240,4.1685786
1486,2959,4.1610136
1486,24,3.1151805
1486,3285,2.9934018
1486,2629,2.6167436
1691,2804,4.1321115
1691,446,4.069993
1691,1240,4.0437493
1691,2000,3.7065053
2502,1269,4.276548
2502,648,3.8572388
2548,110,4.676902
2548,1210,4.50877
2548,1959,4.308649
2548,3408,4.2783823
2548,2605,3.8829584
2548,2676,3.755261
152,1136,4.547948
152,1259,4.2785664
532,1580,3.9863267
532,2529,3.9589248
532,2622,3.5592794
2443,1307,3.9940672
3660,1214,4.1850657
3660,1584,3.8662517
3660,2916,3.6363628
3660,2657,3.6032615
1493,3114,4.203865
1493,3253,3.4566512
3316,111,4.1426725
3316,1931,4.029998
3316,1220,3.906982
3316,595,3.891524
4405,260,4.878318
4405,720,4.862619
4405,3189,4.1021914
5899,3033,3.2033632
5899,3591,3.0930254
2111,2762,4.4134674
2111,450,2.9392288
1989,908,4.517606
1989,3160,4.013191
1989,2699,2.515271
1664,1784,3.1923542
1664,2321,3.0007014
1664,1088,1.9412363
2675,260,4.5835457
2675,32,4.03507
2675,1073,3.994376
2675,2174,3.7259293
2675,2916,3.611751
2675,2,3.052739
2675,24,2.8082147
4894,260,4.481928
4894,2988,3.6906767
4894,2085,3.681514
364,2396,3.6130886
364,2248,3.4062276
364,2395,2.8353472
4891,2858,4.151478
4891,1294,3.901855
4891,1291,3.8649242
3775,1278,4.2175407
3775,1270,4.0246067
3775,2321,3.7556958
3775,2779,3.7189326
3775,3072,3.7038164
3775,1042,3.5877934
3775,3244,3.5560076
3775,3809,3.4377103
3775,2746,3.2709029
2135,2858,4.1594057
2135,2997,3.9568658
3094,2571,4.455482
3094,589,4.103945
3094,223,3.9795017
3094,1179,3.838536
3094,480,3.6907487
1576,920,4.0628877
4246,2431,3.7785597
4246,3263,3.5248475
2040,2706,3.425907
2040,3155,3.1925912
2040,3428,3.1633039
1368,1394,4.3561616
1368,3897,4.3546185
1368,1947,4.2783
1368,34,4.1443834
2052,2355,3.6518295
2052,2826,3.5190156
2052,2710,2.8307998
2052,1831,2.7614048
4576,1961,4.466593
581,1198,4.6050982
581,733,4.1146736
581,1454,3.464572
4492,3746,3.8045454
4492,2707,3.5685313
4935,58,3.56081
4935,1183,3.4164834
194,2599,4.233617
194,69,4.0906143
194,2321,3.9134364
194,248,3.7968738
3351,1193,4.8019915
3351,2336,4.412225
3351,3005,4.011963
3351,2676,3.6126165
3351,2713,2.615005
489,1208,3.9338737
489,2279,1.46829
2009,50,4.8113675
2009,3298,3.882583
2009,230,3.8183258
2009,3509,3.2776756
5828,2762,4.1504693
5828,325,1.2981184
3282,3089,4.6530795
3282,908,4.643734
3282,1193,4.604832
3282,913,4.5344095
1364,2804,4.202421
1364,1219,4.079028
1364,1649,3.8386946
1364,2288,3.818823
1364,3018,3.6665397
1364,968,3.546897
1364,1349,2.9777646
4402,953,4.0852423
4402,2126,3.0404017
4340,1617,4.62096
4340,2599,4.3003225
4340,314,4.1906066
4340,3754,1.5910826
1895,260,4.4860687
1895,1221,4.4826417
1895,1234,4.404364
1895,1079,3.994345
1895,3424,3.9616723
2287,356,4.2911463
2287,1270,4.236049
1719,2433,2.5264292
1857,588,4.204506
1857,1282,4.187042
1857,1033,3.7754493
5299,1253,3.0432448
5299,1376,2.620911
5299,588,2.599751
5299,364,2.5962303
5299,1130,2.130171
2833,2702,2.9567876
2833,2605,2.1102717
5381,1,4.326502
5381,2791,4.205557
5381,1270,4.162999
5381,1265,4.1268005
5381,3361,4.042713
1917,1223,4.884782
1917,2858,4.8492303
1917,2324,4.803795
1917,589,4.518898
1917,2139,4.444111
1917,1527,4.091339
4645,593,4.617013
4645,1219,4.613564
4645,1247,4.5550127
4645,1674,4.484969
4645,1101,4.274076
4645,2671,4.1416044
4645,2391,4.132293
4645,1416,3.9835558
4645,1393,3.9653072
4859,356,4.3508387
4859,3751,4.224844
4859,1517,4.1715937
3064,2683,3.8079162
3064,3841,2.9299932
2839,2605,2.5538805
5581,1221,4.7259617
5581,2571,4.6947174
5581,1240,4.35041
5581,1954,4.313288
1622,1094,3.7104383
1622,266,3.3126366
5007,745,4.7452707
5007,3083,4.414769
5007,3618,3.768623
5088,260,4.681118
5088,589,4.346861
4588,1,4.2519307
4588,1271,4.036452
4588,2081,4.0195994
4588,1721,3.910769
4588,587,3.8620043
2345,923,4.133623
2345,3751,3.7009163
4316,1270,3.6815126
3488,1617,3.3945518
3488,1584,3.283428
3488,1037,2.4748828
5796,904,4.6383986
5796,930,4.4126673
5796,3565,2.975117
1566,3481,4.249896
3738,599,4.760487
3738,1663,4.352128
3738,225,4.128134
407,1136,4.158423
407,1617,4.0506754
407,1084,3.9263036
407,2997,3.926093
5461,3067,4.0006714
5461,3608,3.6506255
562,1197,4.2790713
562,3405,3.7449684
2301,1673,4.0534124
2301,2312,3.9363828
2301,144,3.5552943
2301,1395,3.4670188
1862,1148,5.0959873
1862,3072,4.4674563
1862,3751,4.4402046
5583,1196,4.500477
5583,1201,4.369446
5583,1200,4.3347793
5583,3508,4.264159
5583,2922,4.042447
5583,553,4.0321336
5583,2734,3.6844714
5583,303,3.2426786
5583,2827,2.1796477
5583,2196,1.8545038
2494,3006,3.7670329
2494,1644,1.8177356
842,2762,4.4790173
842,2395,3.8729365
4695,2977,2.569566
2838,912,4.7565956
951,3255,4.0262756
1208,3915,3.8996058
1208,2769,3.5781198
2028,912,4.3264484
2028,477,3.3649206
2028,661,3.1546502
5541,1225,4.0236917
5541,3256,3.386211
1966,260,4.803223
1966,1394,4.489541
1966,3362,4.352272
1966,1092,4.1006937
3079,1217,4.414955
3079,1358,4.367485
3079,1242,4.2770677
3079,3751,4.003068
3079,2611,3.977639
3764,3006,4.112612
3764,1620,3.3302774
5587,1704,4.384666
5587,3271,4.118099
5587,2916,3.9584537
5587,272,3.943655
5587,2598,3.6429787
5587,2605,3.6234298
483,2959,2.8918133
483,1219,2.85462
4629,2502,3.9093838
4629,2805,2.9148376
5017,1198,4.5041757
5017,750,4.470579
5017,1264,4.0742073
4254,1220,4.331651
4254,2243,4.1712317
4254,2174,3.977303
1382,1212,4.3835793
1382,3435,4.3360133
1382,1254,4.2289333
1382,1217,4.181196
5043,3269,3.9861803
5043,2950,2.9874375
5062,3156,3.5637689
2317,2369,3.4026413
2369,1617,4.7022476
2369,3505,4.331737
54,3421,4.167656
54,3362,4.0905643
54,3361,3.9299426
54,1016,2.8629563
3784,527,4.508609
3784,2329,4.2433963
3784,1265,3.9246416
3784,2091,1.9287932
3107,3755,3.5909195
3107,1320,3.3123672
3107,410,3.0063252
2229,1198,4.3013496
2229,587,2.9586222
4564,778,3.7494612
2014,1197,4.488758
2014,919,4.457176
2014,924,4.286603
2014,589,4.2164493
2274,1196,4.457186
2274,1097,4.132285
2274,2193,3.7352583
2274,3438,2.8286552
2274,2162,2.3825462
1539,1950,4.404751
1539,3095,4.3559785
4767,3114,4.3933887
4767,3006,4.2409296
4767,2829,3.1338155
4767,1513,2.7452927
4767,3593,0.9941362
2718,1961,4.427849
2718,1,4.342331
2718,589,4.303656
2718,2294,3.925696
2718,1186,3.806883
2718,370,3.7651978
2718,3258,3.4423716
2718,160,3.437419
2718,355,3.4345052
4394,2541,3.70264
4803,2858,3.951316
4803,2700,3.810927
4803,1088,3.7561092
4803,2683,3.6254413
2370,1201,4.277178
2370,1214,4.1535935
2370,2612,4.0928946
2370,3654,3.9480202
2370,3916,3.9366684
2370,1094,3.64659
3291,2947,3.9875493
2864,785,3.6043694
2864,3176,3.4984033
2864,3005,3.0212843
2864,2694,2.967985
2864,2605,2.8804913
1864,3947,3.6669908
1864,3893,3.5623982
969,608,4.607877
969,2762,4.607745
969,2396,4.345899
969,17,4.2767935
3407,2028,4.046693
3407,1,3.7648368
3407,153,1.5761101
4769,3702,3.9023223
4769,2015,3.6019943
4769,3770,3.4791331
4769,376,3.2529583
4769,3764,2.2774038
5425,223,3.8118973
5425,1965,3.792928
5425,2355,3.7398975
421,2762,4.8009624
421,1479,3.94561
1052,910,4.4529843
1052,1066,4.4250145
1052,1189,4.4141455
1052,759,4.1977215
1052,3289,3.8656116
2384,1610,4.241355
2384,586,3.668498
5608,1213,4.0742364
5608,608,4.040518
5608,1097,3.4128814
5204,2916,4.01871
5204,253,3.9619124
5204,1372,3.9614968
5204,231,3.770578
5204,2054,3.7027125
5204,2120,3.6073875
1459,2369,2.6707258
5379,3033,3.8724487
5379,2882,3.6669154
5379,5,3.5267649
356,1779,4.1021233
356,3709,3.917223
1986,3175,4.2900705
1986,2182,4.190303
1986,3893,4.0675106
1986,1440,3.711663
5965,2858,4.2723923
4720,2996,3.993639
2183,2336,4.1489286
2183,2622,3.5447047
3633,3869,3.8631363
473,945,4.455734
473,901,3.9505022
473,3513,3.4121792
5613,1086,4.141657
5613,1292,3.975812
5613,3108,3.5843592
5095,908,4.745023
5095,1193,4.7308545
5095,3504,4.355136
5095,3083,4.348793
3552,3148,3.6405768
3552,3752,2.4434724
1713,3753,4.0387897
1713,3555,3.6826136
1713,643,2.223981
2707,527,4.441191
2707,3753,3.3987758
5591,2762,5.0795383
5591,978,4.796312
5591,1921,4.450482
5591,2712,4.014595
4943,1097,4.2966185
4943,2919,4.2443976
5462,3481,4.4438515
5462,2683,3.8392591
1929,1210,4.3025465
879,1221,4.5272675
879,933,4.303316
879,1961,4.1475773
879,357,3.9265404
4911,597,3.594992
4911,1339,3.2069645
4911,2558,2.1125286
1955,223,4.241219
1955,1911,2.900201
1661,2501,3.9323359
1661,3952,3.8004057
1661,266,3.2306538
1661,3879,2.746712
540,2692,3.6496959
540,541,3.63386
540,2959,3.242814
540,223,3.2107735
2963,858,4.4072127
2963,296,4.028427
2313,3702,4.5250382
2313,2455,4.2818146
1432,2997,3.8317246
1432,2805,2.5319266
1432,2598,2.45928
2770,908,4.846768
2770,3836,4.3379784
2770,3753,4.004567
2770,370,3.4273987
2770,2532,3.2279432
5358,1233,4.400877
5358,3654,3.9354813
5358,695,2.5408149
5358,2694,2.2803576
4873,1193,4.7119126
4873,3629,4.453612
4743,3334,4.2007637
4743,3088,4.1120157
4743,1017,3.6440969
2379,349,3.8414097
2210,1270,4.0164986
2210,3952,3.847803
2210,3163,3.5975032
2767,1089,3.8059466
2767,3476,3.165086
487,1188,3.5677915
487,2926,3.0727437
487,3618,2.9773417
487,3927,2.8724487
4214,3408,4.0690813
4214,3052,4.0220604
3772,2520,3.6737676
3772,413,3.6142864
3772,2522,3.2836967
167,266,3.2813783
167,1047,3.1133265
167,3534,3.029645
167,490,2.991467
167,3515,2.9724996
167,3785,2.905289
167,804,2.7056034
167,2950,1.9973216
3347,296,4.625792
3347,1923,4.4928155
3347,2803,4.2228146
3347,3156,3.982648
3347,3483,3.7601635
5800,2762,4.297179
5800,1674,4.0179625
5800,3384,3.7692685
5800,1093,3.4195242
5800,2719,1.8624452
1292,912,4.6665344
3404,480,4.0549507
12,3362,3.9825249
1702,2137,4.708698
1702,337,4.5669527
1702,1682,4.4750595
1702,2987,4.4642086
1478,16,4.2763667
1478,3052,3.9723802
589,1136,4.425466
589,2012,3.3633351
589,2380,1.6895334
89,1704,3.614575
3405,50,4.8034234
3405,2262,3.5904002
2086,3543,4.0045433
2932,47,4.2939873
2932,3176,3.7372925
3466,2858,4.416511
3466,3019,4.035969
1663,296,4.5467577
1663,608,4.5120296
1663,150,4.2208366
3527,2369,3.383329
3767,16,3.5336986
3767,515,3.4098363
3767,3125,3.4070072
3330,2959,4.080719
3330,3005,3.6211994
3330,3179,3.4992201
5298,2985,2.971464
5298,2105,2.940092
5298,780,2.860595
5298,3615,2.6079602
1402,2396,4.133179
1402,2268,3.936959
4166,551,3.8275306
1531,480,3.9471939
1531,3917,3.469333
1384,908,4.212495
5529,3538,4.271615
683,858,4.481124
683,3178,3.8127975
443,858,4.2507815
443,3095,3.9270933
443,1089,3.781067
443,1377,2.6994445
2381,3420,3.6793296
2381,2023,3.2536576
3181,750,4.5654564
3181,3468,4.4534445
3181,1225,4.4400797
4059,3499,3.5430927
4059,2986,1.9277081
5628,260,4.2929425
5628,1218,3.9821162
5628,2633,3.2608979
609,260,4.7093782
609,1196,4.6582403
609,32,4.29165
609,1356,4.0643935
446,1099,4.9213443
446,3201,4.8107142
446,3168,4.8059025
446,35,4.1718435
1180,260,4.674856
1180,1203,4.556463
1180,3341,4.3103023
2987,1258,4.066383
2987,3052,3.6365538
2987,1396,3.6133204
2987,180,3.5080862
2987,520,2.5566947
738,3409,3.3427427
1849,1220,3.815175
4527,3685,3.7572563
4527,3623,3.2332923
4527,2525,1.9255388
4399,1097,3.3040318
4850,1210,4.17308
4850,2081,3.751252
4850,3754,2.9640732
2626,2762,4.3743052
3040,1580,3.7515726
3040,316,3.4362063
1471,2791,4.2523804
1471,1673,4.113119
1471,3753,3.5897985
5116,1537,4.364688
5116,2396,4.333722
5116,34,4.1697807
71,2997,4.2211895
71,3298,3.8481288
71,3155,3.6704953
51,3484,3.4093797
51,3286,2.6995533
982,1183,3.9121447
982,1895,3.8179371
1385,2791,3.9609056
4752,1571,3.9856076
4752,2146,2.9762096
4936,318,4.4495506
4936,2396,4.0503283
4936,3006,3.9226317
4201,1097,4.852062
4201,3082,4.548278
3396,3070,3.368401
4792,2791,3.9567618
4792,3157,2.403345
367,2067,4.3848014
367,1408,4.0764437
367,2130,4.0695276
367,1542,3.767138
2598,2628,2.8920622
3144,1090,4.536519
3144,1732,4.228992
3144,3484,3.5600972
586,912,4.8239756
586,2300,4.610613
586,2287,3.8245835
586,2378,2.999441
185,1479,3.482491
185,2826,3.351665
185,153,2.835498
3335,2795,3.7969022
3335,69,3.745227
5719,3590,2.1228755
5373,260,4.555117
5373,1136,4.4092336
5373,3593,1.1753705
2311,538,4.0420265
2311,1297,3.8570185
2831,3868,4.067087
4419,1200,4.029629
4419,2694,3.2548532
4419,1347,2.8787558
3089,260,4.890298
3089,1610,4.5557327
3089,1129,4.0951757
2442,914,4.1550927
3928,1580,3.405736
3449,50,4.697886
3449,3683,4.364057
3449,111,4.308711
3449,1206,4.2871647
3449,3265,4.2721434
3449,3576,3.802616
3449,3608,3.5424
4230,3792,3.5675077
4230,3755,3.3876793
4230,736,3.147441
4230,3806,2.982648
4864,1278,4.3669796
4864,2791,4.124998
4864,2291,3.7230957
4864,3087,3.6395297
2877,480,3.8488889
2877,3081,3.3368473
2877,2890,3.1649182
363,1249,4.434355
363,2948,4.185563
363,23,2.4586105
1280,2908,4.320813
121,2527,4.4018016
121,2901,4.222841
121,674,4.046239
1439,110,4.019342
1439,1249,3.8362775
1439,3872,3.5893142
4191,3798,3.7408133
4191,3355,3.542489
3078,1084,4.099589
3078,3783,3.8259473
4758,2573,3.2286623
3632,3082,3.5399115
3632,736,3.373476
3632,2369,3.1399527
1189,1094,3.489274
1189,3108,3.3679338
43,2706,4.342121
43,2605,3.731996
43,830,3.3732314
2578,3801,4.3734846
2884,902,4.222763
892,1200,3.9866893
892,924,3.8396044
892,1265,3.779159
892,3834,2.7515965
2689,3114,4.594657
1990,1196,4.1818705
1990,47,4.0031433
1990,3006,3.9671926
1990,2739,3.791626
3465,1200,4.392062
3465,1912,3.985133
3465,253,3.6329215
3465,2294,3.4818492
3465,3869,3.124259
6034,1267,4.440669
4267,3549,3.69366
4267,1779,2.1850924
2705,2028,4.5217524
2705,608,4.476789
2705,1356,3.8321438
2728,3147,4.0710506
2728,7,3.5428429
2728,2724,2.6029356
3570,3873,3.0963058
4599,1304,4.460355
4599,596,3.9738443
4599,13,3.5407314
395,2997,3.9603047
395,1552,3.4617467
395,1644,2.8410783
2198,7,3.5563853
2198,2136,3.318063
1363,3618,3.8613927
200,2779,3.6335
200,8,3.3429601
1638,1259,4.2000785
1638,3512,3.9182122
5427,908,4.948298
5427,527,4.918624
5427,2730,4.2783155
5427,45,3.9857178
1991,2028,4.4796367
1991,2858,4.451677
3744,150,4.3682265
5836,260,4.4121
5836,2288,3.7097263
5836,2269,2.6309996
4039,34,4.176221
4039,3159,4.1631927
4039,3793,4.0648594
4039,25,4.019019
4039,2321,3.9783442
1346,2000,3.7935116
1346,3948,3.4091265
1346,3257,2.6684203
1346,485,2.0929067
1118,1035,3.9648466
1118,551,3.7400897
2220,1278,4.479186
2220,3481,4.267644
5510,1275,3.922819
5510,356,3.880442
5510,1527,3.7101042
3375,1625,3.9101198
20,1694,4.138123
2893,356,3.9550297
2893,2110,3.1942713
3542,3798,3.3868833
4256,1254,4.1373997
4256,903,4.137084
4256,2454,2.882091
4331,2647,3.5328918
2475,1387,4.479887
2475,2160,4.3365145
2475,3727,4.0827284
217,2858,4.3027954
217,1210,4.0319023
2151,110,3.871233
2151,3932,3.4217954
2151,2439,3.3509052
2151,3066,3.2880063
2151,1965,3.2821584
2151,3936,3.2756515
2151,3928,2.9666133
5579,2694,3.184339
2549,733,3.297526
3646,1196,4.5960536
3646,2346,3.6985598
3657,3861,3.9380476
3657,2617,3.8160453
5295,1210,3.8251858
5295,595,3.6976666
5295,3070,3.2219675
5295,3608,2.8378134
5295,2054,2.6553094
1827,3566,3.2208211
1827,2263,2.6452694
1827,1544,2.4023566
1827,2389,1.7925894
2150,1197,4.3522334
2690,1213,4.5082455
2690,1208,4.488768
2690,593,4.3831635
2690,1953,4.274253
2690,32,4.1023035
5940,2690,3.563634
5940,1552,3.5439022
5940,3005,3.4915698
5703,1284,4.4895506
5703,1258,4.3273115
5703,1333,4.090538
5703,1721,3.9602873
5703,1179,3.8753057
4069,1917,3.7028337
4069,2746,3.602593
734,1911,3.5727956
734,432,3.402289
3933,1265,3.7015367
3933,2761,3.5590026
3286,1961,4.4324627
3286,2863,4.2938805
3286,588,4.228509
1240,3452,2.7943726
1704,1493,4.2230177
1704,2335,4.1510415
1704,2325,4.0118346
2706,912,4.6323624
2706,1198,4.624918
592,3452,4.055405
5117,2710,2.683268
5117,2694,2.091376
2908,2710,2.9019651
5923,1090,4.2824974
5923,589,4.167181
5923,3551,4.0949297
5923,3525,3.391959
1829,1730,3.3663125
172,2064,3.2990983
3322,1193,4.89078
3322,2580,4.334092
3322,2001,4.069895
3322,1061,4.057622
758,1694,3.746091
578,1704,4.147381
2553,2916,3.8519404
2553,454,3.8174744
1644,2028,4.1542177
1644,3203,3.5775456
1293,2804,3.8281965
1293,1617,3.6657329
1293,2321,3.1627219
1293,543,2.8631918
4651,1192,3.591587
4651,1169,3.484361
6031,3448,3.8215423
6031,1755,3.2994714
1993,1198,4.50656
1993,329,3.2200785
417,3114,4.26998
417,2139,3.8868816
1192,246,4.593761
3794,3623,2.8338447
3794,2188,2.4815269
3595,2918,4.424353
3595,1073,4.119131
3595,2694,3.181384
2702,1197,4.0034623
3783,1304,4.1918535
3783,3037,4.0156803
3783,480,3.9268868
2196,3298,4.0687513
2196,2490,3.9660056
1927,1228,4.298896
437,3508,4.456829
437,3754,2.1551888
4350,1196,4.343835
4350,3835,2.3858113
519,1225,3.8414264
519,2539,3.459662
519,3534,3.3126516
519,631,2.043316
5514,2762,4.733421
5514,2140,4.115408
5514,3534,3.5703154
98,296,4.0174046
98,920,3.6986508
98,2302,3.5935624
807,2858,4.440667
807,364,4.214681
807,3793,4.129862
807,2092,2.9552882
898,3555,3.58914
2657,1997,4.2833996
2687,3160,4.2606
5799,2762,4.231052
5799,589,3.874261
5799,3005,3.4760723
5799,2881,3.194161
5799,2628,3.144941
365,593,4.418166
365,1393,3.8549504
365,1777,3.7083983
365,1597,3.4551272
365,603,3.4094222
365,2316,3.3180673
2434,110,4.3488655
5564,2076,3.25976
5564,3033,2.8821304
1914,3481,3.7172544
1914,2616,2.163582
5863,2762,4.4203005
5863,2996,3.4752061
3862,110,4.1864853
1336,608,4.2902975
3455,910,4.565827
3455,2282,3.7470565
565,2253,1.9634199
14,2731,3.856494
14,3033,2.47211
2128,3720,3.8922358
4925,2937,5.148705
4925,2289,4.7888966
4925,3516,4.518091
4925,39,4.349492
4074,1680,4.018551
4074,231,3.5833664
3179,1673,3.2332106
1295,2028,4.250477
1295,541,4.2176833
1295,3578,4.085333
5152,2522,1.0781488
5243,260,4.1730785
5243,1198,4.1180897
1003,1230,4.075617
2961,3936,3.8002799
2961,2082,3.0432997
3298,2706,4.657028
3298,2690,4.643876
5028,899,4.145248
2713,750,3.7857218
5467,1304,4.1352396
3127,926,4.6324368
3127,2920,4.454085
3127,222,3.875668
1014,2947,3.5507157
1014,3175,3.479556
4822,2973,3.6831863
2773,1136,4.4491453
2773,1103,4.0568027
2773,3578,3.7662287
3160,1240,4.071334
1310,2243,3.660889
1310,144,3.3028295
1653,2707,3.7114372
1575,2173,3.4397335
2224,1196,4.4273705
2224,1214,4.2859592
2224,1274,4.0673018
2224,3751,3.9854963
77,2702,2.722749
77,3004,1.5242004
21,2701,1.2895079
4178,3260,3.7678447
1157,141,3.9928827
1157,2291,3.8525262
799,3555,3.728937
799,3513,3.4834547
799,343,1.8915833
4646,2889,2.9492126
4646,2153,1.3136593
5873,2194,4.164203
5873,589,4.149431
1520,1249,4.1974726
1520,3594,3.6163514
1371,3893,3.988711
1174,3538,3.1874123
1518,2633,4.115403
3366,3755,3.3700194
3553,2058,4.0972805
3553,208,3.5402489
3553,1377,3.5369954
2325,2394,3.1833448
3008,2699,3.3538942
3877,1189,4.6029043
3068,480,3.0870824
1070,3481,3.836174
1967,480,3.6500788
2366,3107,3.3787532
2292,303,2.0329888
2347,11,3.6262178
3225,1136,3.9491765
3225,549,3.1106353
4100,3638,3.9255958
4776,2302,4.5001035
4642,3147,3.8945873
2920,1965,3.1694846
2582,2463,3.5700955
3986,333,3.7832906
3986,785,3.5741088
2314,2997,3.8988743
2314,2908,3.759749
1582,1387,3.9828858
4228,1036,3.7136388
269,2722,2.9546065
3176,356,3.8382642
317,1962,3.4296358
253,34,4.0223756
253,2369,3.1323197
383,3798,3.1983628
3236,1210,3.1703374
3236,1278,3.0731742
3236,480,2.8587918
5069,1184,4.468647
2524,1610,3.369686
2524,3451,3.2100186
5968,2947,4.3153443
5968,3317,4.2384753
5316,2987,3.8801582
3165,608,4.0750265
5154,3147,4.544022
5154,2034,3.4917462
775,3753,4.0758076
3373,3185,3.1223397
5817,3101,4.33332
5817,1620,4.029739
5817,2975,3.892401
2048,2455,3.9205072
2048,3190,3.2862282
4665,3114,4.4639297
5439,3789,4.2558894
1429,1198,4.1093903
1429,3510,3.2324662
5315,904,4.7376785
5315,3435,4.6705604
2019,2881,2.5505915
1657,1073,3.9548922
4189,1252,4.744725
4189,1617,4.6160192
650,3300,3.6399133
978,1199,4.352293
5207,2065,3.719481
3530,3617,3.6369743
1007,2378,3.7422154
1452,3897,4.580684
3787,1296,4.2299147
3133,3146,2.9853866
5521,1265,4.1907864
250,3286,2.8219633
3548,3618,2.737265
1234,3435,4.6410313
938,1210,4.196226
